BaseModelTime,Instance,RunId,SavileRowClauseOut,SavileRowTimeOut,SavileRowTotalTime,Seed,SolverFileHash,SolverNodes,SolverSatisfiable,SolverTimeOut,SolverSolveTime,Streamliner,backjumps,baseMem,boolVariables,failures,initTime,intVars,nogoods,objective,peakDepth,peakMem,propagations,propagators,randomSeed,restarts,solveTime,time,trailMem,variables,SavileRowMemOut
300.0,f019c54ca541e1449e1424c6aa46d35e.param,0.0,0.0,0.0,4.627,95956545.0,2a4b83d8007169056c374614f8815d66,630970.0,1.0,0.0,16.236,Original,510001.0,0.0,108629.0,15218.0,0.381,387.0,15218.0,-1.0,10219.0,0.0,1503229.0,1155.0,95956545.0,56.0,15.7,16.081,0.28,109018.0,False
300.0,f019c54ca541e1449e1424c6aa46d35e.param,1.0,0.0,0.0,4.915,95956545.0,2a4b83d8007169056c374614f8815d66,630970.0,1.0,0.0,14.997,Original,510001.0,0.0,108629.0,15218.0,0.361,387.0,15218.0,-1.0,10219.0,0.0,1503229.0,1155.0,95956545.0,56.0,14.535,14.895999999999999,0.28,109018.0,False
300.0,f019c54ca541e1449e1424c6aa46d35e.param,2.0,0.0,0.0,4.798,95956545.0,2a4b83d8007169056c374614f8815d66,630970.0,1.0,0.0,15.614,Original,510001.0,0.0,108629.0,15218.0,0.389,387.0,15218.0,-1.0,10219.0,0.0,1503229.0,1155.0,95956545.0,56.0,15.104000000000001,15.493,0.28,109018.0,False
300.0,94211d2a9b412d1df1f93eb8fa322afa.param,0.0,0.0,0.0,12.843,270657042.0,6ef6714a2da628a19e246843d00ccfe6,859502.0,1.0,0.0,27.159000000000002,Original,554933.0,0.0,281345.0,15802.0,1.068,1092.0,15802.0,-1.0,20106.0,0.0,1102064.0,4062.0,270657042.0,60.0,25.845,26.913,0.63,282439.0,False
300.0,94211d2a9b412d1df1f93eb8fa322afa.param,1.0,0.0,0.0,11.112,270657042.0,6ef6714a2da628a19e246843d00ccfe6,859502.0,1.0,0.0,26.33,Original,554933.0,0.0,281345.0,15802.0,0.96,1092.0,15802.0,-1.0,20106.0,0.0,1102064.0,4062.0,270657042.0,60.0,25.199,26.159000000000002,0.63,282439.0,False
300.0,94211d2a9b412d1df1f93eb8fa322afa.param,2.0,0.0,0.0,10.985,270657042.0,6ef6714a2da628a19e246843d00ccfe6,859502.0,1.0,0.0,26.455,Original,554933.0,0.0,281345.0,15802.0,1.031,1092.0,15802.0,-1.0,20106.0,0.0,1102064.0,4062.0,270657042.0,60.0,25.244,26.275,0.63,282439.0,False
300.0,b7c1926b06d5191f5f23b3654f7eea8a.param,0.0,0.0,0.0,25.881999999999998,1883039101.0,2b48ed6964084e3d3b9cfdb5946ad793,348585.0,1.0,0.0,13.161,Original,216684.0,0.0,676525.0,9600.0,2.398,3528.0,9600.0,-1.0,14970.0,0.0,582976.0,13752.0,1883039101.0,32.0,10.383,12.780999999999999,0.42,680055.0,False
300.0,b7c1926b06d5191f5f23b3654f7eea8a.param,1.0,0.0,0.0,25.504,1883039101.0,2b48ed6964084e3d3b9cfdb5946ad793,348585.0,1.0,0.0,13.374,Original,216684.0,0.0,676525.0,9600.0,2.44,3528.0,9600.0,-1.0,14970.0,0.0,582976.0,13752.0,1883039101.0,32.0,10.475999999999999,12.915999999999999,0.42,680055.0,False
300.0,b7c1926b06d5191f5f23b3654f7eea8a.param,2.0,0.0,0.0,23.846999999999998,1883039101.0,2b48ed6964084e3d3b9cfdb5946ad793,348585.0,1.0,0.0,13.179,Original,216684.0,0.0,676525.0,9600.0,2.333,3528.0,9600.0,-1.0,14970.0,0.0,582976.0,13752.0,1883039101.0,32.0,10.475999999999999,12.809000000000001,0.42,680055.0,False
300.0,8b3ad6188dc92a4335827c8e01628c0f.param,0.0,0.0,0.0,27.682,182366586.0,3d1148c55dbfb8053885dd14f5c6e79a,421505.0,1.0,0.0,15.386,Original,276441.0,0.0,756359.0,11269.0,2.783,3504.0,11269.0,-1.0,14705.0,0.0,749340.0,13656.0,182366586.0,40.0,12.152999999999999,14.936,0.42,759865.0,False
300.0,8b3ad6188dc92a4335827c8e01628c0f.param,1.0,0.0,0.0,27.19,182366586.0,3d1148c55dbfb8053885dd14f5c6e79a,421505.0,1.0,0.0,15.790999999999999,Original,276441.0,0.0,756359.0,11269.0,2.8339999999999996,3504.0,11269.0,-1.0,14705.0,0.0,749340.0,13656.0,182366586.0,40.0,12.379000000000001,15.213,0.42,759865.0,False
300.0,8b3ad6188dc92a4335827c8e01628c0f.param,2.0,0.0,0.0,27.962,182366586.0,3d1148c55dbfb8053885dd14f5c6e79a,421505.0,1.0,0.0,15.344000000000001,Original,276441.0,0.0,756359.0,11269.0,2.752,3504.0,11269.0,-1.0,14705.0,0.0,749340.0,13656.0,182366586.0,40.0,12.149000000000001,14.901,0.42,759865.0,False
300.0,d52ad8a9dee13cb147c0b0d6d29d8a1a.param,0.0,0.0,0.0,13.77,1257636424.0,55ec5c5b5c35ee6536d537f1777e172b,1692153.0,1.0,0.0,31.081,Original,1512920.0,0.0,326777.0,13618.0,1.215,1284.0,13618.0,-1.0,17383.0,0.0,1292842.0,4782.0,1257636424.0,48.0,29.658,30.873,0.42,328063.0,False
300.0,d52ad8a9dee13cb147c0b0d6d29d8a1a.param,1.0,0.0,0.0,13.452,1257636424.0,55ec5c5b5c35ee6536d537f1777e172b,1692153.0,1.0,0.0,30.904,Original,1512920.0,0.0,326777.0,13618.0,1.125,1284.0,13618.0,-1.0,17383.0,0.0,1292842.0,4782.0,1257636424.0,48.0,29.513,30.638,0.42,328063.0,False
300.0,d52ad8a9dee13cb147c0b0d6d29d8a1a.param,2.0,0.0,0.0,11.874,1257636424.0,55ec5c5b5c35ee6536d537f1777e172b,1692153.0,1.0,0.0,31.021,Original,1512920.0,0.0,326777.0,13618.0,1.122,1284.0,13618.0,-1.0,17383.0,0.0,1292842.0,4782.0,1257636424.0,48.0,29.634,30.756,0.42,328063.0,False
300.0,f77193d98d97a8df35aba3d3d50b907e.param,0.0,0.0,0.0,27.25800000000001,646920589.0,51ebdd1e7d24762d678efb0b98de9f65,481157.0,1.0,0.0,28.204,Original,240487.0,0.0,763017.0,13754.0,2.675,3182.0,13754.0,-1.0,19362.0,0.0,881372.0,12362.0,646920589.0,49.0,24.951999999999998,27.627,0.42,766201.0,False
300.0,f77193d98d97a8df35aba3d3d50b907e.param,1.0,0.0,0.0,27.608,646920589.0,51ebdd1e7d24762d678efb0b98de9f65,481157.0,1.0,0.0,28.218000000000004,Original,240487.0,0.0,763017.0,13754.0,2.944,3182.0,13754.0,-1.0,19362.0,0.0,881372.0,12362.0,646920589.0,49.0,24.735,27.679000000000002,0.42,766201.0,False
300.0,f77193d98d97a8df35aba3d3d50b907e.param,2.0,0.0,0.0,25.561,646920589.0,51ebdd1e7d24762d678efb0b98de9f65,481157.0,1.0,0.0,28.136,Original,240487.0,0.0,763017.0,13754.0,2.702,3182.0,13754.0,-1.0,19362.0,0.0,881372.0,12362.0,646920589.0,49.0,24.86,27.561999999999998,0.42,766201.0,False
300.0,fece5a92f820b73659733b9639b82885.param,0.0,0.0,0.0,16.04,1242281828.0,bab452761fb7262898e0da02f7872f29,5571322.0,1.0,0.0,50.894,Original,5190081.0,0.0,377211.0,15953.0,1.311,1370.0,15953.0,-1.0,35865.0,0.0,3372267.0,5042.0,1242281828.0,61.0,49.273999999999994,50.585,0.94,378583.0,False
300.0,fece5a92f820b73659733b9639b82885.param,1.0,0.0,0.0,14.897,1242281828.0,bab452761fb7262898e0da02f7872f29,5571322.0,1.0,0.0,49.727,Original,5190081.0,0.0,377211.0,15953.0,1.357,1370.0,15953.0,-1.0,35865.0,0.0,3372267.0,5042.0,1242281828.0,61.0,48.131,49.488,0.94,378583.0,False
300.0,fece5a92f820b73659733b9639b82885.param,2.0,0.0,0.0,14.475999999999999,1242281828.0,bab452761fb7262898e0da02f7872f29,5571322.0,1.0,0.0,50.00899999999999,Original,5190081.0,0.0,377211.0,15953.0,1.375,1370.0,15953.0,-1.0,35865.0,0.0,3372267.0,5042.0,1242281828.0,61.0,48.315,49.69,0.94,378583.0,False
300.0,5fef6050cdd12ec4963b342a00b8769f.param,0.0,0.0,0.0,41.761,335975281.0,e74682885c7f71e27fc2ddf40e3ea495,1247715.0,1.0,0.0,32.715,Original,893395.0,0.0,1207279.0,15884.0,4.428999999999999,4628.0,15884.0,-1.0,25337.0,0.0,1439899.0,18092.0,335975281.0,60.0,27.601,32.03,0.63,1211909.0,False
300.0,5fef6050cdd12ec4963b342a00b8769f.param,1.0,0.0,0.0,44.347,335975281.0,e74682885c7f71e27fc2ddf40e3ea495,1247715.0,1.0,0.0,33.037,Original,893395.0,0.0,1207279.0,15884.0,4.372,4628.0,15884.0,-1.0,25337.0,0.0,1439899.0,18092.0,335975281.0,60.0,27.784000000000002,32.156,0.63,1211909.0,False
300.0,5fef6050cdd12ec4963b342a00b8769f.param,2.0,0.0,0.0,43.577,335975281.0,e74682885c7f71e27fc2ddf40e3ea495,1247715.0,1.0,0.0,32.457,Original,893395.0,0.0,1207279.0,15884.0,4.399,4628.0,15884.0,-1.0,25337.0,0.0,1439899.0,18092.0,335975281.0,60.0,27.291,31.69,0.63,1211909.0,False
300.0,a2bb37bd1970b7fe11a8b59cb1f3a6f3.param,0.0,0.0,0.0,31.5,1139903203.0,fdfc13bc43d2efdca6bf6816c577353e,1041875.0,1.0,0.0,51.69600000000001,Original,597016.0,0.0,852099.0,24188.0,2.991,2900.0,24188.0,-1.0,25468.0,0.0,1465489.0,11216.0,1139903203.0,73.0,48.18899999999999,51.18,0.63,855001.0,False
300.0,a2bb37bd1970b7fe11a8b59cb1f3a6f3.param,1.0,0.0,0.0,30.728,1139903203.0,fdfc13bc43d2efdca6bf6816c577353e,1041875.0,1.0,0.0,51.966,Original,597016.0,0.0,852099.0,24188.0,3.0380000000000003,2900.0,24188.0,-1.0,25468.0,0.0,1465489.0,11216.0,1139903203.0,73.0,48.413999999999994,51.452,0.63,855001.0,False
300.0,a2bb37bd1970b7fe11a8b59cb1f3a6f3.param,2.0,0.0,0.0,31.335,1139903203.0,fdfc13bc43d2efdca6bf6816c577353e,1041875.0,1.0,0.0,51.312,Original,597016.0,0.0,852099.0,24188.0,3.017,2900.0,24188.0,-1.0,25468.0,0.0,1465489.0,11216.0,1139903203.0,73.0,47.809,50.826,0.63,855001.0,False
300.0,3c59340fb353a585970ae15583e52dc2.param,0.0,0.0,0.0,54.467,1923385776.0,ea79b6d47a051815414750abae8eaab2,467756.0,1.0,0.0,32.376,Original,212626.0,0.0,1506022.0,22487.0,5.4,5580.0,22487.0,-1.0,15461.0,0.0,1091711.0,21867.0,1923385776.0,64.0,26.191,31.590999999999998,0.42,1511604.0,False
300.0,3c59340fb353a585970ae15583e52dc2.param,1.0,0.0,0.0,53.742,1923385776.0,ea79b6d47a051815414750abae8eaab2,467756.0,1.0,0.0,32.907,Original,212626.0,0.0,1506022.0,22487.0,5.482,5580.0,22487.0,-1.0,15461.0,0.0,1091711.0,21867.0,1923385776.0,64.0,26.595,32.077,0.42,1511604.0,False
300.0,3c59340fb353a585970ae15583e52dc2.param,2.0,0.0,0.0,53.481,1923385776.0,ea79b6d47a051815414750abae8eaab2,467756.0,1.0,0.0,32.806999999999995,Original,212626.0,0.0,1506022.0,22487.0,5.5120000000000005,5580.0,22487.0,-1.0,15461.0,0.0,1091711.0,21867.0,1923385776.0,64.0,26.461,31.97300000000001,0.42,1511604.0,False
300.0,f96e501784f98c21890b02a2712e89bd.param,0.0,0.0,0.0,38.98,590654055.0,787a21c5bddf25964e6ed2c26cfe918f,2774687.0,1.0,0.0,39.117,Original,2366130.0,0.0,1134066.0,15364.0,4.032,4400.0,15364.0,-1.0,31606.0,0.0,1948309.0,17171.0,590654055.0,57.0,34.429,38.461,0.63,1138468.0,False
300.0,f96e501784f98c21890b02a2712e89bd.param,1.0,0.0,0.0,39.064,590654055.0,787a21c5bddf25964e6ed2c26cfe918f,2774687.0,1.0,0.0,40.41,Original,2366130.0,0.0,1134066.0,15364.0,4.082,4400.0,15364.0,-1.0,31606.0,0.0,1948309.0,17171.0,590654055.0,57.0,35.491,39.573,0.63,1138468.0,False
300.0,f96e501784f98c21890b02a2712e89bd.param,2.0,0.0,0.0,39.744,590654055.0,787a21c5bddf25964e6ed2c26cfe918f,2774687.0,1.0,0.0,38.641,Original,2366130.0,0.0,1134066.0,15364.0,4.099,4400.0,15364.0,-1.0,31606.0,0.0,1948309.0,17171.0,590654055.0,57.0,33.926,38.025,0.63,1138468.0,False
300.0,f8df5f5150968e8beed02c87bc2ab666.param,0.0,0.0,0.0,49.379,1258716603.0,3a6745f5bea71a041f313bbd8d454a67,657524.0,1.0,0.0,26.191999999999997,Original,372339.0,0.0,1343287.0,15281.0,4.7780000000000005,5270.0,15281.0,-1.0,19891.0,0.0,1007708.0,20642.0,1258716603.0,56.0,20.701999999999998,25.48,0.42,1348559.0,False
300.0,f8df5f5150968e8beed02c87bc2ab666.param,1.0,0.0,0.0,44.972,1258716603.0,3a6745f5bea71a041f313bbd8d454a67,657524.0,1.0,0.0,26.241999999999997,Original,372339.0,0.0,1343287.0,15281.0,4.842,5270.0,15281.0,-1.0,19891.0,0.0,1007708.0,20642.0,1258716603.0,56.0,20.671999999999997,25.514,0.42,1348559.0,False
300.0,f8df5f5150968e8beed02c87bc2ab666.param,2.0,0.0,0.0,45.00100000000001,1258716603.0,3a6745f5bea71a041f313bbd8d454a67,657524.0,1.0,0.0,26.6,Original,372339.0,0.0,1343287.0,15281.0,4.868,5270.0,15281.0,-1.0,19891.0,0.0,1007708.0,20642.0,1258716603.0,56.0,20.884,25.752,0.42,1348559.0,False
300.0,3202e56149cbd27d0de3bdbd879f81e3.param,0.0,0.0,0.0,12.345,83966730.0,84dedd792eb4b160defebd2f0c46692c,484994.0,1.0,0.0,19.316,Original,280043.0,0.0,299253.0,13750.0,1.015,1264.0,13750.0,-1.0,15349.0,0.0,744468.0,4774.0,83966730.0,49.0,18.061,19.076,0.42,300519.0,False
300.0,3202e56149cbd27d0de3bdbd879f81e3.param,1.0,0.0,0.0,11.14,83966730.0,84dedd792eb4b160defebd2f0c46692c,484994.0,1.0,0.0,19.122,Original,280043.0,0.0,299253.0,13750.0,1.005,1264.0,13750.0,-1.0,15349.0,0.0,744468.0,4774.0,83966730.0,49.0,17.889,18.894000000000002,0.42,300519.0,False
300.0,3202e56149cbd27d0de3bdbd879f81e3.param,2.0,0.0,0.0,12.099,83966730.0,84dedd792eb4b160defebd2f0c46692c,484994.0,1.0,0.0,19.152,Original,280043.0,0.0,299253.0,13750.0,1.013,1264.0,13750.0,-1.0,15349.0,0.0,744468.0,4774.0,83966730.0,49.0,17.948,18.961,0.42,300519.0,False
300.0,ebfb38d0b486754d6704faf1ad393db8.param,0.0,0.0,0.0,18.722,1234135464.0,379851d5b51f30d1e18e96c9d1e40157,809632.0,1.0,0.0,35.909,Original,550423.0,0.0,509927.0,22403.0,1.787,1890.0,22403.0,-1.0,15265.0,0.0,1125516.0,7230.0,1234135464.0,64.0,33.828,35.615,0.42,511819.0,False
300.0,ebfb38d0b486754d6704faf1ad393db8.param,1.0,0.0,0.0,17.529,1234135464.0,379851d5b51f30d1e18e96c9d1e40157,809632.0,1.0,0.0,35.797,Original,550423.0,0.0,509927.0,22403.0,1.765,1890.0,22403.0,-1.0,15265.0,0.0,1125516.0,7230.0,1234135464.0,64.0,33.73,35.495,0.42,511819.0,False
300.0,ebfb38d0b486754d6704faf1ad393db8.param,2.0,0.0,0.0,19.215999999999998,1234135464.0,379851d5b51f30d1e18e96c9d1e40157,809632.0,1.0,0.0,35.927,Original,550423.0,0.0,509927.0,22403.0,1.7530000000000001,1890.0,22403.0,-1.0,15265.0,0.0,1125516.0,7230.0,1234135464.0,64.0,33.876999999999995,35.63,0.42,511819.0,False
300.0,b24ff19d000a151b6659a6c65e6c35c6.param,0.0,0.0,0.0,32.016999999999996,590654055.0,e6a61c1c68de1e6d4d4cb23f92ab472f,6750748.0,1.0,0.0,104.691,Original,6105773.0,0.0,878676.0,23180.0,3.1180000000000003,3120.0,23180.0,-1.0,39066.0,0.0,2567540.0,12045.0,590654055.0,69.0,100.93,104.04799999999999,0.94,881798.0,False
300.0,b24ff19d000a151b6659a6c65e6c35c6.param,1.0,0.0,0.0,30.160999999999998,590654055.0,e6a61c1c68de1e6d4d4cb23f92ab472f,6750748.0,1.0,0.0,105.334,Original,6105773.0,0.0,878676.0,23180.0,3.219,3120.0,23180.0,-1.0,39066.0,0.0,2567540.0,12045.0,590654055.0,69.0,101.413,104.632,0.94,881798.0,False
300.0,b24ff19d000a151b6659a6c65e6c35c6.param,2.0,0.0,0.0,30.846,590654055.0,e6a61c1c68de1e6d4d4cb23f92ab472f,6750748.0,1.0,0.0,104.89200000000001,Original,6105773.0,0.0,878676.0,23180.0,3.117,3120.0,23180.0,-1.0,39066.0,0.0,2567540.0,12045.0,590654055.0,69.0,101.244,104.361,0.94,881798.0,False
300.0,411eb8af67a987b6d330a3f7c487347c.param,0.0,0.0,0.0,11.8,1083416308.0,e1b4626818c5fdd6b173c3447f97ea90,844464.0,1.0,0.0,12.921,Original,671163.0,0.0,309003.0,11800.0,1.045,1394.0,11800.0,-1.0,14430.0,0.0,748120.0,5282.0,1083416308.0,44.0,11.692,12.737,0.28,310399.0,False
300.0,411eb8af67a987b6d330a3f7c487347c.param,1.0,0.0,0.0,11.709000000000001,1083416308.0,e1b4626818c5fdd6b173c3447f97ea90,844464.0,1.0,0.0,13.279000000000002,Original,671163.0,0.0,309003.0,11800.0,1.196,1394.0,11800.0,-1.0,14430.0,0.0,748120.0,5282.0,1083416308.0,44.0,11.884,13.08,0.28,310399.0,False
300.0,411eb8af67a987b6d330a3f7c487347c.param,2.0,0.0,0.0,11.4,1083416308.0,e1b4626818c5fdd6b173c3447f97ea90,844464.0,1.0,0.0,12.844000000000001,Original,671163.0,0.0,309003.0,11800.0,1.047,1394.0,11800.0,-1.0,14430.0,0.0,748120.0,5282.0,1083416308.0,44.0,11.612,12.659,0.28,310399.0,False
300.0,964d1ae550e8b1567ec8e3803e14c5da.param,0.0,0.0,0.0,28.315,693280077.0,1d64db22412df86f82a29ae8088975f6,1502711.0,1.0,0.0,25.447,Original,1313984.0,0.0,816461.0,9724.0,2.885,4134.0,9724.0,-1.0,21650.0,0.0,923019.0,16104.0,693280077.0,33.0,22.09800000000001,24.983,0.63,820597.0,False
300.0,964d1ae550e8b1567ec8e3803e14c5da.param,1.0,0.0,0.0,28.555,693280077.0,1d64db22412df86f82a29ae8088975f6,1502711.0,1.0,0.0,25.105999999999998,Original,1313984.0,0.0,816461.0,9724.0,2.846,4134.0,9724.0,-1.0,21650.0,0.0,923019.0,16104.0,693280077.0,33.0,21.81,24.656,0.63,820597.0,False
300.0,964d1ae550e8b1567ec8e3803e14c5da.param,2.0,0.0,0.0,28.86,693280077.0,1d64db22412df86f82a29ae8088975f6,1502711.0,1.0,0.0,25.791999999999998,Original,1313984.0,0.0,816461.0,9724.0,2.944,4134.0,9724.0,-1.0,21650.0,0.0,923019.0,16104.0,693280077.0,33.0,22.377,25.320999999999998,0.63,820597.0,False
300.0,a41351309b1ab4b5310538c23b8dec0e.param,0.0,0.0,0.0,52.32899999999999,1234135464.0,411f8e7efc86131689d6b96f8dfd8a23,3925347.0,1.0,0.0,96.04299999999999,Original,3327007.0,0.0,1469045.0,22575.0,5.297999999999999,5328.0,22575.0,-1.0,41985.0,0.0,2527342.0,20838.0,1234135464.0,65.0,89.65799999999999,94.956,0.94,1474375.0,False
300.0,a41351309b1ab4b5310538c23b8dec0e.param,1.0,0.0,0.0,48.434,1234135464.0,411f8e7efc86131689d6b96f8dfd8a23,3925347.0,1.0,0.0,95.835,Original,3327007.0,0.0,1469045.0,22575.0,5.324,5328.0,22575.0,-1.0,41985.0,0.0,2527342.0,20838.0,1234135464.0,65.0,89.397,94.721,0.94,1474375.0,False
300.0,a41351309b1ab4b5310538c23b8dec0e.param,2.0,0.0,0.0,48.528,1234135464.0,411f8e7efc86131689d6b96f8dfd8a23,3925347.0,1.0,0.0,94.145,Original,3327007.0,0.0,1469045.0,22575.0,5.337999999999999,5328.0,22575.0,-1.0,41985.0,0.0,2527342.0,20838.0,1234135464.0,65.0,87.993,93.331,0.94,1474375.0,False
300.0,f48c0154c055dd2d9e427d94e5cc96fd.param,0.0,0.0,0.0,40.958,1098776393.0,86e6ef39e49856112b97c8dcb78f0c6d,1514116.0,1.0,0.0,61.823,Original,1012265.0,0.0,1205023.0,24602.0,4.412,4059.0,24602.0,-1.0,26962.0,0.0,1631117.0,15819.0,1098776393.0,76.0,56.545,60.957,0.63,1209084.0,False
300.0,f48c0154c055dd2d9e427d94e5cc96fd.param,1.0,0.0,0.0,40.579,1098776393.0,86e6ef39e49856112b97c8dcb78f0c6d,1514116.0,1.0,0.0,60.333,Original,1012265.0,0.0,1205023.0,24602.0,4.2780000000000005,4059.0,24602.0,-1.0,26962.0,0.0,1631117.0,15819.0,1098776393.0,76.0,55.383,59.661,0.63,1209084.0,False
300.0,f48c0154c055dd2d9e427d94e5cc96fd.param,2.0,0.0,0.0,42.214,1098776393.0,86e6ef39e49856112b97c8dcb78f0c6d,1514116.0,1.0,0.0,61.317,Original,1012265.0,0.0,1205023.0,24602.0,4.337,4059.0,24602.0,-1.0,26962.0,0.0,1631117.0,15819.0,1098776393.0,76.0,56.167,60.504,0.63,1209084.0,False
300.0,3df40218b019eea866b53a1349c0d0e2.param,0.0,0.0,0.0,16.259,1145031130.0,808fe71d40dcdab815f4ee61c8e91df1,994826.0,1.0,0.0,83.359,Original,714875.0,0.0,23501.0,219523.0,0.19899999999999998,222.0,219523.0,-1.0,1141.0,0.0,3485183.0,762.0,1145031130.0,510.0,83.075,83.274,0.02,23725.0,False
300.0,3df40218b019eea866b53a1349c0d0e2.param,1.0,0.0,0.0,15.595,1145031130.0,808fe71d40dcdab815f4ee61c8e91df1,994826.0,1.0,0.0,83.641,Original,714875.0,0.0,23501.0,219523.0,0.198,222.0,219523.0,-1.0,1141.0,0.0,3485183.0,762.0,1145031130.0,510.0,83.34100000000002,83.539,0.02,23725.0,False
300.0,3df40218b019eea866b53a1349c0d0e2.param,2.0,0.0,0.0,16.5,1145031130.0,808fe71d40dcdab815f4ee61c8e91df1,994826.0,1.0,0.0,83.221,Original,714875.0,0.0,23501.0,219523.0,0.198,222.0,219523.0,-1.0,1141.0,0.0,3485183.0,762.0,1145031130.0,510.0,82.932,83.13,0.02,23725.0,False
300.0,813211425de754d47420bda81be7c3af.param,0.0,0.0,0.0,23.785,2028359165.0,392538a70a560bd8a6b65cfd0df05d37,498091.0,1.0,0.0,16.471,Original,278364.0,0.0,613839.0,13752.0,2.15,2592.0,13752.0,-1.0,17344.0,0.0,758399.0,10032.0,2028359165.0,49.0,13.97,16.12,0.42,616433.0,False
300.0,813211425de754d47420bda81be7c3af.param,1.0,0.0,0.0,23.052,2028359165.0,392538a70a560bd8a6b65cfd0df05d37,498091.0,1.0,0.0,16.435,Original,278364.0,0.0,613839.0,13752.0,2.137,2592.0,13752.0,-1.0,17344.0,0.0,758399.0,10032.0,2028359165.0,49.0,13.94,16.077,0.42,616433.0,False
300.0,813211425de754d47420bda81be7c3af.param,2.0,0.0,0.0,23.109,2028359165.0,392538a70a560bd8a6b65cfd0df05d37,498091.0,1.0,0.0,16.619,Original,278364.0,0.0,613839.0,13752.0,2.14,2592.0,13752.0,-1.0,17344.0,0.0,758399.0,10032.0,2028359165.0,49.0,14.033,16.173,0.42,616433.0,False
300.0,0faee3ca8e450721dd5b73cb48656439.param,0.0,0.0,0.0,91.616,221638566.0,c68e6646a24969bda617d498923f011e,3920949.0,1.0,0.0,94.911,Original,3178456.0,0.0,2441346.0,23089.0,9.027000000000001,8760.0,23089.0,-1.0,43938.0,0.0,2843350.0,34464.0,221638566.0,68.0,84.057,93.084,0.94,2450108.0,False
300.0,0faee3ca8e450721dd5b73cb48656439.param,1.0,0.0,0.0,89.389,221638566.0,c68e6646a24969bda617d498923f011e,3920949.0,1.0,0.0,92.464,Original,3178456.0,0.0,2441346.0,23089.0,8.883,8760.0,23089.0,-1.0,43938.0,0.0,2843350.0,34464.0,221638566.0,68.0,82.303,91.186,0.94,2450108.0,False
300.0,0faee3ca8e450721dd5b73cb48656439.param,2.0,0.0,0.0,89.29899999999998,221638566.0,c68e6646a24969bda617d498923f011e,3920949.0,1.0,0.0,93.43299999999999,Original,3178456.0,0.0,2441346.0,23089.0,8.964,8760.0,23089.0,-1.0,43938.0,0.0,2843350.0,34464.0,221638566.0,68.0,83.12100000000002,92.085,0.94,2450108.0,False
300.0,a1d4e09d3abf0a4eca987babbe1df4ca.param,0.0,0.0,0.0,4.072,1571287961.0,6c6ae8406d36ac68d449dbd6ae308d3f,628145.0,1.0,0.0,12.952,Original,479648.0,0.0,99983.0,16077.0,0.337,345.0,16077.0,-1.0,10632.0,0.0,1350573.0,1029.0,1571287961.0,62.0,12.512,12.849,0.28,100330.0,False
300.0,a1d4e09d3abf0a4eca987babbe1df4ca.param,1.0,0.0,0.0,4.164,1571287961.0,6c6ae8406d36ac68d449dbd6ae308d3f,628145.0,1.0,0.0,13.125,Original,479648.0,0.0,99983.0,16077.0,0.332,345.0,16077.0,-1.0,10632.0,0.0,1350573.0,1029.0,1571287961.0,62.0,12.696,13.027999999999999,0.28,100330.0,False
300.0,a1d4e09d3abf0a4eca987babbe1df4ca.param,2.0,0.0,0.0,4.061,1571287961.0,6c6ae8406d36ac68d449dbd6ae308d3f,628145.0,1.0,0.0,13.181,Original,479648.0,0.0,99983.0,16077.0,0.33799999999999997,345.0,16077.0,-1.0,10632.0,0.0,1350573.0,1029.0,1571287961.0,62.0,12.753,13.091,0.28,100330.0,False
300.0,9847d0c027bbaccb1847a48fd98a95ac.param,0.0,0.0,0.0,18.659000000000002,1405409883.0,eb2d9c60872daeb39f9375dfdc55c52d,2223151.0,1.0,0.0,64.212,Original,1811899.0,0.0,506687.0,23002.0,1.837,1818.0,23002.0,-1.0,24478.0,0.0,1565856.0,6918.0,1405409883.0,68.0,61.986999999999995,63.824,0.63,508507.0,False
300.0,9847d0c027bbaccb1847a48fd98a95ac.param,1.0,0.0,0.0,18.532,1405409883.0,eb2d9c60872daeb39f9375dfdc55c52d,2223151.0,1.0,0.0,64.027,Original,1811899.0,0.0,506687.0,23002.0,1.765,1818.0,23002.0,-1.0,24478.0,0.0,1565856.0,6918.0,1405409883.0,68.0,61.86,63.625,0.63,508507.0,False
300.0,9847d0c027bbaccb1847a48fd98a95ac.param,2.0,0.0,0.0,18.61,1405409883.0,eb2d9c60872daeb39f9375dfdc55c52d,2223151.0,1.0,0.0,64.699,Original,1811899.0,0.0,506687.0,23002.0,1.768,1818.0,23002.0,-1.0,24478.0,0.0,1565856.0,6918.0,1405409883.0,68.0,62.537,64.305,0.63,508507.0,False
300.0,573a8627b23c29141b9965518a1ea628.param,0.0,0.0,0.0,67.994,1057470620.0,db6b71ffdfcdba606e54620b5f466cb8,3509428.0,1.0,0.0,125.34700000000001,Original,2760244.0,0.0,1757189.0,22576.0,6.392,6375.0,22576.0,-1.0,40228.0,0.0,2087828.0,24975.0,1057470620.0,65.0,117.686,124.07799999999999,0.94,1763566.0,False
300.0,573a8627b23c29141b9965518a1ea628.param,1.0,0.0,0.0,61.041000000000004,1057470620.0,db6b71ffdfcdba606e54620b5f466cb8,3509428.0,1.0,0.0,124.37299999999999,Original,2760244.0,0.0,1757189.0,22576.0,6.388,6375.0,22576.0,-1.0,40228.0,0.0,2087828.0,24975.0,1057470620.0,65.0,116.75,123.13799999999999,0.94,1763566.0,False
300.0,573a8627b23c29141b9965518a1ea628.param,2.0,0.0,0.0,61.716,1057470620.0,db6b71ffdfcdba606e54620b5f466cb8,3509428.0,1.0,0.0,125.26899999999999,Original,2760244.0,0.0,1757189.0,22576.0,6.441,6375.0,22576.0,-1.0,40228.0,0.0,2087828.0,24975.0,1057470620.0,65.0,117.51700000000001,123.958,0.94,1763566.0,False
300.0,9038037b7d7e09779716658ee51f043a.param,0.0,0.0,0.0,29.695999999999998,1470727592.0,7181bd85b96d01e96f366ab93802db8e,228771.0,1.0,0.0,12.030999999999999,Original,100105.0,0.0,838454.0,10395.0,2.929,3996.0,10395.0,-1.0,12915.0,0.0,542212.0,15603.0,1470727592.0,37.0,8.63,11.559000000000001,0.28,842452.0,False
300.0,9038037b7d7e09779716658ee51f043a.param,1.0,0.0,0.0,30.119,1470727592.0,7181bd85b96d01e96f366ab93802db8e,228771.0,1.0,0.0,12.055,Original,100105.0,0.0,838454.0,10395.0,2.9330000000000003,3996.0,10395.0,-1.0,12915.0,0.0,542212.0,15603.0,1470727592.0,37.0,8.657,11.59,0.28,842452.0,False
300.0,9038037b7d7e09779716658ee51f043a.param,2.0,0.0,0.0,29.905,1470727592.0,7181bd85b96d01e96f366ab93802db8e,228771.0,1.0,0.0,12.294,Original,100105.0,0.0,838454.0,10395.0,2.971,3996.0,10395.0,-1.0,12915.0,0.0,542212.0,15603.0,1470727592.0,37.0,8.826,11.797,0.28,842452.0,False
300.0,2389afb57cc1c7542bfddc76320706af.param,0.0,0.0,0.0,30.971999999999998,1405409883.0,2d3dd7d102fd355915b1f04e86b7ec01,425511.0,1.0,0.0,15.595,Original,307993.0,0.0,876840.0,9786.0,3.1260000000000003,4368.0,9786.0,-1.0,14306.0,0.0,817876.0,17073.0,1405409883.0,33.0,11.83,14.956,0.42,881210.0,False
300.0,2389afb57cc1c7542bfddc76320706af.param,1.0,0.0,0.0,30.988000000000003,1405409883.0,2d3dd7d102fd355915b1f04e86b7ec01,425511.0,1.0,0.0,15.422,Original,307993.0,0.0,876840.0,9786.0,3.109,4368.0,9786.0,-1.0,14306.0,0.0,817876.0,17073.0,1405409883.0,33.0,11.832,14.940999999999999,0.42,881210.0,False
300.0,2389afb57cc1c7542bfddc76320706af.param,2.0,0.0,0.0,31.406,1405409883.0,2d3dd7d102fd355915b1f04e86b7ec01,425511.0,1.0,0.0,15.907,Original,307993.0,0.0,876840.0,9786.0,3.197,4368.0,9786.0,-1.0,14306.0,0.0,817876.0,17073.0,1405409883.0,33.0,12.044,15.241,0.42,881210.0,False
300.0,ff29c8f9c07b239fedaec27dbf4ce49d.param,0.0,0.0,0.0,24.715,34754393.0,6c1f2d207f008a0ca90474c892e90e29,6683072.0,1.0,0.0,126.21700000000001,Original,5982475.0,0.0,689958.0,22488.0,2.491,2560.0,22488.0,-1.0,37035.0,0.0,2374037.0,9799.0,34754393.0,64.0,123.274,125.765,0.94,692520.0,False
300.0,ff29c8f9c07b239fedaec27dbf4ce49d.param,1.0,0.0,0.0,24.3,34754393.0,6c1f2d207f008a0ca90474c892e90e29,6683072.0,1.0,0.0,126.99600000000001,Original,5982475.0,0.0,689958.0,22488.0,2.447,2560.0,22488.0,-1.0,37035.0,0.0,2374037.0,9799.0,34754393.0,64.0,124.01799999999999,126.465,0.94,692520.0,False
300.0,ff29c8f9c07b239fedaec27dbf4ce49d.param,2.0,0.0,0.0,24.557,34754393.0,6c1f2d207f008a0ca90474c892e90e29,6683072.0,1.0,0.0,128.135,Original,5982475.0,0.0,689958.0,22488.0,2.423,2560.0,22488.0,-1.0,37035.0,0.0,2374037.0,9799.0,34754393.0,64.0,125.165,127.588,0.94,692520.0,False
300.0,1ec21c7d8e15d35901cd608efade836b.param,0.0,0.0,0.0,7.5429999999999975,1802391418.0,cb84903c2c6fa80b2090b97521a6c103,384552.0,1.0,0.0,12.958,Original,299542.0,0.0,181279.0,10286.0,0.611,658.0,10286.0,-1.0,11011.0,0.0,833076.0,2332.0,1802391418.0,36.0,12.214,12.825,0.28,181939.0,False
300.0,1ec21c7d8e15d35901cd608efade836b.param,1.0,0.0,0.0,7.068,1802391418.0,cb84903c2c6fa80b2090b97521a6c103,384552.0,1.0,0.0,12.671,Original,299542.0,0.0,181279.0,10286.0,0.6,658.0,10286.0,-1.0,11011.0,0.0,833076.0,2332.0,1802391418.0,36.0,11.947000000000001,12.547,0.28,181939.0,False
300.0,1ec21c7d8e15d35901cd608efade836b.param,2.0,0.0,0.0,7.181,1802391418.0,cb84903c2c6fa80b2090b97521a6c103,384552.0,1.0,0.0,12.649000000000001,Original,299542.0,0.0,181279.0,10286.0,0.603,658.0,10286.0,-1.0,11011.0,0.0,833076.0,2332.0,1802391418.0,36.0,11.924000000000001,12.527000000000001,0.28,181939.0,False
300.0,82716a7451af0bb025940cb2be8712d2.param,0.0,0.0,0.0,11.277000000000001,1802391418.0,d1007df7415eb15469376fbde0019dd2,911865.0,1.0,0.0,16.535999999999998,Original,716514.0,0.0,299170.0,13678.0,1.058,1280.0,13678.0,-1.0,17449.0,0.0,859989.0,4835.0,1802391418.0,48.0,15.3,16.358,0.42,300452.0,False
300.0,82716a7451af0bb025940cb2be8712d2.param,1.0,0.0,0.0,11.026,1802391418.0,d1007df7415eb15469376fbde0019dd2,911865.0,1.0,0.0,16.685,Original,716514.0,0.0,299170.0,13678.0,1.026,1280.0,13678.0,-1.0,17449.0,0.0,859989.0,4835.0,1802391418.0,48.0,15.464,16.49,0.42,300452.0,False
300.0,82716a7451af0bb025940cb2be8712d2.param,2.0,0.0,0.0,11.914000000000001,1802391418.0,d1007df7415eb15469376fbde0019dd2,911865.0,1.0,0.0,16.354,Original,716514.0,0.0,299170.0,13678.0,1.036,1280.0,13678.0,-1.0,17449.0,0.0,859989.0,4835.0,1802391418.0,48.0,15.129000000000001,16.165,0.42,300452.0,False
300.0,9feb6f2064b86f090bb3887f069a4d0d.param,0.0,0.0,0.0,55.67,1918631718.0,41876cbf83dbd3111ab8b492054e6653,6500089.0,1.0,0.0,163.87,Original,5524746.0,0.0,1556880.0,24696.0,5.751,5248.0,24696.0,-1.0,53331.0,0.0,2734394.0,20488.0,1918631718.0,76.0,157.226,162.977,1.41,1562130.0,False
300.0,9feb6f2064b86f090bb3887f069a4d0d.param,1.0,0.0,0.0,55.28100000000001,1918631718.0,41876cbf83dbd3111ab8b492054e6653,6500089.0,1.0,0.0,164.283,Original,5524746.0,0.0,1556880.0,24696.0,5.6110000000000015,5248.0,24696.0,-1.0,53331.0,0.0,2734394.0,20488.0,1918631718.0,76.0,157.817,163.428,1.41,1562130.0,False
300.0,9feb6f2064b86f090bb3887f069a4d0d.param,2.0,0.0,0.0,52.59,1918631718.0,41876cbf83dbd3111ab8b492054e6653,6500089.0,1.0,0.0,165.855,Original,5524746.0,0.0,1556880.0,24696.0,5.617000000000001,5248.0,24696.0,-1.0,53331.0,0.0,2734394.0,20488.0,1918631718.0,76.0,159.328,164.945,1.41,1562130.0,False
300.0,5c79d1d9a7223b0aa7f24b9abb13ee2f.param,0.0,0.0,0.0,61.153,1923385776.0,76597e1f994747fc5704882ea9aeec64,766861.0,1.0,0.0,26.365,Original,446162.0,0.0,1737263.0,15969.0,6.37,6510.0,15969.0,-1.0,22067.0,0.0,1391199.0,25554.0,1923385776.0,61.0,19.031,25.401,0.63,1743775.0,False
300.0,5c79d1d9a7223b0aa7f24b9abb13ee2f.param,1.0,0.0,0.0,56.592,1923385776.0,76597e1f994747fc5704882ea9aeec64,766861.0,1.0,0.0,26.378,Original,446162.0,0.0,1737263.0,15969.0,6.36,6510.0,15969.0,-1.0,22067.0,0.0,1391199.0,25554.0,1923385776.0,61.0,19.025,25.385,0.63,1743775.0,False
300.0,5c79d1d9a7223b0aa7f24b9abb13ee2f.param,2.0,0.0,0.0,58.066,1923385776.0,76597e1f994747fc5704882ea9aeec64,766861.0,1.0,0.0,26.259,Original,446162.0,0.0,1737263.0,15969.0,6.379,6510.0,15969.0,-1.0,22067.0,0.0,1391199.0,25554.0,1923385776.0,61.0,18.91,25.289,0.63,1743775.0,False
300.0,be934c0585611c7f00126ccfde3651ad.param,0.0,0.0,0.0,52.503,590654055.0,4dfa1b4a175564b9eeb988e4f4e5befd,9802941.0,1.0,0.0,138.041,Original,9025222.0,0.0,1465148.0,23182.0,5.318,5148.0,23182.0,-1.0,47043.0,0.0,4666433.0,20082.0,590654055.0,69.0,131.946,137.264,1.41,1470298.0,False
300.0,be934c0585611c7f00126ccfde3651ad.param,1.0,0.0,0.0,49.3,590654055.0,4dfa1b4a175564b9eeb988e4f4e5befd,9802941.0,1.0,0.0,137.928,Original,9025222.0,0.0,1465148.0,23182.0,5.226,5148.0,23182.0,-1.0,47043.0,0.0,4666433.0,20082.0,590654055.0,69.0,131.654,136.88,1.41,1470298.0,False
300.0,be934c0585611c7f00126ccfde3651ad.param,2.0,0.0,0.0,52.826,590654055.0,4dfa1b4a175564b9eeb988e4f4e5befd,9802941.0,1.0,0.0,139.57399999999998,Original,9025222.0,0.0,1465148.0,23182.0,5.348,5148.0,23182.0,-1.0,47043.0,0.0,4666433.0,20082.0,590654055.0,69.0,133.39600000000002,138.744,1.41,1470298.0,False
300.0,400673ca8ff3edef3535b5791da29758.param,0.0,0.0,0.0,23.59,1139903203.0,31f55fc319f0986cc8044ca0e9c65e05,582408.0,1.0,0.0,21.263,Original,411796.0,0.0,664075.0,11200.0,2.3369999999999997,3078.0,11200.0,-1.0,15224.0,0.0,661308.0,11958.0,1139903203.0,40.0,18.542,20.879,0.42,667155.0,False
300.0,400673ca8ff3edef3535b5791da29758.param,1.0,0.0,0.0,24.528000000000002,1139903203.0,31f55fc319f0986cc8044ca0e9c65e05,582408.0,1.0,0.0,21.108,Original,411796.0,0.0,664075.0,11200.0,2.35,3078.0,11200.0,-1.0,15224.0,0.0,661308.0,11958.0,1139903203.0,40.0,18.383,20.733,0.42,667155.0,False
300.0,400673ca8ff3edef3535b5791da29758.param,2.0,0.0,0.0,25.506,1139903203.0,31f55fc319f0986cc8044ca0e9c65e05,582408.0,1.0,0.0,21.516,Original,411796.0,0.0,664075.0,11200.0,2.377,3078.0,11200.0,-1.0,15224.0,0.0,661308.0,11958.0,1139903203.0,40.0,18.746,21.123,0.42,667155.0,False
300.0,8e69ece5afd42db3ce1e7ed475eaaf08.param,0.0,0.0,0.0,29.445,1979567522.0,d9af4b512286d0e0e5ff7fc1cf00b82e,1490006.0,1.0,0.0,21.000999999999998,Original,1306641.0,0.0,784745.0,10331.0,2.75,3744.0,10331.0,-1.0,18896.0,0.0,1115563.0,14574.0,1979567522.0,37.0,17.796,20.546,0.42,788491.0,False
300.0,8e69ece5afd42db3ce1e7ed475eaaf08.param,1.0,0.0,0.0,26.266,1979567522.0,d9af4b512286d0e0e5ff7fc1cf00b82e,1490006.0,1.0,0.0,20.968000000000004,Original,1306641.0,0.0,784745.0,10331.0,2.812,3744.0,10331.0,-1.0,18896.0,0.0,1115563.0,14574.0,1979567522.0,37.0,17.69,20.502,0.42,788491.0,False
300.0,8e69ece5afd42db3ce1e7ed475eaaf08.param,2.0,0.0,0.0,26.397,1979567522.0,d9af4b512286d0e0e5ff7fc1cf00b82e,1490006.0,1.0,0.0,21.531,Original,1306641.0,0.0,784745.0,10331.0,2.758,3744.0,10331.0,-1.0,18896.0,0.0,1115563.0,14574.0,1979567522.0,37.0,18.324,21.081999999999997,0.42,788491.0,False
300.0,c561707c3f0ff054acd49c4f7f7f9eae.param,0.0,0.0,0.0,62.993,590654055.0,7d24f6df3560090cf8bfb1819f9d489a,4970307.0,1.0,0.0,137.565,Original,4209186.0,0.0,1775357.0,24092.0,6.459,6171.0,24092.0,-1.0,39476.0,0.0,2806199.0,24171.0,590654055.0,72.0,130.17700000000002,136.636,0.94,1781530.0,False
300.0,c561707c3f0ff054acd49c4f7f7f9eae.param,1.0,0.0,0.0,59.191,590654055.0,7d24f6df3560090cf8bfb1819f9d489a,4970307.0,1.0,0.0,138.821,Original,4209186.0,0.0,1775357.0,24092.0,6.468999999999999,6171.0,24092.0,-1.0,39476.0,0.0,2806199.0,24171.0,590654055.0,72.0,131.08700000000002,137.556,0.94,1781530.0,False
300.0,c561707c3f0ff054acd49c4f7f7f9eae.param,2.0,0.0,0.0,63.13,590654055.0,7d24f6df3560090cf8bfb1819f9d489a,4970307.0,1.0,0.0,140.128,Original,4209186.0,0.0,1775357.0,24092.0,6.452000000000001,6171.0,24092.0,-1.0,39476.0,0.0,2806199.0,24171.0,590654055.0,72.0,132.372,138.82399999999998,0.94,1781530.0,False
300.0,589bbf864478462408d49f56b3acebc9.param,0.0,0.0,0.0,41.99800000000001,182366586.0,00958c2ade009c6990053ab5f46f888b,787549.0,1.0,0.0,24.111,Original,465797.0,0.0,1183205.0,15200.0,4.223,4698.0,15200.0,-1.0,23652.0,0.0,1069150.0,18372.0,182366586.0,56.0,19.243,23.465999999999998,0.63,1187905.0,False
300.0,589bbf864478462408d49f56b3acebc9.param,1.0,0.0,0.0,43.61,182366586.0,00958c2ade009c6990053ab5f46f888b,787549.0,1.0,0.0,24.63300000000001,Original,465797.0,0.0,1183205.0,15200.0,4.248,4698.0,15200.0,-1.0,23652.0,0.0,1069150.0,18372.0,182366586.0,56.0,19.486,23.734,0.63,1187905.0,False
300.0,589bbf864478462408d49f56b3acebc9.param,2.0,0.0,0.0,42.051,182366586.0,00958c2ade009c6990053ab5f46f888b,787549.0,1.0,0.0,24.209,Original,465797.0,0.0,1183205.0,15200.0,4.342,4698.0,15200.0,-1.0,23652.0,0.0,1069150.0,18372.0,182366586.0,56.0,19.184,23.526,0.63,1187905.0,False
300.0,9f516f1949bb094c061b924b07b9239e.param,0.0,0.0,0.0,22.245,1234135464.0,427723b2e14ca7db67f3975303f93c13,261805.0,1.0,0.0,12.535,Original,89882.0,0.0,587401.0,14201.0,2.102,2449.0,14201.0,-1.0,12937.0,0.0,763070.0,9469.0,1234135464.0,52.0,10.077,12.179,0.28,589852.0,False
300.0,9f516f1949bb094c061b924b07b9239e.param,1.0,0.0,0.0,21.125999999999998,1234135464.0,427723b2e14ca7db67f3975303f93c13,261805.0,1.0,0.0,12.687000000000001,Original,89882.0,0.0,587401.0,14201.0,2.0869999999999997,2449.0,14201.0,-1.0,12937.0,0.0,763070.0,9469.0,1234135464.0,52.0,10.242,12.329,0.28,589852.0,False
300.0,9f516f1949bb094c061b924b07b9239e.param,2.0,0.0,0.0,20.55,1234135464.0,427723b2e14ca7db67f3975303f93c13,261805.0,1.0,0.0,12.652999999999999,Original,89882.0,0.0,587401.0,14201.0,2.057,2449.0,14201.0,-1.0,12937.0,0.0,763070.0,9469.0,1234135464.0,52.0,10.251,12.308,0.28,589852.0,False
300.0,6074526f967671a9c7cc808bdb4dbadb.param,0.0,0.0,0.0,61.05,1470727592.0,c4307c71ae826a7af85f51795d2783bc,643272.0,1.0,0.0,44.201,Original,297281.0,0.0,1847954.0,24001.0,6.7989999999999995,6486.0,24001.0,-1.0,21195.0,0.0,1607490.0,25458.0,1470727592.0,72.0,36.389,43.188,0.63,1854442.0,False
300.0,6074526f967671a9c7cc808bdb4dbadb.param,1.0,0.0,0.0,65.941,1470727592.0,c4307c71ae826a7af85f51795d2783bc,643272.0,1.0,0.0,44.293,Original,297281.0,0.0,1847954.0,24001.0,6.83,6486.0,24001.0,-1.0,21195.0,0.0,1607490.0,25458.0,1470727592.0,72.0,36.471,43.301,0.63,1854442.0,False
300.0,6074526f967671a9c7cc808bdb4dbadb.param,2.0,0.0,0.0,60.288000000000004,1470727592.0,c4307c71ae826a7af85f51795d2783bc,643272.0,1.0,0.0,44.535,Original,297281.0,0.0,1847954.0,24001.0,6.8370000000000015,6486.0,24001.0,-1.0,21195.0,0.0,1607490.0,25458.0,1470727592.0,72.0,36.681999999999995,43.519,0.63,1854442.0,False
300.0,911e1a0f8b4680f2864fa59b12973cad.param,0.0,0.0,0.0,32.772,1145031130.0,181263f9c76bcd0a65006afeaee5268c,1286890.0,1.0,0.0,34.263000000000005,Original,1071066.0,0.0,933299.0,9786.0,3.352,4658.0,9786.0,-1.0,28219.0,0.0,899508.0,18122.0,1145031130.0,33.0,30.368000000000002,33.72,0.63,937959.0,False
300.0,911e1a0f8b4680f2864fa59b12973cad.param,1.0,0.0,0.0,35.63,1145031130.0,181263f9c76bcd0a65006afeaee5268c,1286890.0,1.0,0.0,34.754,Original,1071066.0,0.0,933299.0,9786.0,3.398,4658.0,9786.0,-1.0,28219.0,0.0,899508.0,18122.0,1145031130.0,33.0,30.631999999999998,34.03,0.63,937959.0,False
300.0,911e1a0f8b4680f2864fa59b12973cad.param,2.0,0.0,0.0,32.454,1145031130.0,181263f9c76bcd0a65006afeaee5268c,1286890.0,1.0,0.0,34.426,Original,1071066.0,0.0,933299.0,9786.0,3.3510000000000004,4658.0,9786.0,-1.0,28219.0,0.0,899508.0,18122.0,1145031130.0,33.0,30.526,33.876999999999995,0.63,937959.0,False
300.0,3631b5ebf342811f42ca903194874739.param,0.0,0.0,0.0,18.069000000000006,254168822.0,b2ba5eb4d49399021c1cb79a7ad19862,663545.0,1.0,0.0,18.163,Original,454090.0,0.0,476374.0,15200.0,1.6540000000000001,1892.0,15200.0,-1.0,17325.0,0.0,938791.0,7247.0,254168822.0,56.0,16.219,17.873,0.42,478268.0,False
300.0,3631b5ebf342811f42ca903194874739.param,1.0,0.0,0.0,17.458,254168822.0,b2ba5eb4d49399021c1cb79a7ad19862,663545.0,1.0,0.0,18.133,Original,454090.0,0.0,476374.0,15200.0,1.722,1892.0,15200.0,-1.0,17325.0,0.0,938791.0,7247.0,254168822.0,56.0,16.125,17.847,0.42,478268.0,False
300.0,3631b5ebf342811f42ca903194874739.param,2.0,0.0,0.0,18.836,254168822.0,b2ba5eb4d49399021c1cb79a7ad19862,663545.0,1.0,0.0,18.387999999999998,Original,454090.0,0.0,476374.0,15200.0,1.703,1892.0,15200.0,-1.0,17325.0,0.0,938791.0,7247.0,254168822.0,56.0,16.288,17.991,0.42,478268.0,False
300.0,a38985b17ca7f54344b29181a8584654.param,0.0,0.0,0.0,32.861999999999995,221638566.0,dca748a39238a75c342e9307c1d966c4,1027527.0,1.0,0.0,15.253,Original,839583.0,0.0,957671.0,6320.0,3.497,5166.0,6320.0,-1.0,24572.0,0.0,687678.0,20166.0,221638566.0,29.0,11.005999999999998,14.503,0.63,962839.0,False
300.0,a38985b17ca7f54344b29181a8584654.param,1.0,0.0,0.0,33.02,221638566.0,dca748a39238a75c342e9307c1d966c4,1027527.0,1.0,0.0,14.857999999999999,Original,839583.0,0.0,957671.0,6320.0,3.4930000000000003,5166.0,6320.0,-1.0,24572.0,0.0,687678.0,20166.0,221638566.0,29.0,10.642000000000001,14.135,0.63,962839.0,False
300.0,a38985b17ca7f54344b29181a8584654.param,2.0,0.0,0.0,36.609,221638566.0,dca748a39238a75c342e9307c1d966c4,1027527.0,1.0,0.0,14.61,Original,839583.0,0.0,957671.0,6320.0,3.617,5166.0,6320.0,-1.0,24572.0,0.0,687678.0,20166.0,221638566.0,29.0,10.417,14.034,0.63,962839.0,False
300.0,a37d28d43d69aa0103e8f6c03a25328d.param,0.0,0.0,0.0,8.923,1057470620.0,269e4759d24e313ad3ea98f6c008f6f1,1541294.0,1.0,0.0,17.325,Original,1356583.0,0.0,212045.0,15216.0,0.716,695.0,15216.0,-1.0,19806.0,0.0,1663677.0,2351.0,1057470620.0,56.0,16.464000000000002,17.18,0.42,212742.0,False
300.0,a37d28d43d69aa0103e8f6c03a25328d.param,1.0,0.0,0.0,8.497,1057470620.0,269e4759d24e313ad3ea98f6c008f6f1,1541294.0,1.0,0.0,17.648,Original,1356583.0,0.0,212045.0,15216.0,0.735,695.0,15216.0,-1.0,19806.0,0.0,1663677.0,2351.0,1057470620.0,56.0,16.748,17.483,0.42,212742.0,False
300.0,a37d28d43d69aa0103e8f6c03a25328d.param,2.0,0.0,0.0,8.816,1057470620.0,269e4759d24e313ad3ea98f6c008f6f1,1541294.0,1.0,0.0,17.552,Original,1356583.0,0.0,212045.0,15216.0,0.735,695.0,15216.0,-1.0,19806.0,0.0,1663677.0,2351.0,1057470620.0,56.0,16.665,17.4,0.42,212742.0,False
300.0,356667c28689cc2615ddddc6ad11e53e.param,0.0,0.0,0.0,64.795,693280077.0,2d9dd80f54eb2dc7d6c18a01ce50ed65,6532438.0,1.0,0.0,89.17200000000004,Original,5830834.0,0.0,1863122.0,15801.0,6.7589999999999995,7150.0,15801.0,-1.0,44061.0,0.0,2983912.0,28048.0,693280077.0,60.0,80.985,87.744,0.94,1870274.0,False
300.0,356667c28689cc2615ddddc6ad11e53e.param,1.0,0.0,0.0,67.322,693280077.0,2d9dd80f54eb2dc7d6c18a01ce50ed65,6532438.0,1.0,0.0,89.529,Original,5830834.0,0.0,1863122.0,15801.0,6.877999999999999,7150.0,15801.0,-1.0,44061.0,0.0,2983912.0,28048.0,693280077.0,60.0,81.617,88.495,0.94,1870274.0,False
300.0,356667c28689cc2615ddddc6ad11e53e.param,2.0,0.0,0.0,62.83,693280077.0,2d9dd80f54eb2dc7d6c18a01ce50ed65,6532438.0,1.0,0.0,90.544,Original,5830834.0,0.0,1863122.0,15801.0,6.831,7150.0,15801.0,-1.0,44061.0,0.0,2983912.0,28048.0,693280077.0,60.0,82.321,89.152,0.94,1870274.0,False
300.0,7ee038a2d306328bf29f3cc3ddd33ea0.param,0.0,0.0,0.0,51.658,2050821110.0,7b216a3ba5a3db9999de21072ef2cf1a,3145605.0,1.0,0.0,84.13799999999998,Original,2591161.0,0.0,1540242.0,24000.0,5.6320000000000014,5408.0,24000.0,-1.0,30287.0,0.0,1807538.0,21167.0,2050821110.0,72.0,77.62100000000002,83.25299999999999,0.63,1545652.0,False
300.0,7ee038a2d306328bf29f3cc3ddd33ea0.param,1.0,0.0,0.0,50.739,2050821110.0,7b216a3ba5a3db9999de21072ef2cf1a,3145605.0,1.0,0.0,84.47,Original,2591161.0,0.0,1540242.0,24000.0,5.567,5408.0,24000.0,-1.0,30287.0,0.0,1807538.0,21167.0,2050821110.0,72.0,78.07,83.637,0.63,1545652.0,False
300.0,7ee038a2d306328bf29f3cc3ddd33ea0.param,2.0,0.0,0.0,52.233999999999995,2050821110.0,7b216a3ba5a3db9999de21072ef2cf1a,3145605.0,1.0,0.0,83.738,Original,2591161.0,0.0,1540242.0,24000.0,5.598,5408.0,24000.0,-1.0,30287.0,0.0,1807538.0,21167.0,2050821110.0,72.0,77.288,82.88600000000002,0.63,1545652.0,False
300.0,d0799a9d39f0850315a55b0ab4917638.param,0.0,0.0,0.0,39.634,1918631718.0,40ba4606497d9a4bfee3f9345a370935,1237860.0,1.0,0.0,30.904,Original,912195.0,0.0,1083659.0,14202.0,3.909,4464.0,14202.0,-1.0,25364.0,0.0,1267914.0,17436.0,1918631718.0,52.0,26.215,30.124000000000002,0.63,1088125.0,False
300.0,d0799a9d39f0850315a55b0ab4917638.param,1.0,0.0,0.0,39.673,1918631718.0,40ba4606497d9a4bfee3f9345a370935,1237860.0,1.0,0.0,31.197,Original,912195.0,0.0,1083659.0,14202.0,3.9589999999999996,4464.0,14202.0,-1.0,25364.0,0.0,1267914.0,17436.0,1918631718.0,52.0,26.46,30.419,0.63,1088125.0,False
300.0,d0799a9d39f0850315a55b0ab4917638.param,2.0,0.0,0.0,36.0,1918631718.0,40ba4606497d9a4bfee3f9345a370935,1237860.0,1.0,0.0,31.19,Original,912195.0,0.0,1083659.0,14202.0,3.897,4464.0,14202.0,-1.0,25364.0,0.0,1267914.0,17436.0,1918631718.0,52.0,26.495,30.392,0.63,1088125.0,False
300.0,880c13fc9e1ae18f82e743ba707577a8.param,0.0,0.0,0.0,40.948,1923385776.0,3ddde64db6212ff27e4723f7aa408557,210965.0,1.0,0.0,12.772,Original,96773.0,0.0,1069115.0,10202.0,3.915,5244.0,10202.0,-1.0,12781.0,0.0,522018.0,20544.0,1923385776.0,36.0,8.116,12.030999999999999,0.42,1074361.0,False
300.0,880c13fc9e1ae18f82e743ba707577a8.param,1.0,0.0,0.0,36.421,1923385776.0,3ddde64db6212ff27e4723f7aa408557,210965.0,1.0,0.0,12.533,Original,96773.0,0.0,1069115.0,10202.0,3.786,5244.0,10202.0,-1.0,12781.0,0.0,522018.0,20544.0,1923385776.0,36.0,7.995,11.780999999999999,0.42,1074361.0,False
300.0,880c13fc9e1ae18f82e743ba707577a8.param,2.0,0.0,0.0,36.394,1923385776.0,3ddde64db6212ff27e4723f7aa408557,210965.0,1.0,0.0,12.448,Original,96773.0,0.0,1069115.0,10202.0,3.8169999999999997,5244.0,10202.0,-1.0,12781.0,0.0,522018.0,20544.0,1923385776.0,36.0,8.036,11.853,0.42,1074361.0,False
300.0,8ee114f3baa9833ce2ff8acd1c2f17dc.param,0.0,0.0,0.0,30.013,1242281828.0,3771cf70feb39ea321f6420a392c934c,376752.0,1.0,0.0,21.441,Original,174741.0,0.0,859266.0,11879.0,3.0860000000000003,3772.0,11879.0,-1.0,16540.0,0.0,786430.0,14707.0,1242281828.0,44.0,17.875999999999994,20.962,0.42,863040.0,False
300.0,8ee114f3baa9833ce2ff8acd1c2f17dc.param,1.0,0.0,0.0,29.385,1242281828.0,3771cf70feb39ea321f6420a392c934c,376752.0,1.0,0.0,21.656,Original,174741.0,0.0,859266.0,11879.0,3.1910000000000003,3772.0,11879.0,-1.0,16540.0,0.0,786430.0,14707.0,1242281828.0,44.0,17.875999999999994,21.066999999999997,0.42,863040.0,False
300.0,8ee114f3baa9833ce2ff8acd1c2f17dc.param,2.0,0.0,0.0,31.315,1242281828.0,3771cf70feb39ea321f6420a392c934c,376752.0,1.0,0.0,21.603,Original,174741.0,0.0,859266.0,11879.0,3.0669999999999997,3772.0,11879.0,-1.0,16540.0,0.0,786430.0,14707.0,1242281828.0,44.0,17.892,20.959,0.42,863040.0,False
300.0,9d8011d62fbdace0c9682b0a56eb9c1a.param,0.0,0.0,0.0,13.427,475179535.0,0f4edda91c907da088eaae83120dc34c,1459024.0,1.0,0.0,29.566,Original,1125607.0,0.0,338657.0,15282.0,1.162,1330.0,15282.0,-1.0,22923.0,0.0,1094463.0,4996.0,475179535.0,56.0,28.138,29.3,0.63,339989.0,False
300.0,9d8011d62fbdace0c9682b0a56eb9c1a.param,1.0,0.0,0.0,13.73,475179535.0,0f4edda91c907da088eaae83120dc34c,1459024.0,1.0,0.0,29.756,Original,1125607.0,0.0,338657.0,15282.0,1.1520000000000001,1330.0,15282.0,-1.0,22923.0,0.0,1094463.0,4996.0,475179535.0,56.0,28.339000000000002,29.491,0.63,339989.0,False
300.0,9d8011d62fbdace0c9682b0a56eb9c1a.param,2.0,0.0,0.0,13.24,475179535.0,0f4edda91c907da088eaae83120dc34c,1459024.0,1.0,0.0,30.059,Original,1125607.0,0.0,338657.0,15282.0,1.193,1330.0,15282.0,-1.0,22923.0,0.0,1094463.0,4996.0,475179535.0,56.0,28.607,29.8,0.63,339989.0,False
300.0,bebd2cfe5e0562ebe11dc365507fd898.param,0.0,0.0,0.0,28.191,372553220.0,d24c7c9a89d5ed87e40010d33eb1611e,1204010.0,1.0,0.0,47.903999999999996,Original,977890.0,0.0,743681.0,22486.0,2.602,2457.0,22486.0,-1.0,23101.0,0.0,2098352.0,9417.0,372553220.0,64.0,44.733000000000004,47.335,0.63,746140.0,False
300.0,bebd2cfe5e0562ebe11dc365507fd898.param,1.0,0.0,0.0,26.406999999999996,372553220.0,d24c7c9a89d5ed87e40010d33eb1611e,1204010.0,1.0,0.0,47.78100000000001,Original,977890.0,0.0,743681.0,22486.0,2.641,2457.0,22486.0,-1.0,23101.0,0.0,2098352.0,9417.0,372553220.0,64.0,44.678000000000004,47.318999999999996,0.63,746140.0,False
300.0,bebd2cfe5e0562ebe11dc365507fd898.param,2.0,0.0,0.0,28.019000000000002,372553220.0,d24c7c9a89d5ed87e40010d33eb1611e,1204010.0,1.0,0.0,48.477,Original,977890.0,0.0,743681.0,22486.0,2.7039999999999997,2457.0,22486.0,-1.0,23101.0,0.0,2098352.0,9417.0,372553220.0,64.0,45.203,47.907,0.63,746140.0,False
300.0,5a074a62937cbcb2e921ae7f17a0123b.param,0.0,0.0,0.0,58.486999999999995,2028359165.0,0cfca9d71f49d2a88d5c7fdf843bb126,373779.0,1.0,0.0,15.110999999999999,Original,226159.0,0.0,1754657.0,11915.0,6.391,7225.0,11915.0,-1.0,13382.0,0.0,1236686.0,28393.0,2028359165.0,45.0,7.466,13.857000000000001,0.63,1761884.0,False
300.0,5a074a62937cbcb2e921ae7f17a0123b.param,1.0,0.0,0.0,57.255,2028359165.0,0cfca9d71f49d2a88d5c7fdf843bb126,373779.0,1.0,0.0,14.425,Original,226159.0,0.0,1754657.0,11915.0,6.31,7225.0,11915.0,-1.0,13382.0,0.0,1236686.0,28393.0,2028359165.0,45.0,7.185,13.495,0.63,1761884.0,False
300.0,5a074a62937cbcb2e921ae7f17a0123b.param,2.0,0.0,0.0,62.263999999999996,2028359165.0,0cfca9d71f49d2a88d5c7fdf843bb126,373779.0,1.0,0.0,14.64,Original,226159.0,0.0,1754657.0,11915.0,6.434,7225.0,11915.0,-1.0,13382.0,0.0,1236686.0,28393.0,2028359165.0,45.0,7.277,13.710999999999999,0.63,1761884.0,False
300.0,c0ddd6d536dd36939b31e12d969323ca.param,0.0,0.0,0.0,13.133,1405409883.0,bb5dd17f7d9ee0f6049e3bddd851916e,1869916.0,1.0,0.0,32.553000000000004,Original,1654036.0,0.0,327001.0,23152.0,1.137,1070.0,23152.0,-1.0,17703.0,0.0,2173746.0,3932.0,1405409883.0,69.0,31.214000000000002,32.351,0.42,328073.0,False
300.0,c0ddd6d536dd36939b31e12d969323ca.param,1.0,0.0,0.0,13.385,1405409883.0,bb5dd17f7d9ee0f6049e3bddd851916e,1869916.0,1.0,0.0,32.796,Original,1654036.0,0.0,327001.0,23152.0,1.135,1070.0,23152.0,-1.0,17703.0,0.0,2173746.0,3932.0,1405409883.0,69.0,31.445999999999998,32.580999999999996,0.42,328073.0,False
300.0,c0ddd6d536dd36939b31e12d969323ca.param,2.0,0.0,0.0,12.847000000000001,1405409883.0,bb5dd17f7d9ee0f6049e3bddd851916e,1869916.0,1.0,0.0,32.782,Original,1654036.0,0.0,327001.0,23152.0,1.15,1070.0,23152.0,-1.0,17703.0,0.0,2173746.0,3932.0,1405409883.0,69.0,31.369,32.519,0.42,328073.0,False
300.0,f607d46ec11afe04a6635e1e747bca97.param,0.0,0.0,0.0,6.0020000000000024,823094821.0,dac2185d83b0aa26e97ac3c6da0f7c41,731090.0,1.0,0.0,13.261,Original,632683.0,0.0,147269.0,9606.0,0.486,666.0,9606.0,-1.0,12471.0,0.0,858344.0,2316.0,823094821.0,32.0,12.669,13.155,0.28,147937.0,False
300.0,f607d46ec11afe04a6635e1e747bca97.param,1.0,0.0,0.0,5.978,823094821.0,dac2185d83b0aa26e97ac3c6da0f7c41,731090.0,1.0,0.0,13.03,Original,632683.0,0.0,147269.0,9606.0,0.489,666.0,9606.0,-1.0,12471.0,0.0,858344.0,2316.0,823094821.0,32.0,12.425,12.914000000000001,0.28,147937.0,False
300.0,f607d46ec11afe04a6635e1e747bca97.param,2.0,0.0,0.0,6.152,823094821.0,dac2185d83b0aa26e97ac3c6da0f7c41,731090.0,1.0,0.0,12.969000000000001,Original,632683.0,0.0,147269.0,9606.0,0.491,666.0,9606.0,-1.0,12471.0,0.0,858344.0,2316.0,823094821.0,32.0,12.364,12.855,0.28,147937.0,False
300.0,a6fb6cef21abb3da58a08c431abe1820.param,0.0,0.0,0.0,33.63,83966730.0,3c388a9696420e191708d79c982a784e,359790.0,1.0,0.0,12.902000000000001,Original,185556.0,0.0,974132.0,11801.0,3.469,4332.0,11801.0,-1.0,14829.0,0.0,801450.0,16932.0,83966730.0,44.0,8.892999999999997,12.362,0.42,978466.0,False
300.0,a6fb6cef21abb3da58a08c431abe1820.param,1.0,0.0,0.0,33.379,83966730.0,3c388a9696420e191708d79c982a784e,359790.0,1.0,0.0,13.037,Original,185556.0,0.0,974132.0,11801.0,3.488,4332.0,11801.0,-1.0,14829.0,0.0,801450.0,16932.0,83966730.0,44.0,9.014,12.502,0.42,978466.0,False
300.0,a6fb6cef21abb3da58a08c431abe1820.param,2.0,0.0,0.0,33.106,83966730.0,3c388a9696420e191708d79c982a784e,359790.0,1.0,0.0,13.286,Original,185556.0,0.0,974132.0,11801.0,3.4960000000000004,4332.0,11801.0,-1.0,14829.0,0.0,801450.0,16932.0,83966730.0,44.0,9.078,12.574000000000002,0.42,978466.0,False
300.0,ecf255cfa79dc1390125d72e88196842.param,0.0,0.0,0.0,23.136999999999997,2050821110.0,fc3c74bee581012e8d3d22fbc3eacf1a,543803.0,1.0,0.0,42.87600000000001,Original,218343.0,0.0,676467.0,23182.0,2.3609999999999998,2375.0,23182.0,-1.0,19287.0,0.0,1205115.0,9143.0,2050821110.0,69.0,40.001,42.361999999999995,0.42,678844.0,False
300.0,ecf255cfa79dc1390125d72e88196842.param,1.0,0.0,0.0,23.037,2050821110.0,fc3c74bee581012e8d3d22fbc3eacf1a,543803.0,1.0,0.0,42.571999999999996,Original,218343.0,0.0,676467.0,23182.0,2.356,2375.0,23182.0,-1.0,19287.0,0.0,1205115.0,9143.0,2050821110.0,69.0,39.801,42.157,0.42,678844.0,False
300.0,ecf255cfa79dc1390125d72e88196842.param,2.0,0.0,0.0,26.912,2050821110.0,fc3c74bee581012e8d3d22fbc3eacf1a,543803.0,1.0,0.0,43.57899999999999,Original,218343.0,0.0,676467.0,23182.0,2.443,2375.0,23182.0,-1.0,19287.0,0.0,1205115.0,9143.0,2050821110.0,69.0,40.644,43.086999999999996,0.42,678844.0,False
300.0,b55bae1f323148019db34cc9c08d6b4b.param,0.0,0.0,0.0,20.484,693280077.0,e765ede4a5af883df07804db2d526d03,1595957.0,1.0,0.0,21.679000000000002,Original,1415964.0,0.0,557942.0,9786.0,1.946,2784.0,9786.0,-1.0,23723.0,0.0,757983.0,10719.0,693280077.0,33.0,19.381,21.326999999999998,0.63,560728.0,False
300.0,b55bae1f323148019db34cc9c08d6b4b.param,1.0,0.0,0.0,19.372,693280077.0,e765ede4a5af883df07804db2d526d03,1595957.0,1.0,0.0,22.199,Original,1415964.0,0.0,557942.0,9786.0,1.969,2784.0,9786.0,-1.0,23723.0,0.0,757983.0,10719.0,693280077.0,33.0,19.9,21.869,0.63,560728.0,False
300.0,b55bae1f323148019db34cc9c08d6b4b.param,2.0,0.0,0.0,21.01,693280077.0,e765ede4a5af883df07804db2d526d03,1595957.0,1.0,0.0,21.862,Original,1415964.0,0.0,557942.0,9786.0,1.9569999999999999,2784.0,9786.0,-1.0,23723.0,0.0,757983.0,10719.0,693280077.0,33.0,19.592,21.549,0.63,560728.0,False
300.0,86aef175e49750375aaf5bf4f54ac0c2.param,0.0,0.0,0.0,55.388999999999996,95956545.0,b59b861c2d2d1c462d5a1232da6c1221,1423798.0,1.0,0.0,30.04,Original,1147441.0,0.0,1692891.0,15282.0,6.0870000000000015,6643.0,15282.0,-1.0,22192.0,0.0,1948668.0,26083.0,95956545.0,56.0,23.064,29.151,0.63,1699536.0,False
300.0,86aef175e49750375aaf5bf4f54ac0c2.param,1.0,0.0,0.0,57.577,95956545.0,b59b861c2d2d1c462d5a1232da6c1221,1423798.0,1.0,0.0,30.579,Original,1147441.0,0.0,1692891.0,15282.0,6.146,6643.0,15282.0,-1.0,22192.0,0.0,1948668.0,26083.0,95956545.0,56.0,23.546999999999997,29.693,0.63,1699536.0,False
300.0,86aef175e49750375aaf5bf4f54ac0c2.param,2.0,0.0,0.0,59.394,95956545.0,b59b861c2d2d1c462d5a1232da6c1221,1423798.0,1.0,0.0,30.342,Original,1147441.0,0.0,1692891.0,15282.0,6.181,6643.0,15282.0,-1.0,22192.0,0.0,1948668.0,26083.0,95956545.0,56.0,23.226999999999997,29.408,0.63,1699536.0,False
300.0,8918e76cfcec0657c7d7950a1794604c.param,0.0,0.0,0.0,32.45,34754393.0,605481afd039337c40f736bd65d6b301,2735212.0,1.0,0.0,71.26899999999998,Original,2228871.0,0.0,888309.0,22400.0,3.295,3332.0,22400.0,-1.0,35033.0,0.0,1556101.0,12890.0,34754393.0,64.0,67.365,70.66,0.94,891643.0,False
300.0,8918e76cfcec0657c7d7950a1794604c.param,1.0,0.0,0.0,33.907,34754393.0,605481afd039337c40f736bd65d6b301,2735212.0,1.0,0.0,70.737,Original,2228871.0,0.0,888309.0,22400.0,3.266,3332.0,22400.0,-1.0,35033.0,0.0,1556101.0,12890.0,34754393.0,64.0,66.936,70.202,0.94,891643.0,False
300.0,8918e76cfcec0657c7d7950a1794604c.param,2.0,0.0,0.0,30.605999999999998,34754393.0,605481afd039337c40f736bd65d6b301,2735212.0,1.0,0.0,70.462,Original,2228871.0,0.0,888309.0,22400.0,3.213,3332.0,22400.0,-1.0,35033.0,0.0,1556101.0,12890.0,34754393.0,64.0,66.756,69.969,0.94,891643.0,False
300.0,b366bbc99f4b12f6958260432db8f433.param,0.0,0.0,0.0,40.921,600810857.0,9b192395a0ed21380a33aff11f54bdfa,1190207.0,1.0,0.0,31.073,Original,878750.0,0.0,1107696.0,11945.0,3.972,4802.0,11945.0,-1.0,24762.0,0.0,1029409.0,18770.0,600810857.0,45.0,26.482,30.454,0.63,1112500.0,False
300.0,b366bbc99f4b12f6958260432db8f433.param,1.0,0.0,0.0,37.211,600810857.0,9b192395a0ed21380a33aff11f54bdfa,1190207.0,1.0,0.0,31.469,Original,878750.0,0.0,1107696.0,11945.0,4.163,4802.0,11945.0,-1.0,24762.0,0.0,1029409.0,18770.0,600810857.0,45.0,26.601999999999997,30.765,0.63,1112500.0,False
300.0,b366bbc99f4b12f6958260432db8f433.param,2.0,0.0,0.0,39.878,600810857.0,9b192395a0ed21380a33aff11f54bdfa,1190207.0,1.0,0.0,31.671999999999997,Original,878750.0,0.0,1107696.0,11945.0,4.136,4802.0,11945.0,-1.0,24762.0,0.0,1029409.0,18770.0,600810857.0,45.0,26.857,30.993000000000002,0.63,1112500.0,False
300.0,1a9658e08918a7701123bae3cad3fdfa.param,0.0,0.0,0.0,20.704,2136253402.0,959b20996f5ab74d9e4cea799b3628b8,3305624.0,1.0,0.0,82.54899999999998,Original,2787967.0,0.0,528266.0,24000.0,1.847,1836.0,24000.0,-1.0,30467.0,0.0,1726560.0,6987.0,2136253402.0,72.0,80.266,82.113,0.63,530104.0,False
300.0,1a9658e08918a7701123bae3cad3fdfa.param,1.0,0.0,0.0,20.96,2136253402.0,959b20996f5ab74d9e4cea799b3628b8,3305624.0,1.0,0.0,81.459,Original,2787967.0,0.0,528266.0,24000.0,1.8840000000000001,1836.0,24000.0,-1.0,30467.0,0.0,1726560.0,6987.0,2136253402.0,72.0,79.16,81.044,0.63,530104.0,False
300.0,1a9658e08918a7701123bae3cad3fdfa.param,2.0,0.0,0.0,20.4,2136253402.0,959b20996f5ab74d9e4cea799b3628b8,3305624.0,1.0,0.0,79.395,Original,2787967.0,0.0,528266.0,24000.0,1.841,1836.0,24000.0,-1.0,30467.0,0.0,1726560.0,6987.0,2136253402.0,72.0,77.253,79.094,0.63,530104.0,False
300.0,928666ecc0a7811fd6c441352737063c.param,0.0,0.0,0.0,76.75399999999998,823094821.0,3152119ab3cf5bc1be73ba0b203b7ada,1395784.0,1.0,0.0,62.02,Original,834864.0,0.0,2108121.0,24698.0,7.907,7029.0,24698.0,-1.0,32951.0,0.0,1952913.0,27609.0,823094821.0,76.0,52.678000000000004,60.585,0.94,2115152.0,False
300.0,928666ecc0a7811fd6c441352737063c.param,1.0,0.0,0.0,74.954,823094821.0,3152119ab3cf5bc1be73ba0b203b7ada,1395784.0,1.0,0.0,61.548,Original,834864.0,0.0,2108121.0,24698.0,7.818,7029.0,24698.0,-1.0,32951.0,0.0,1952913.0,27609.0,823094821.0,76.0,52.62,60.438,0.94,2115152.0,False
300.0,928666ecc0a7811fd6c441352737063c.param,2.0,0.0,0.0,77.168,823094821.0,3152119ab3cf5bc1be73ba0b203b7ada,1395784.0,1.0,0.0,61.11600000000001,Original,834864.0,0.0,2108121.0,24698.0,7.709,7029.0,24698.0,-1.0,32951.0,0.0,1952913.0,27609.0,823094821.0,76.0,52.239,59.948,0.94,2115152.0,False
300.0,a6ff37b0cef2bdd5134de774a2ccfcdd.param,0.0,0.0,0.0,5.73,1571287961.0,fd448a7945c70cf7bf92f18883284a03,834511.0,1.0,0.0,17.223,Original,686949.0,0.0,141916.0,13675.0,0.46399999999999997,510.0,13675.0,-1.0,12606.0,0.0,1114302.0,1722.0,1571287961.0,48.0,16.637,17.101,0.28,142428.0,False
300.0,a6ff37b0cef2bdd5134de774a2ccfcdd.param,1.0,0.0,0.0,5.8329999999999975,1571287961.0,fd448a7945c70cf7bf92f18883284a03,834511.0,1.0,0.0,17.434,Original,686949.0,0.0,141916.0,13675.0,0.54,510.0,13675.0,-1.0,12606.0,0.0,1114302.0,1722.0,1571287961.0,48.0,16.787,17.327,0.28,142428.0,False
300.0,a6ff37b0cef2bdd5134de774a2ccfcdd.param,2.0,0.0,0.0,6.101,1571287961.0,fd448a7945c70cf7bf92f18883284a03,834511.0,1.0,0.0,17.224,Original,686949.0,0.0,141916.0,13675.0,0.46799999999999997,510.0,13675.0,-1.0,12606.0,0.0,1114302.0,1722.0,1571287961.0,48.0,16.647000000000002,17.115,0.28,142428.0,False
300.0,982f07b05aa788dcb221cf0f46a98a28.param,0.0,0.0,0.0,14.343,1242281828.0,feed7b2968e86e6beda5f08008c0cb78,3961658.0,1.0,0.0,43.555,Original,3531866.0,0.0,385709.0,15202.0,1.3430000000000002,1534.0,15202.0,-1.0,26818.0,0.0,1684969.0,5746.0,1242281828.0,56.0,41.977,43.32,0.63,387245.0,False
300.0,982f07b05aa788dcb221cf0f46a98a28.param,1.0,0.0,0.0,15.227,1242281828.0,feed7b2968e86e6beda5f08008c0cb78,3961658.0,1.0,0.0,44.64100000000001,Original,3531866.0,0.0,385709.0,15202.0,1.315,1534.0,15202.0,-1.0,26818.0,0.0,1684969.0,5746.0,1242281828.0,56.0,43.018,44.333,0.63,387245.0,False
300.0,982f07b05aa788dcb221cf0f46a98a28.param,2.0,0.0,0.0,15.184000000000001,1242281828.0,feed7b2968e86e6beda5f08008c0cb78,3961658.0,1.0,0.0,44.208999999999996,Original,3531866.0,0.0,385709.0,15202.0,1.318,1534.0,15202.0,-1.0,26818.0,0.0,1684969.0,5746.0,1242281828.0,56.0,42.599,43.917,0.63,387245.0,False
300.0,5aa281057d97f045673ea5f22f4a03c2.param,0.0,0.0,0.0,10.495999999999999,2050821110.0,fba6d2d33cc925e035569e6fd5f1dea5,904012.0,1.0,0.0,14.679,Original,717707.0,0.0,261228.0,15202.0,0.879,980.0,15202.0,-1.0,14509.0,0.0,1230783.0,3599.0,2050821110.0,56.0,13.585,14.464,0.42,262210.0,False
300.0,5aa281057d97f045673ea5f22f4a03c2.param,1.0,0.0,0.0,9.264,2050821110.0,fba6d2d33cc925e035569e6fd5f1dea5,904012.0,1.0,0.0,14.567,Original,717707.0,0.0,261228.0,15202.0,0.909,980.0,15202.0,-1.0,14509.0,0.0,1230783.0,3599.0,2050821110.0,56.0,13.464,14.373,0.42,262210.0,False
300.0,5aa281057d97f045673ea5f22f4a03c2.param,2.0,0.0,0.0,9.924,2050821110.0,fba6d2d33cc925e035569e6fd5f1dea5,904012.0,1.0,0.0,15.059000000000001,Original,717707.0,0.0,261228.0,15202.0,1.242,980.0,15202.0,-1.0,14509.0,0.0,1230783.0,3599.0,2050821110.0,56.0,13.652000000000001,14.894,0.42,262210.0,False
300.0,3d9e7b6df6df75811f47376afe3f163c.param,0.0,0.0,0.0,14.994000000000002,1918631718.0,4951ea9e3f0cfce0f7d5663aabae973d,4582550.0,1.0,0.0,56.827,Original,4149898.0,0.0,388263.0,15366.0,1.32,1508.0,15366.0,-1.0,29370.0,0.0,1940968.0,5648.0,1918631718.0,57.0,55.20399999999999,56.523999999999994,0.94,389773.0,False
300.0,3d9e7b6df6df75811f47376afe3f163c.param,1.0,0.0,0.0,14.94,1918631718.0,4951ea9e3f0cfce0f7d5663aabae973d,4582550.0,1.0,0.0,56.657,Original,4149898.0,0.0,388263.0,15366.0,1.331,1508.0,15366.0,-1.0,29370.0,0.0,1940968.0,5648.0,1918631718.0,57.0,55.023999999999994,56.355,0.94,389773.0,False
300.0,3d9e7b6df6df75811f47376afe3f163c.param,2.0,0.0,0.0,14.305,1918631718.0,4951ea9e3f0cfce0f7d5663aabae973d,4582550.0,1.0,0.0,56.092,Original,4149898.0,0.0,388263.0,15366.0,1.311,1508.0,15366.0,-1.0,29370.0,0.0,1940968.0,5648.0,1918631718.0,57.0,54.528999999999996,55.84,0.94,389773.0,False
300.0,55af68f15fe32e43da610c5d90806a4a.param,0.0,0.0,0.0,57.468999999999994,862094683.0,7ae5293bc1a766f8616e1b9b5aec814c,2437586.0,1.0,0.0,66.79,Original,1895572.0,0.0,1664653.0,24601.0,5.997000000000001,5665.0,24601.0,-1.0,28156.0,0.0,1786261.0,22189.0,862094683.0,76.0,59.593999999999994,65.59100000000001,0.63,1670320.0,False
300.0,55af68f15fe32e43da610c5d90806a4a.param,1.0,0.0,0.0,56.731,862094683.0,7ae5293bc1a766f8616e1b9b5aec814c,2437586.0,1.0,0.0,66.804,Original,1895572.0,0.0,1664653.0,24601.0,6.0489999999999995,5665.0,24601.0,-1.0,28156.0,0.0,1786261.0,22189.0,862094683.0,76.0,59.869,65.918,0.63,1670320.0,False
300.0,55af68f15fe32e43da610c5d90806a4a.param,2.0,0.0,0.0,55.058,862094683.0,7ae5293bc1a766f8616e1b9b5aec814c,2437586.0,1.0,0.0,66.111,Original,1895572.0,0.0,1664653.0,24601.0,6.098,5665.0,24601.0,-1.0,28156.0,0.0,1786261.0,22189.0,862094683.0,76.0,59.106,65.204,0.63,1670320.0,False
300.0,23179b628ad596b0808644865ee42008.param,0.0,0.0,0.0,15.450999999999999,1083416308.0,72b12533145ebd9d0bbef04e20a4a2ae,495341.0,1.0,0.0,11.448,Original,322464.0,0.0,413857.0,11943.0,1.409,1817.0,11943.0,-1.0,15624.0,0.0,732219.0,6965.0,1083416308.0,45.0,9.783999999999999,11.193,0.42,415676.0,False
300.0,23179b628ad596b0808644865ee42008.param,1.0,0.0,0.0,15.386,1083416308.0,72b12533145ebd9d0bbef04e20a4a2ae,495341.0,1.0,0.0,11.525,Original,322464.0,0.0,413857.0,11943.0,1.4180000000000001,1817.0,11943.0,-1.0,15624.0,0.0,732219.0,6965.0,1083416308.0,45.0,9.788,11.206,0.42,415676.0,False
300.0,23179b628ad596b0808644865ee42008.param,2.0,0.0,0.0,16.205,1083416308.0,72b12533145ebd9d0bbef04e20a4a2ae,495341.0,1.0,0.0,11.460999999999999,Original,322464.0,0.0,413857.0,11943.0,1.4909999999999999,1817.0,11943.0,-1.0,15624.0,0.0,732219.0,6965.0,1083416308.0,45.0,9.736,11.227,0.42,415676.0,False
300.0,099cc4db78f534b541e03b3d21476677.param,0.0,0.0,0.0,9.075,693280077.0,caa6a712963c580ba8290e807d08110f,619039.0,1.0,0.0,12.552999999999999,Original,510802.0,0.0,230586.0,11277.0,0.777,896.0,11277.0,-1.0,13376.0,0.0,1068592.0,3227.0,693280077.0,40.0,11.607000000000001,12.384,0.28,231484.0,False
300.0,099cc4db78f534b541e03b3d21476677.param,1.0,0.0,0.0,8.815,693280077.0,caa6a712963c580ba8290e807d08110f,619039.0,1.0,0.0,12.33,Original,510802.0,0.0,230586.0,11277.0,0.779,896.0,11277.0,-1.0,13376.0,0.0,1068592.0,3227.0,693280077.0,40.0,11.395999999999999,12.175,0.28,231484.0,False
300.0,099cc4db78f534b541e03b3d21476677.param,2.0,0.0,0.0,9.213,693280077.0,caa6a712963c580ba8290e807d08110f,619039.0,1.0,0.0,12.645,Original,510802.0,0.0,230586.0,11277.0,0.7929999999999999,896.0,11277.0,-1.0,13376.0,0.0,1068592.0,3227.0,693280077.0,40.0,11.687999999999999,12.481,0.28,231484.0,False
300.0,3cadb3807e2a210325a234888d281fbd.param,0.0,0.0,0.0,6.308,1242281828.0,950538928a18e2431d8a94e69e8e0f29,247496.0,1.0,0.0,10.630999999999998,Original,153248.0,0.0,161554.0,10396.0,0.534,760.0,10396.0,-1.0,9831.0,0.0,616050.0,2785.0,1242281828.0,37.0,9.977,10.511,0.28,162316.0,False
300.0,3cadb3807e2a210325a234888d281fbd.param,1.0,0.0,0.0,6.452000000000001,1242281828.0,950538928a18e2431d8a94e69e8e0f29,247496.0,1.0,0.0,10.609000000000002,Original,153248.0,0.0,161554.0,10396.0,0.535,760.0,10396.0,-1.0,9831.0,0.0,616050.0,2785.0,1242281828.0,37.0,9.956,10.491,0.28,162316.0,False
300.0,3cadb3807e2a210325a234888d281fbd.param,2.0,0.0,0.0,6.401,1242281828.0,950538928a18e2431d8a94e69e8e0f29,247496.0,1.0,0.0,10.558,Original,153248.0,0.0,161554.0,10396.0,0.532,760.0,10396.0,-1.0,9831.0,0.0,616050.0,2785.0,1242281828.0,37.0,9.916,10.448,0.28,162316.0,False
300.0,2b9f5024001a051a59314cacbe0b17e8.param,0.0,0.0,0.0,45.32100000000001,1235388569.0,5a61d3e33bc698d3699354f7a6707882,1397485.0,1.0,0.0,36.519,Original,1061181.0,0.0,1266929.0,13677.0,4.673,5353.0,13677.0,-1.0,26509.0,0.0,1293889.0,20953.0,1235388569.0,48.0,31.066999999999997,35.74,0.63,1272284.0,False
300.0,2b9f5024001a051a59314cacbe0b17e8.param,1.0,0.0,0.0,44.333,1235388569.0,5a61d3e33bc698d3699354f7a6707882,1397485.0,1.0,0.0,35.994,Original,1061181.0,0.0,1266929.0,13677.0,4.574,5353.0,13677.0,-1.0,26509.0,0.0,1293889.0,20953.0,1235388569.0,48.0,30.719,35.293,0.63,1272284.0,False
300.0,2b9f5024001a051a59314cacbe0b17e8.param,2.0,0.0,0.0,46.6,1235388569.0,5a61d3e33bc698d3699354f7a6707882,1397485.0,1.0,0.0,35.732,Original,1061181.0,0.0,1266929.0,13677.0,4.524,5353.0,13677.0,-1.0,26509.0,0.0,1293889.0,20953.0,1235388569.0,48.0,30.525,35.049,0.63,1272284.0,False
300.0,38650beb2ce576c812a3ef6ac5621787.param,0.0,0.0,0.0,8.038,83966730.0,d70f72d0bc5f88152bea639c2c920c6c,921140.0,1.0,0.0,17.486,Original,739856.0,0.0,198160.0,14204.0,0.665,752.0,14204.0,-1.0,14869.0,0.0,1178917.0,2705.0,83966730.0,52.0,16.682000000000002,17.347,0.42,198914.0,False
300.0,38650beb2ce576c812a3ef6ac5621787.param,1.0,0.0,0.0,7.626,83966730.0,d70f72d0bc5f88152bea639c2c920c6c,921140.0,1.0,0.0,17.393,Original,739856.0,0.0,198160.0,14204.0,0.655,752.0,14204.0,-1.0,14869.0,0.0,1178917.0,2705.0,83966730.0,52.0,16.596,17.250999999999998,0.42,198914.0,False
300.0,38650beb2ce576c812a3ef6ac5621787.param,2.0,0.0,0.0,7.569,83966730.0,d70f72d0bc5f88152bea639c2c920c6c,921140.0,1.0,0.0,17.663,Original,739856.0,0.0,198160.0,14204.0,0.667,752.0,14204.0,-1.0,14869.0,0.0,1178917.0,2705.0,83966730.0,52.0,16.857,17.524,0.42,198914.0,False
300.0,af0a6d4f3f8e41dd411ac993d1c5e5ad.param,0.0,0.0,0.0,16.852999999999998,34754393.0,7380ad34dfc75b01e686ea7aa32297ba,3165545.0,1.0,0.0,26.18,Original,2828624.0,0.0,440243.0,15896.0,1.5590000000000002,1500.0,15896.0,-1.0,23321.0,0.0,2126652.0,5592.0,34754393.0,60.0,24.273000000000003,25.831999999999997,0.63,441745.0,False
300.0,af0a6d4f3f8e41dd411ac993d1c5e5ad.param,1.0,0.0,0.0,15.465,34754393.0,7380ad34dfc75b01e686ea7aa32297ba,3165545.0,1.0,0.0,24.401,Original,2828624.0,0.0,440243.0,15896.0,1.526,1500.0,15896.0,-1.0,23321.0,0.0,2126652.0,5592.0,34754393.0,60.0,22.616,24.142,0.63,441745.0,False
300.0,af0a6d4f3f8e41dd411ac993d1c5e5ad.param,2.0,0.0,0.0,16.916,34754393.0,7380ad34dfc75b01e686ea7aa32297ba,3165545.0,1.0,0.0,24.395,Original,2828624.0,0.0,440243.0,15896.0,1.527,1500.0,15896.0,-1.0,23321.0,0.0,2126652.0,5592.0,34754393.0,60.0,22.581,24.108,0.63,441745.0,False
300.0,f6a9922fc219371dd62d3d64f513f435.param,0.0,0.0,0.0,27.153000000000002,1923385776.0,087534388840431c7fdc9627927f16c8,1945543.0,1.0,0.0,32.675,Original,1580278.0,0.0,736406.0,15969.0,2.6239999999999997,2760.0,15969.0,-1.0,27302.0,0.0,1441618.0,10677.0,1923385776.0,61.0,29.623,32.247,0.63,739168.0,False
300.0,f6a9922fc219371dd62d3d64f513f435.param,1.0,0.0,0.0,25.408,1923385776.0,087534388840431c7fdc9627927f16c8,1945543.0,1.0,0.0,32.303000000000004,Original,1580278.0,0.0,736406.0,15969.0,2.639,2760.0,15969.0,-1.0,27302.0,0.0,1441618.0,10677.0,1923385776.0,61.0,29.259,31.898000000000003,0.63,739168.0,False
300.0,f6a9922fc219371dd62d3d64f513f435.param,2.0,0.0,0.0,25.166,1923385776.0,087534388840431c7fdc9627927f16c8,1945543.0,1.0,0.0,32.863,Original,1580278.0,0.0,736406.0,15969.0,2.6010000000000004,2760.0,15969.0,-1.0,27302.0,0.0,1441618.0,10677.0,1923385776.0,61.0,29.834,32.435,0.63,739168.0,False
300.0,53a3b10a6d39a1f0633d42a0b8cc93a7.param,0.0,0.0,0.0,12.719000000000001,1405409883.0,05a7fff8e5a9055e1ae01d552d193de2,1360542.0,1.0,0.0,33.387,Original,1112932.0,0.0,327863.0,22473.0,1.122,1164.0,22473.0,-1.0,19085.0,0.0,1520336.0,4332.0,1405409883.0,64.0,32.058,33.18,0.42,329029.0,False
300.0,53a3b10a6d39a1f0633d42a0b8cc93a7.param,1.0,0.0,0.0,12.192,1405409883.0,05a7fff8e5a9055e1ae01d552d193de2,1360542.0,1.0,0.0,33.391999999999996,Original,1112932.0,0.0,327863.0,22473.0,1.111,1164.0,22473.0,-1.0,19085.0,0.0,1520336.0,4332.0,1405409883.0,64.0,32.071999999999996,33.183,0.42,329029.0,False
300.0,53a3b10a6d39a1f0633d42a0b8cc93a7.param,2.0,0.0,0.0,12.769,1405409883.0,05a7fff8e5a9055e1ae01d552d193de2,1360542.0,1.0,0.0,34.441,Original,1112932.0,0.0,327863.0,22473.0,1.247,1164.0,22473.0,-1.0,19085.0,0.0,1520336.0,4332.0,1405409883.0,64.0,32.900999999999996,34.148,0.42,329029.0,False
300.0,5270155d690360dab58e1b470ef17ea7.param,0.0,0.0,0.0,29.284000000000002,270657042.0,4ad18de4736c0ff9941d11f21623bc25,667168.0,1.0,0.0,25.801,Original,429217.0,0.0,856080.0,11873.0,3.0180000000000002,3760.0,11873.0,-1.0,20599.0,0.0,858159.0,14641.0,270657042.0,44.0,22.309,25.326999999999998,0.63,859842.0,False
300.0,5270155d690360dab58e1b470ef17ea7.param,1.0,0.0,0.0,31.549,270657042.0,4ad18de4736c0ff9941d11f21623bc25,667168.0,1.0,0.0,26.524,Original,429217.0,0.0,856080.0,11873.0,3.1710000000000003,3760.0,11873.0,-1.0,20599.0,0.0,858159.0,14641.0,270657042.0,44.0,22.706,25.877,0.63,859842.0,False
300.0,5270155d690360dab58e1b470ef17ea7.param,2.0,0.0,0.0,30.829,270657042.0,4ad18de4736c0ff9941d11f21623bc25,667168.0,1.0,0.0,25.939,Original,429217.0,0.0,856080.0,11873.0,3.016,3760.0,11873.0,-1.0,20599.0,0.0,858159.0,14641.0,270657042.0,44.0,22.456999999999997,25.47300000000001,0.63,859842.0,False
300.0,638c867046eca01fa57da212f4a82591.param,0.0,0.0,0.0,20.108,83966730.0,0e693c0c4611e016d8d89aae62789154,263645.0,1.0,0.0,10.565999999999999,Original,177590.0,0.0,578449.0,9783.0,2.003,2924.0,9783.0,-1.0,10348.0,0.0,480055.0,11366.0,83966730.0,33.0,8.132,10.135,0.28,581375.0,False
300.0,638c867046eca01fa57da212f4a82591.param,1.0,0.0,0.0,22.391,83966730.0,0e693c0c4611e016d8d89aae62789154,263645.0,1.0,0.0,10.447000000000001,Original,177590.0,0.0,578449.0,9783.0,2.076,2924.0,9783.0,-1.0,10348.0,0.0,480055.0,11366.0,83966730.0,33.0,8.047,10.123,0.28,581375.0,False
300.0,638c867046eca01fa57da212f4a82591.param,2.0,0.0,0.0,22.320999999999998,83966730.0,0e693c0c4611e016d8d89aae62789154,263645.0,1.0,0.0,10.508,Original,177590.0,0.0,578449.0,9783.0,2.022,2924.0,9783.0,-1.0,10348.0,0.0,480055.0,11366.0,83966730.0,33.0,8.122,10.144,0.28,581375.0,False
300.0,80402835d130022a9820ca0328640cdb.param,0.0,0.0,0.0,23.776,554543104.0,54502b46ac8b565e052d26c671e28d3c,2732596.0,1.0,0.0,15.135,Original,2539554.0,0.0,646109.0,10209.0,2.259,3087.0,10209.0,-1.0,27996.0,0.0,1297687.0,11847.0,554543104.0,36.0,12.493,14.752,0.63,649198.0,False
300.0,80402835d130022a9820ca0328640cdb.param,1.0,0.0,0.0,22.81900000000001,554543104.0,54502b46ac8b565e052d26c671e28d3c,2732596.0,1.0,0.0,16.352,Original,2539554.0,0.0,646109.0,10209.0,2.272,3087.0,10209.0,-1.0,27996.0,0.0,1297687.0,11847.0,554543104.0,36.0,13.572000000000001,15.844000000000001,0.63,649198.0,False
300.0,80402835d130022a9820ca0328640cdb.param,2.0,0.0,0.0,23.118000000000002,554543104.0,54502b46ac8b565e052d26c671e28d3c,2732596.0,1.0,0.0,15.437000000000001,Original,2539554.0,0.0,646109.0,10209.0,2.2880000000000003,3087.0,10209.0,-1.0,27996.0,0.0,1297687.0,11847.0,554543104.0,36.0,12.773,15.061,0.63,649198.0,False
300.0,b1fed41c662b810a67f17347ca208a34.param,0.0,0.0,0.0,34.8,1145031130.0,dca8d56c0c6cdfec68670dea62107c1c,317570.0,1.0,0.0,24.079,Original,94886.0,0.0,953613.0,15363.0,3.38,3698.0,15363.0,-1.0,15122.0,0.0,958182.0,14408.0,1145031130.0,57.0,20.203,23.583000000000002,0.42,957313.0,False
300.0,b1fed41c662b810a67f17347ca208a34.param,1.0,0.0,0.0,32.441,1145031130.0,dca8d56c0c6cdfec68670dea62107c1c,317570.0,1.0,0.0,24.264,Original,94886.0,0.0,953613.0,15363.0,3.4,3698.0,15363.0,-1.0,15122.0,0.0,958182.0,14408.0,1145031130.0,57.0,20.316,23.715999999999998,0.42,957313.0,False
300.0,b1fed41c662b810a67f17347ca208a34.param,2.0,0.0,0.0,33.37,1145031130.0,dca8d56c0c6cdfec68670dea62107c1c,317570.0,1.0,0.0,24.19,Original,94886.0,0.0,953613.0,15363.0,3.3939999999999997,3698.0,15363.0,-1.0,15122.0,0.0,958182.0,14408.0,1145031130.0,57.0,20.281,23.675,0.42,957313.0,False
300.0,d8e0991db153700fc6f942a70d96d0d8.param,0.0,0.0,0.0,9.219,270657042.0,9701832db238816c935bf0e9e24020f4,555973.0,1.0,0.0,10.427,Original,460620.0,0.0,216108.0,11364.0,0.728,880.0,11364.0,-1.0,12742.0,0.0,781683.0,3229.0,270657042.0,41.0,9.554,10.282,0.28,216990.0,False
300.0,d8e0991db153700fc6f942a70d96d0d8.param,1.0,0.0,0.0,9.44,270657042.0,9701832db238816c935bf0e9e24020f4,555973.0,1.0,0.0,10.462,Original,460620.0,0.0,216108.0,11364.0,0.728,880.0,11364.0,-1.0,12742.0,0.0,781683.0,3229.0,270657042.0,41.0,9.581,10.309000000000001,0.28,216990.0,False
300.0,d8e0991db153700fc6f942a70d96d0d8.param,2.0,0.0,0.0,9.103,270657042.0,9701832db238816c935bf0e9e24020f4,555973.0,1.0,0.0,10.492,Original,460620.0,0.0,216108.0,11364.0,0.72,880.0,11364.0,-1.0,12742.0,0.0,781683.0,3229.0,270657042.0,41.0,9.585,10.305,0.28,216990.0,False
300.0,96344359b1d56ff7726ed1408e74685f.param,0.0,0.0,0.0,32.516,746355495.0,1439edc5e2cb5c875ee4bfa82d0db650,359496.0,1.0,0.0,10.974,Original,233681.0,0.0,898355.0,10265.0,3.2239999999999998,4345.0,10265.0,-1.0,12118.0,0.0,787038.0,16981.0,746355495.0,36.0,7.237,10.460999999999999,0.42,902702.0,False
300.0,96344359b1d56ff7726ed1408e74685f.param,1.0,0.0,0.0,31.401999999999997,746355495.0,1439edc5e2cb5c875ee4bfa82d0db650,359496.0,1.0,0.0,11.214,Original,233681.0,0.0,898355.0,10265.0,3.278,4345.0,10265.0,-1.0,12118.0,0.0,787038.0,16981.0,746355495.0,36.0,7.319,10.597000000000001,0.42,902702.0,False
300.0,96344359b1d56ff7726ed1408e74685f.param,2.0,0.0,0.0,32.008,746355495.0,1439edc5e2cb5c875ee4bfa82d0db650,359496.0,1.0,0.0,10.96,Original,233681.0,0.0,898355.0,10265.0,3.218,4345.0,10265.0,-1.0,12118.0,0.0,787038.0,16981.0,746355495.0,36.0,7.25,10.468,0.42,902702.0,False
300.0,947c519055ac35bb731937204fc0d266.param,0.0,0.0,0.0,46.255,1979567522.0,8086581617673fbefd90cfca9caeebd7,4041127.0,1.0,0.0,91.443,Original,3475144.0,0.0,1307801.0,24602.0,4.766,4407.0,24602.0,-1.0,33173.0,0.0,2579569.0,17175.0,1979567522.0,76.0,85.90799999999999,90.67399999999999,0.63,1312210.0,False
300.0,947c519055ac35bb731937204fc0d266.param,1.0,0.0,0.0,45.845,1979567522.0,8086581617673fbefd90cfca9caeebd7,4041127.0,1.0,0.0,91.45299999999999,Original,3475144.0,0.0,1307801.0,24602.0,4.7810000000000015,4407.0,24602.0,-1.0,33173.0,0.0,2579569.0,17175.0,1979567522.0,76.0,85.816,90.59700000000001,0.63,1312210.0,False
300.0,947c519055ac35bb731937204fc0d266.param,2.0,0.0,0.0,48.855,1979567522.0,8086581617673fbefd90cfca9caeebd7,4041127.0,1.0,0.0,91.89200000000001,Original,3475144.0,0.0,1307801.0,24602.0,4.695,4407.0,24602.0,-1.0,33173.0,0.0,2579569.0,17175.0,1979567522.0,76.0,86.46700000000001,91.162,0.63,1312210.0,False
300.0,7c8d5058b5b148685018d3330ac42f68.param,0.0,0.0,0.0,37.458,1258716603.0,656a459a443a9d20b89fa46bb690261c,901358.0,1.0,0.0,64.38600000000001,Original,513745.0,0.0,1154150.0,22573.0,4.423,4230.0,22573.0,-1.0,25815.0,0.0,1239170.0,16506.0,1258716603.0,65.0,59.203,63.62600000000001,0.63,1158382.0,False
300.0,7c8d5058b5b148685018d3330ac42f68.param,1.0,0.0,0.0,38.769,1258716603.0,656a459a443a9d20b89fa46bb690261c,901358.0,1.0,0.0,64.102,Original,513745.0,0.0,1154150.0,22573.0,4.125,4230.0,22573.0,-1.0,25815.0,0.0,1239170.0,16506.0,1258716603.0,65.0,59.316,63.441,0.63,1158382.0,False
300.0,7c8d5058b5b148685018d3330ac42f68.param,2.0,0.0,0.0,38.475,1258716603.0,656a459a443a9d20b89fa46bb690261c,901358.0,1.0,0.0,64.042,Original,513745.0,0.0,1154150.0,22573.0,4.138999999999999,4230.0,22573.0,-1.0,25815.0,0.0,1239170.0,16506.0,1258716603.0,65.0,59.04,63.178999999999995,0.63,1158382.0,False
300.0,da23055718a39734c4c353a6c30d342b.param,0.0,0.0,0.0,39.945,1405409883.0,3e70619afdb83dd22906ed79450b5e87,313508.0,1.0,0.0,16.405,Original,143032.0,0.0,1117949.0,11800.0,4.022,5040.0,11800.0,-1.0,15031.0,0.0,668600.0,19734.0,1405409883.0,44.0,11.622,15.644,0.42,1122991.0,False
300.0,da23055718a39734c4c353a6c30d342b.param,1.0,0.0,0.0,38.031,1405409883.0,3e70619afdb83dd22906ed79450b5e87,313508.0,1.0,0.0,16.69,Original,143032.0,0.0,1117949.0,11800.0,3.9989999999999997,5040.0,11800.0,-1.0,15031.0,0.0,668600.0,19734.0,1405409883.0,44.0,11.865,15.864,0.42,1122991.0,False
300.0,da23055718a39734c4c353a6c30d342b.param,2.0,0.0,0.0,38.62300000000001,1405409883.0,3e70619afdb83dd22906ed79450b5e87,313508.0,1.0,0.0,16.147000000000002,Original,143032.0,0.0,1117949.0,11800.0,3.958,5040.0,11800.0,-1.0,15031.0,0.0,668600.0,19734.0,1405409883.0,44.0,11.578,15.536,0.42,1122991.0,False
300.0,40381a7c5087f4ca968ce41333deeb15.param,0.0,0.0,0.0,21.651,746355495.0,b8a8933947eced8e4aea672dca9cc829,157008.0,1.0,0.0,11.478,Original,36797.0,0.0,604509.0,10399.0,2.105,2840.0,10399.0,-1.0,12673.0,0.0,530036.0,11030.0,746355495.0,37.0,9.041,11.145999999999999,0.28,607351.0,False
300.0,40381a7c5087f4ca968ce41333deeb15.param,1.0,0.0,0.0,23.926,746355495.0,b8a8933947eced8e4aea672dca9cc829,157008.0,1.0,0.0,11.552999999999999,Original,36797.0,0.0,604509.0,10399.0,2.117,2840.0,10399.0,-1.0,12673.0,0.0,530036.0,11030.0,746355495.0,37.0,9.079,11.196,0.28,607351.0,False
300.0,40381a7c5087f4ca968ce41333deeb15.param,2.0,0.0,0.0,21.195,746355495.0,b8a8933947eced8e4aea672dca9cc829,157008.0,1.0,0.0,11.377,Original,36797.0,0.0,604509.0,10399.0,2.066,2840.0,10399.0,-1.0,12673.0,0.0,530036.0,11030.0,746355495.0,37.0,8.991,11.057,0.28,607351.0,False
300.0,902f37d04b6af4dd50620fbce6af0b97.param,0.0,0.0,0.0,43.17100000000001,1258716603.0,0430a539d509a92fb09fad95ceb2055e,833947.0,1.0,0.0,21.561999999999998,Original,587972.0,0.0,1147385.0,13749.0,4.093,4845.0,13749.0,-1.0,20989.0,0.0,985801.0,18957.0,1258716603.0,49.0,16.865,20.958000000000002,0.42,1152232.0,False
300.0,902f37d04b6af4dd50620fbce6af0b97.param,1.0,0.0,0.0,39.496,1258716603.0,0430a539d509a92fb09fad95ceb2055e,833947.0,1.0,0.0,21.674,Original,587972.0,0.0,1147385.0,13749.0,4.091,4845.0,13749.0,-1.0,20989.0,0.0,985801.0,18957.0,1258716603.0,49.0,16.991,21.081999999999997,0.42,1152232.0,False
300.0,902f37d04b6af4dd50620fbce6af0b97.param,2.0,0.0,0.0,38.928000000000004,1258716603.0,0430a539d509a92fb09fad95ceb2055e,833947.0,1.0,0.0,21.454,Original,587972.0,0.0,1147385.0,13749.0,4.073,4845.0,13749.0,-1.0,20989.0,0.0,985801.0,18957.0,1258716603.0,49.0,16.76,20.833000000000002,0.42,1152232.0,False
300.0,62e0a8d6f7569c04cf8f5f709636e77e.param,0.0,0.0,0.0,23.064,1057470620.0,5425b6570ad531e918fe070022586159,7612026.0,1.0,0.0,89.421,Original,6940728.0,0.0,628782.0,23183.0,2.178,2210.0,23183.0,-1.0,39460.0,0.0,2377293.0,8402.0,1057470620.0,69.0,86.897,89.075,0.94,630994.0,False
300.0,62e0a8d6f7569c04cf8f5f709636e77e.param,1.0,0.0,0.0,23.131,1057470620.0,5425b6570ad531e918fe070022586159,7612026.0,1.0,0.0,91.295,Original,6940728.0,0.0,628782.0,23183.0,2.213,2210.0,23183.0,-1.0,39460.0,0.0,2377293.0,8402.0,1057470620.0,69.0,88.58200000000002,90.795,0.94,630994.0,False
300.0,62e0a8d6f7569c04cf8f5f709636e77e.param,2.0,0.0,0.0,23.283,1057470620.0,5425b6570ad531e918fe070022586159,7612026.0,1.0,0.0,88.62799999999999,Original,6940728.0,0.0,628782.0,23183.0,2.186,2210.0,23183.0,-1.0,39460.0,0.0,2377293.0,8402.0,1057470620.0,69.0,86.069,88.255,0.94,630994.0,False
300.0,45f3b2d841eff242a2cd183a0c58dc4d.param,0.0,0.0,0.0,10.877,1257636424.0,80e21f0e747706c60c4789b4098f9701,3584719.0,1.0,0.0,42.90600000000001,Original,3262006.0,0.0,280099.0,15885.0,1.0190000000000001,1064.0,15885.0,-1.0,26564.0,0.0,2111957.0,3836.0,1257636424.0,60.0,41.655,42.674,0.63,281165.0,False
300.0,45f3b2d841eff242a2cd183a0c58dc4d.param,1.0,0.0,0.0,10.799000000000001,1257636424.0,80e21f0e747706c60c4789b4098f9701,3584719.0,1.0,0.0,43.748999999999995,Original,3262006.0,0.0,280099.0,15885.0,0.9570000000000001,1064.0,15885.0,-1.0,26564.0,0.0,2111957.0,3836.0,1257636424.0,60.0,42.597,43.553999999999995,0.63,281165.0,False
300.0,45f3b2d841eff242a2cd183a0c58dc4d.param,2.0,0.0,0.0,10.562000000000001,1257636424.0,80e21f0e747706c60c4789b4098f9701,3584719.0,1.0,0.0,42.036,Original,3262006.0,0.0,280099.0,15885.0,0.941,1064.0,15885.0,-1.0,26564.0,0.0,2111957.0,3836.0,1257636424.0,60.0,40.902,41.843,0.63,281165.0,False
300.0,62b5368b71f5a58af6d0df94093218da.param,0.0,0.0,0.0,37.868,590654055.0,c1be248fdf66592fb21cf473c09c8bf9,2834478.0,1.0,0.0,50.14,Original,2358399.0,0.0,1117269.0,15281.0,4.0280000000000005,4440.0,15281.0,-1.0,34849.0,0.0,1587742.0,17310.0,590654055.0,56.0,45.472,49.5,0.94,1121711.0,False
300.0,62b5368b71f5a58af6d0df94093218da.param,1.0,0.0,0.0,37.629,590654055.0,c1be248fdf66592fb21cf473c09c8bf9,2834478.0,1.0,0.0,49.315,Original,2358399.0,0.0,1117269.0,15281.0,3.9760000000000004,4440.0,15281.0,-1.0,34849.0,0.0,1587742.0,17310.0,590654055.0,56.0,44.713,48.68899999999999,0.94,1121711.0,False
300.0,62b5368b71f5a58af6d0df94093218da.param,2.0,0.0,0.0,38.584,590654055.0,c1be248fdf66592fb21cf473c09c8bf9,2834478.0,1.0,0.0,48.926,Original,2358399.0,0.0,1117269.0,15281.0,3.97,4440.0,15281.0,-1.0,34849.0,0.0,1587742.0,17310.0,590654055.0,56.0,44.31399999999999,48.284,0.94,1121711.0,False
300.0,05e1a93acf56766caa36729883ed69ed.param,0.0,0.0,0.0,83.833,1571287961.0,aa354cce5c0a484ffc4fb1a98f1a3afe,13826401.0,1.0,0.0,215.37400000000002,Original,12779920.0,0.0,2426361.0,24089.0,9.001,8437.0,24089.0,-1.0,56090.0,0.0,4100610.0,33145.0,1571287961.0,72.0,205.071,214.072,1.41,2434800.0,False
300.0,05e1a93acf56766caa36729883ed69ed.param,1.0,0.0,0.0,83.24799999999998,1571287961.0,aa354cce5c0a484ffc4fb1a98f1a3afe,13826401.0,1.0,0.0,215.358,Original,12779920.0,0.0,2426361.0,24089.0,8.974,8437.0,24089.0,-1.0,56090.0,0.0,4100610.0,33145.0,1571287961.0,72.0,204.641,213.615,1.41,2434800.0,False
300.0,05e1a93acf56766caa36729883ed69ed.param,2.0,0.0,0.0,86.835,1571287961.0,aa354cce5c0a484ffc4fb1a98f1a3afe,13826401.0,1.0,0.0,213.05,Original,12779920.0,0.0,2426361.0,24089.0,9.0,8437.0,24089.0,-1.0,56090.0,0.0,4100610.0,33145.0,1571287961.0,72.0,202.352,211.352,1.41,2434800.0,False
300.0,9c8685614d2fcc8ed75e3df0b278a590.param,0.0,0.0,0.0,24.256,506016928.0,9b3613ee358d7b8168d076af74eecb79,3763422.0,1.0,0.0,46.677,Original,3270533.0,0.0,647827.0,15800.0,2.287,2486.0,15800.0,-1.0,31820.0,0.0,1683866.0,9542.0,506016928.0,60.0,44.022,46.309,0.63,650315.0,False
300.0,9c8685614d2fcc8ed75e3df0b278a590.param,1.0,0.0,0.0,23.171999999999997,506016928.0,9b3613ee358d7b8168d076af74eecb79,3763422.0,1.0,0.0,44.726000000000006,Original,3270533.0,0.0,647827.0,15800.0,2.301,2486.0,15800.0,-1.0,31820.0,0.0,1683866.0,9542.0,506016928.0,60.0,42.068999999999996,44.37,0.63,650315.0,False
300.0,9c8685614d2fcc8ed75e3df0b278a590.param,2.0,0.0,0.0,22.691999999999997,506016928.0,9b3613ee358d7b8168d076af74eecb79,3763422.0,1.0,0.0,46.091,Original,3270533.0,0.0,647827.0,15800.0,2.404,2486.0,15800.0,-1.0,31820.0,0.0,1683866.0,9542.0,506016928.0,60.0,43.181999999999995,45.58600000000001,0.63,650315.0,False
300.0,e3acebf7a8b1b7baee676b2504100871.param,0.0,0.0,0.0,7.8729999999999976,600810857.0,1ea57cff83c4188182a4523935d38777,760340.0,1.0,0.0,17.708,Original,633265.0,0.0,197054.0,11805.0,0.652,732.0,11805.0,-1.0,15260.0,0.0,1205778.0,2547.0,600810857.0,44.0,16.92,17.572,0.42,197788.0,False
300.0,e3acebf7a8b1b7baee676b2504100871.param,1.0,0.0,0.0,7.706,600810857.0,1ea57cff83c4188182a4523935d38777,760340.0,1.0,0.0,18.137,Original,633265.0,0.0,197054.0,11805.0,0.665,732.0,11805.0,-1.0,15260.0,0.0,1205778.0,2547.0,600810857.0,44.0,17.299,17.964000000000006,0.42,197788.0,False
300.0,e3acebf7a8b1b7baee676b2504100871.param,2.0,0.0,0.0,8.222000000000001,600810857.0,1ea57cff83c4188182a4523935d38777,760340.0,1.0,0.0,17.774,Original,633265.0,0.0,197054.0,11805.0,0.6659999999999999,732.0,11805.0,-1.0,15260.0,0.0,1205778.0,2547.0,600810857.0,44.0,16.97,17.636,0.42,197788.0,False
300.0,a14c00732fcd60d2f8416079c6315cd5.param,0.0,0.0,0.0,14.854000000000001,95956545.0,fe8e144245334ceb5ed7591343c714b8,1904543.0,1.0,0.0,47.153,Original,1573903.0,0.0,369966.0,22400.0,1.244,1372.0,22400.0,-1.0,22588.0,0.0,1499743.0,5155.0,95956545.0,64.0,45.625,46.869,0.63,371340.0,False
300.0,a14c00732fcd60d2f8416079c6315cd5.param,1.0,0.0,0.0,13.892000000000001,95956545.0,fe8e144245334ceb5ed7591343c714b8,1904543.0,1.0,0.0,47.618,Original,1573903.0,0.0,369966.0,22400.0,1.265,1372.0,22400.0,-1.0,22588.0,0.0,1499743.0,5155.0,95956545.0,64.0,46.115,47.38,0.63,371340.0,False
300.0,a14c00732fcd60d2f8416079c6315cd5.param,2.0,0.0,0.0,14.047,95956545.0,fe8e144245334ceb5ed7591343c714b8,1904543.0,1.0,0.0,47.898999999999994,Original,1573903.0,0.0,369966.0,22400.0,1.268,1372.0,22400.0,-1.0,22588.0,0.0,1499743.0,5155.0,95956545.0,64.0,46.401,47.669,0.63,371340.0,False
300.0,5acf53328f53703eb5ee3288a3efea11.param,0.0,0.0,0.0,22.641,590654055.0,110996a5c998b9022aa356b4a0060448,7250629.0,1.0,0.0,154.696,Original,6672528.0,0.0,648566.0,24095.0,2.2769999999999997,2232.0,24095.0,-1.0,36305.0,0.0,2345284.0,8505.0,590654055.0,72.0,151.914,154.191,0.94,650800.0,False
300.0,5acf53328f53703eb5ee3288a3efea11.param,1.0,0.0,0.0,23.20300000000001,590654055.0,110996a5c998b9022aa356b4a0060448,7250629.0,1.0,0.0,157.002,Original,6672528.0,0.0,648566.0,24095.0,2.305,2232.0,24095.0,-1.0,36305.0,0.0,2345284.0,8505.0,590654055.0,72.0,154.22899999999996,156.534,0.94,650800.0,False
300.0,5acf53328f53703eb5ee3288a3efea11.param,2.0,0.0,0.0,22.264,590654055.0,110996a5c998b9022aa356b4a0060448,7250629.0,1.0,0.0,152.92700000000005,Original,6672528.0,0.0,648566.0,24095.0,2.412,2232.0,24095.0,-1.0,36305.0,0.0,2345284.0,8505.0,590654055.0,72.0,150.131,152.543,0.94,650800.0,False
300.0,7b5860221ac4bf880739e34b36b6d1fb.param,0.0,0.0,0.0,40.304,95956545.0,c1c36e9bb13e24d842cdf915bd8918a3,2362551.0,1.0,0.0,89.454,Original,1797133.0,0.0,1078804.0,24095.0,3.909,3710.0,24095.0,-1.0,34167.0,0.0,1758827.0,14420.0,95956545.0,72.0,84.954,88.863,0.94,1082516.0,False
300.0,7b5860221ac4bf880739e34b36b6d1fb.param,1.0,0.0,0.0,39.903,95956545.0,c1c36e9bb13e24d842cdf915bd8918a3,2362551.0,1.0,0.0,89.477,Original,1797133.0,0.0,1078804.0,24095.0,3.86,3710.0,24095.0,-1.0,34167.0,0.0,1758827.0,14420.0,95956545.0,72.0,85.01299999999998,88.87299999999998,0.94,1082516.0,False
300.0,7b5860221ac4bf880739e34b36b6d1fb.param,2.0,0.0,0.0,40.674,95956545.0,c1c36e9bb13e24d842cdf915bd8918a3,2362551.0,1.0,0.0,89.82700000000001,Original,1797133.0,0.0,1078804.0,24095.0,4.032,3710.0,24095.0,-1.0,34167.0,0.0,1758827.0,14420.0,95956545.0,72.0,85.195,89.227,0.94,1082516.0,False
300.0,86d0a459cbac55d6b0ecb8de1373f318.param,0.0,0.0,0.0,36.62300000000001,34754393.0,6d095d1a6f35b03783cee7d1b41c6928,1511727.0,1.0,0.0,26.656,Original,1296474.0,0.0,1085821.0,9724.0,3.889,5499.0,9724.0,-1.0,24730.0,0.0,1061750.0,21507.0,34754393.0,33.0,21.951999999999998,25.840999999999998,0.63,1091322.0,False
300.0,86d0a459cbac55d6b0ecb8de1373f318.param,1.0,0.0,0.0,37.626999999999995,34754393.0,6d095d1a6f35b03783cee7d1b41c6928,1511727.0,1.0,0.0,26.288,Original,1296474.0,0.0,1085821.0,9724.0,3.924,5499.0,9724.0,-1.0,24730.0,0.0,1061750.0,21507.0,34754393.0,33.0,21.748,25.671999999999997,0.63,1091322.0,False
300.0,86d0a459cbac55d6b0ecb8de1373f318.param,2.0,0.0,0.0,39.35,34754393.0,6d095d1a6f35b03783cee7d1b41c6928,1511727.0,1.0,0.0,25.968000000000004,Original,1296474.0,0.0,1085821.0,9724.0,3.898,5499.0,9724.0,-1.0,24730.0,0.0,1061750.0,21507.0,34754393.0,33.0,21.474,25.372,0.63,1091322.0,False
300.0,291d875a60416791f305122ac9d8b34d.param,0.0,0.0,0.0,20.553,1923385776.0,420f71e7a8f33526adf83552dc17853f,1256905.0,1.0,0.0,78.21600000000002,Original,801969.0,0.0,546631.0,23094.0,1.892,1940.0,23094.0,-1.0,26211.0,0.0,1319809.0,7412.0,1923385776.0,68.0,75.928,77.82,0.63,548573.0,False
300.0,291d875a60416791f305122ac9d8b34d.param,1.0,0.0,0.0,22.112,1923385776.0,420f71e7a8f33526adf83552dc17853f,1256905.0,1.0,0.0,79.619,Original,801969.0,0.0,546631.0,23094.0,1.939,1940.0,23094.0,-1.0,26211.0,0.0,1319809.0,7412.0,1923385776.0,68.0,77.359,79.298,0.63,548573.0,False
300.0,291d875a60416791f305122ac9d8b34d.param,2.0,0.0,0.0,20.049,1923385776.0,420f71e7a8f33526adf83552dc17853f,1256905.0,1.0,0.0,78.367,Original,801969.0,0.0,546631.0,23094.0,2.044,1940.0,23094.0,-1.0,26211.0,0.0,1319809.0,7412.0,1923385776.0,68.0,75.961,78.005,0.63,548573.0,False
300.0,2c863ef862f94f5be37b35a0e4c17156.param,0.0,0.0,0.0,34.971,1235388569.0,051b47a2b3a131fc7832a14d4fad0baf,3163448.0,1.0,0.0,74.12899999999998,Original,2689540.0,0.0,976241.0,23092.0,3.467,3502.0,23092.0,-1.0,30522.0,0.0,1741861.0,13600.0,1235388569.0,68.0,70.124,73.59100000000002,0.63,979745.0,False
300.0,2c863ef862f94f5be37b35a0e4c17156.param,1.0,0.0,0.0,34.141999999999996,1235388569.0,051b47a2b3a131fc7832a14d4fad0baf,3163448.0,1.0,0.0,74.056,Original,2689540.0,0.0,976241.0,23092.0,3.45,3502.0,23092.0,-1.0,30522.0,0.0,1741861.0,13600.0,1235388569.0,68.0,70.042,73.492,0.63,979745.0,False
300.0,2c863ef862f94f5be37b35a0e4c17156.param,2.0,0.0,0.0,35.801,1235388569.0,051b47a2b3a131fc7832a14d4fad0baf,3163448.0,1.0,0.0,73.743,Original,2689540.0,0.0,976241.0,23092.0,3.443,3502.0,23092.0,-1.0,30522.0,0.0,1741861.0,13600.0,1235388569.0,68.0,69.692,73.135,0.63,979745.0,False
300.0,ea7bd7600bcbe337da419744986a2765.param,0.0,0.0,0.0,56.346000000000004,1057470620.0,4ea193028fabd31c9fb84864cd67ca96,5075755.0,1.0,0.0,147.039,Original,4289179.0,0.0,1522889.0,24185.0,5.521,5240.0,24185.0,-1.0,45958.0,0.0,2531245.0,20450.0,1057470620.0,73.0,140.674,146.195,0.94,1528131.0,False
300.0,ea7bd7600bcbe337da419744986a2765.param,1.0,0.0,0.0,52.56100000000001,1057470620.0,4ea193028fabd31c9fb84864cd67ca96,5075755.0,1.0,0.0,146.645,Original,4289179.0,0.0,1522889.0,24185.0,5.572,5240.0,24185.0,-1.0,45958.0,0.0,2531245.0,20450.0,1057470620.0,73.0,140.239,145.811,0.94,1528131.0,False
300.0,ea7bd7600bcbe337da419744986a2765.param,2.0,0.0,0.0,55.172,1057470620.0,4ea193028fabd31c9fb84864cd67ca96,5075755.0,1.0,0.0,147.983,Original,4289179.0,0.0,1522889.0,24185.0,5.558,5240.0,24185.0,-1.0,45958.0,0.0,2531245.0,20450.0,1057470620.0,73.0,141.262,146.82,0.94,1528131.0,False
300.0,53797da70b0cf5f28e45644f5fda249f.param,0.0,0.0,0.0,7.6270000000000024,1923385776.0,cd1ef9386f034ab972e1185cb5537100,828956.0,1.0,0.0,12.175999999999998,Original,676487.0,0.0,192209.0,15379.0,0.643,642.0,15379.0,-1.0,13505.0,0.0,1374979.0,2232.0,1923385776.0,57.0,11.395,12.038,0.28,192853.0,False
300.0,53797da70b0cf5f28e45644f5fda249f.param,1.0,0.0,0.0,7.905,1923385776.0,cd1ef9386f034ab972e1185cb5537100,828956.0,1.0,0.0,12.562000000000001,Original,676487.0,0.0,192209.0,15379.0,0.6659999999999999,642.0,15379.0,-1.0,13505.0,0.0,1374979.0,2232.0,1923385776.0,57.0,11.754000000000001,12.42,0.28,192853.0,False
300.0,53797da70b0cf5f28e45644f5fda249f.param,2.0,0.0,0.0,7.439,1923385776.0,cd1ef9386f034ab972e1185cb5537100,828956.0,1.0,0.0,12.152000000000001,Original,676487.0,0.0,192209.0,15379.0,0.643,642.0,15379.0,-1.0,13505.0,0.0,1374979.0,2232.0,1923385776.0,57.0,11.378,12.020999999999999,0.28,192853.0,False
300.0,7c50c2c12e2aac2541da57a3aad7ca55.param,0.0,0.0,0.0,60.534,182366586.0,1bfb64963fb6fffe57e3c03fbbd4deb8,850947.0,1.0,0.0,54.138999999999996,Original,461048.0,0.0,1694292.0,23092.0,6.183,6076.0,23092.0,-1.0,24001.0,0.0,1260841.0,23827.0,182366586.0,68.0,46.86600000000001,53.049,0.63,1700370.0,False
300.0,7c50c2c12e2aac2541da57a3aad7ca55.param,1.0,0.0,0.0,60.843999999999994,182366586.0,1bfb64963fb6fffe57e3c03fbbd4deb8,850947.0,1.0,0.0,53.233999999999995,Original,461048.0,0.0,1694292.0,23092.0,6.087999999999999,6076.0,23092.0,-1.0,24001.0,0.0,1260841.0,23827.0,182366586.0,68.0,46.243,52.331,0.63,1700370.0,False
300.0,7c50c2c12e2aac2541da57a3aad7ca55.param,2.0,0.0,0.0,58.974,182366586.0,1bfb64963fb6fffe57e3c03fbbd4deb8,850947.0,1.0,0.0,54.103,Original,461048.0,0.0,1694292.0,23092.0,6.141,6076.0,23092.0,-1.0,24001.0,0.0,1260841.0,23827.0,182366586.0,68.0,46.755,52.896,0.63,1700370.0,False
300.0,3516b948e6368c1e04e766cb3dbf658f.param,0.0,0.0,0.0,76.946,1235388569.0,27c7a01164947a3d4e24cc3189e22a8f,1007333.0,1.0,0.0,34.739000000000004,Original,750037.0,0.0,2300239.0,22482.0,8.36,8160.0,22482.0,-1.0,21136.0,0.0,2163608.0,32100.0,1235388569.0,64.0,24.736,33.096,0.63,2308401.0,False
300.0,3516b948e6368c1e04e766cb3dbf658f.param,1.0,0.0,0.0,78.484,1235388569.0,27c7a01164947a3d4e24cc3189e22a8f,1007333.0,1.0,0.0,34.167,Original,750037.0,0.0,2300239.0,22482.0,8.399,8160.0,22482.0,-1.0,21136.0,0.0,2163608.0,32100.0,1235388569.0,64.0,24.559,32.958,0.63,2308401.0,False
300.0,3516b948e6368c1e04e766cb3dbf658f.param,2.0,0.0,0.0,76.955,1235388569.0,27c7a01164947a3d4e24cc3189e22a8f,1007333.0,1.0,0.0,33.946999999999996,Original,750037.0,0.0,2300239.0,22482.0,8.332,8160.0,22482.0,-1.0,21136.0,0.0,2163608.0,32100.0,1235388569.0,64.0,24.359,32.691,0.63,2308401.0,False
300.0,55b26376914ebad092e2e305df354383.param,0.0,0.0,0.0,21.079,1470727592.0,2ae3c193a5b7638ca24fe109bcb39867,812286.0,1.0,0.0,27.86,Original,503848.0,0.0,563300.0,15800.0,1.972,2160.0,15800.0,-1.0,25070.0,0.0,1053087.0,8301.0,1470727592.0,60.0,25.541,27.513,0.63,565462.0,False
300.0,55b26376914ebad092e2e305df354383.param,1.0,0.0,0.0,21.706,1470727592.0,2ae3c193a5b7638ca24fe109bcb39867,812286.0,1.0,0.0,28.221,Original,503848.0,0.0,563300.0,15800.0,1.972,2160.0,15800.0,-1.0,25070.0,0.0,1053087.0,8301.0,1470727592.0,60.0,25.816,27.788,0.63,565462.0,False
300.0,55b26376914ebad092e2e305df354383.param,2.0,0.0,0.0,19.585,1470727592.0,2ae3c193a5b7638ca24fe109bcb39867,812286.0,1.0,0.0,27.939,Original,503848.0,0.0,563300.0,15800.0,1.985,2160.0,15800.0,-1.0,25070.0,0.0,1053087.0,8301.0,1470727592.0,60.0,25.638,27.623,0.63,565462.0,False
300.0,e132556b0d38151640e92d05691dbdbe.param,0.0,0.0,0.0,64.289,1918631718.0,7931e9d6f853c72296a887da5850d96b,4264641.0,1.0,0.0,97.96700000000001,Original,3644618.0,0.0,1781213.0,23180.0,6.535,6324.0,23180.0,-1.0,40485.0,0.0,2213598.0,24774.0,1918631718.0,69.0,90.464,96.999,0.94,1787539.0,False
300.0,e132556b0d38151640e92d05691dbdbe.param,1.0,0.0,0.0,60.732,1918631718.0,7931e9d6f853c72296a887da5850d96b,4264641.0,1.0,0.0,100.564,Original,3644618.0,0.0,1781213.0,23180.0,6.487,6324.0,23180.0,-1.0,40485.0,0.0,2213598.0,24774.0,1918631718.0,69.0,93.115,99.602,0.94,1787539.0,False
300.0,e132556b0d38151640e92d05691dbdbe.param,2.0,0.0,0.0,64.97800000000001,1918631718.0,7931e9d6f853c72296a887da5850d96b,4264641.0,1.0,0.0,98.42299999999999,Original,3644618.0,0.0,1781213.0,23180.0,6.4879999999999995,6324.0,23180.0,-1.0,40485.0,0.0,2213598.0,24774.0,1918631718.0,69.0,90.984,97.47200000000001,0.94,1787539.0,False
300.0,f09afe8bb1fa94a49596406bf88166c9.param,0.0,0.0,0.0,38.488,1918631718.0,81f16d63df66742cb7494cae2523b08f,3712707.0,1.0,0.0,54.24,Original,3184148.0,0.0,1096189.0,15363.0,3.949,4255.0,15363.0,-1.0,39180.0,0.0,1708570.0,16567.0,1918631718.0,57.0,49.666000000000004,53.615,0.94,1100446.0,False
300.0,f09afe8bb1fa94a49596406bf88166c9.param,1.0,0.0,0.0,39.755,1918631718.0,81f16d63df66742cb7494cae2523b08f,3712707.0,1.0,0.0,53.911,Original,3184148.0,0.0,1096189.0,15363.0,3.918,4255.0,15363.0,-1.0,39180.0,0.0,1708570.0,16567.0,1918631718.0,57.0,49.403999999999996,53.321999999999996,0.94,1100446.0,False
300.0,f09afe8bb1fa94a49596406bf88166c9.param,2.0,0.0,0.0,37.864000000000004,1918631718.0,81f16d63df66742cb7494cae2523b08f,3712707.0,1.0,0.0,54.588,Original,3184148.0,0.0,1096189.0,15363.0,3.91,4255.0,15363.0,-1.0,39180.0,0.0,1708570.0,16567.0,1918631718.0,57.0,50.04,53.95,0.94,1100446.0,False
300.0,ceb1794b37ee7a46798c6a75e6be96ab.param,0.0,0.0,0.0,15.533,590654055.0,427877a416699fade5c90b53961c914c,2981977.0,1.0,0.0,62.36600000000001,Original,2641962.0,0.0,393015.0,23084.0,1.344,1353.0,23084.0,-1.0,25431.0,0.0,2245806.0,5013.0,590654055.0,68.0,60.723,62.067,0.63,394370.0,False
300.0,ceb1794b37ee7a46798c6a75e6be96ab.param,1.0,0.0,0.0,15.177999999999999,590654055.0,427877a416699fade5c90b53961c914c,2981977.0,1.0,0.0,62.917,Original,2641962.0,0.0,393015.0,23084.0,1.3459999999999999,1353.0,23084.0,-1.0,25431.0,0.0,2245806.0,5013.0,590654055.0,68.0,61.26300000000001,62.608999999999995,0.63,394370.0,False
300.0,ceb1794b37ee7a46798c6a75e6be96ab.param,2.0,0.0,0.0,15.035,590654055.0,427877a416699fade5c90b53961c914c,2981977.0,1.0,0.0,62.354,Original,2641962.0,0.0,393015.0,23084.0,1.412,1353.0,23084.0,-1.0,25431.0,0.0,2245806.0,5013.0,590654055.0,68.0,60.681000000000004,62.093,0.63,394370.0,False
300.0,85c2d2f2fd6238e8bf0bbcfd97821631.param,0.0,0.0,0.0,39.199,1979567522.0,1a2e11406642bbcb370f4d7cf70ad5cb,6480050.0,1.0,0.0,245.533,Original,5754849.0,0.0,1165598.0,23180.0,4.137,4140.0,23180.0,-1.0,45799.0,0.0,2428102.0,16059.0,1979567522.0,69.0,240.71400000000003,244.851,0.94,1169740.0,False
300.0,85c2d2f2fd6238e8bf0bbcfd97821631.param,1.0,0.0,0.0,42.755,1979567522.0,1a2e11406642bbcb370f4d7cf70ad5cb,6480050.0,1.0,0.0,245.429,Original,5754849.0,0.0,1165598.0,23180.0,4.336,4140.0,23180.0,-1.0,45799.0,0.0,2428102.0,16059.0,1979567522.0,69.0,240.253,244.58900000000003,0.94,1169740.0,False
300.0,85c2d2f2fd6238e8bf0bbcfd97821631.param,2.0,0.0,0.0,39.234,1979567522.0,1a2e11406642bbcb370f4d7cf70ad5cb,6480050.0,1.0,0.0,244.93400000000003,Original,5754849.0,0.0,1165598.0,23180.0,4.198,4140.0,23180.0,-1.0,45799.0,0.0,2428102.0,16059.0,1979567522.0,69.0,240.02900000000002,244.227,0.94,1169740.0,False
300.0,056d65a7bb6760a4c29fabc08869fd2b.param,0.0,0.0,0.0,89.866,160742207.0,e49ec1603d3f6884eb02c85488ed8f4a,473423.0,1.0,0.0,34.023,Original,258479.0,0.0,2398153.0,23126.0,8.824,8330.0,23126.0,-1.0,15289.0,0.0,1443946.0,32774.0,160742207.0,69.0,23.855,32.679,0.63,2406485.0,False
300.0,056d65a7bb6760a4c29fabc08869fd2b.param,1.0,0.0,0.0,82.51700000000002,160742207.0,e49ec1603d3f6884eb02c85488ed8f4a,473423.0,1.0,0.0,33.888000000000005,Original,258479.0,0.0,2398153.0,23126.0,8.812999999999997,8330.0,23126.0,-1.0,15289.0,0.0,1443946.0,32774.0,160742207.0,69.0,23.765,32.578,0.63,2406485.0,False
300.0,056d65a7bb6760a4c29fabc08869fd2b.param,2.0,0.0,0.0,85.421,160742207.0,e49ec1603d3f6884eb02c85488ed8f4a,473423.0,1.0,0.0,34.249,Original,258479.0,0.0,2398153.0,23126.0,8.745,8330.0,23126.0,-1.0,15289.0,0.0,1443946.0,32774.0,160742207.0,69.0,23.796,32.541,0.63,2406485.0,False
300.0,9fea3b5fddf357019f10d5f61fc8a74b.param,0.0,0.0,0.0,32.751,693280077.0,49a3a708f6ce42c50180b30a09a0d923,388038.0,1.0,0.0,15.133,Original,242796.0,0.0,898049.0,10200.0,3.2110000000000003,4410.0,10200.0,-1.0,16992.0,0.0,637012.0,17226.0,693280077.0,36.0,11.419,14.63,0.42,902461.0,False
300.0,9fea3b5fddf357019f10d5f61fc8a74b.param,1.0,0.0,0.0,30.465,693280077.0,49a3a708f6ce42c50180b30a09a0d923,388038.0,1.0,0.0,15.261,Original,242796.0,0.0,898049.0,10200.0,3.219,4410.0,10200.0,-1.0,16992.0,0.0,637012.0,17226.0,693280077.0,36.0,11.517999999999999,14.737,0.42,902461.0,False
300.0,9fea3b5fddf357019f10d5f61fc8a74b.param,2.0,0.0,0.0,30.363000000000003,693280077.0,49a3a708f6ce42c50180b30a09a0d923,388038.0,1.0,0.0,15.283,Original,242796.0,0.0,898049.0,10200.0,3.267,4410.0,10200.0,-1.0,16992.0,0.0,637012.0,17226.0,693280077.0,36.0,11.495999999999999,14.763,0.42,902461.0,False
300.0,3a224236b6b589e9f8161cb41fb64421.param,0.0,0.0,0.0,31.779,2028359165.0,025d9235da56f4690f72dabba1bc6247,2106506.0,1.0,0.0,42.983999999999995,Original,1712813.0,0.0,895501.0,15886.0,3.239,3395.0,15886.0,-1.0,26817.0,0.0,1592319.0,13187.0,2028359165.0,60.0,39.241,42.48,0.63,898898.0,False
300.0,3a224236b6b589e9f8161cb41fb64421.param,1.0,0.0,0.0,32.271,2028359165.0,025d9235da56f4690f72dabba1bc6247,2106506.0,1.0,0.0,42.973,Original,1712813.0,0.0,895501.0,15886.0,3.156,3395.0,15886.0,-1.0,26817.0,0.0,1592319.0,13187.0,2028359165.0,60.0,39.288000000000004,42.443999999999996,0.63,898898.0,False
300.0,3a224236b6b589e9f8161cb41fb64421.param,2.0,0.0,0.0,30.124000000000002,2028359165.0,025d9235da56f4690f72dabba1bc6247,2106506.0,1.0,0.0,43.335,Original,1712813.0,0.0,895501.0,15886.0,3.182,3395.0,15886.0,-1.0,26817.0,0.0,1592319.0,13187.0,2028359165.0,60.0,39.481,42.663000000000004,0.63,898898.0,False
300.0,5f169f8946c848c062a4dd468eb064c1.param,0.0,0.0,0.0,62.33,2136253402.0,dcc873f5793f20a73d1baa532e6a6774,3583918.0,1.0,0.0,84.598,Original,2894990.0,0.0,1749316.0,26401.0,6.379,5720.0,26401.0,-1.0,38076.0,0.0,2516413.0,22397.0,2136253402.0,80.0,76.946,83.325,0.94,1755038.0,False
300.0,5f169f8946c848c062a4dd468eb064c1.param,1.0,0.0,0.0,56.911,2136253402.0,dcc873f5793f20a73d1baa532e6a6774,3583918.0,1.0,0.0,83.15899999999998,Original,2894990.0,0.0,1749316.0,26401.0,6.376,5720.0,26401.0,-1.0,38076.0,0.0,2516413.0,22397.0,2136253402.0,80.0,75.495,81.87100000000002,0.94,1755038.0,False
300.0,5f169f8946c848c062a4dd468eb064c1.param,2.0,0.0,0.0,62.368,2136253402.0,dcc873f5793f20a73d1baa532e6a6774,3583918.0,1.0,0.0,81.977,Original,2894990.0,0.0,1749316.0,26401.0,6.33,5720.0,26401.0,-1.0,38076.0,0.0,2516413.0,22397.0,2136253402.0,80.0,74.705,81.035,0.94,1755038.0,False
300.0,f3f514a91e7728b0df10399e56f94206.param,0.0,0.0,0.0,16.012999999999998,590654055.0,805438562bc649a4c9ea41c9bedef51f,2982346.0,1.0,0.0,81.748,Original,2539473.0,0.0,403882.0,22487.0,1.425,1482.0,22487.0,-1.0,27492.0,0.0,1611179.0,5550.0,590654055.0,64.0,80.081,81.506,0.63,405366.0,False
300.0,f3f514a91e7728b0df10399e56f94206.param,1.0,0.0,0.0,15.417,590654055.0,805438562bc649a4c9ea41c9bedef51f,2982346.0,1.0,0.0,81.618,Original,2539473.0,0.0,403882.0,22487.0,1.474,1482.0,22487.0,-1.0,27492.0,0.0,1611179.0,5550.0,590654055.0,64.0,79.811,81.285,0.63,405366.0,False
300.0,f3f514a91e7728b0df10399e56f94206.param,2.0,0.0,0.0,16.752,590654055.0,805438562bc649a4c9ea41c9bedef51f,2982346.0,1.0,0.0,83.288,Original,2539473.0,0.0,403882.0,22487.0,1.421,1482.0,22487.0,-1.0,27492.0,0.0,1611179.0,5550.0,590654055.0,64.0,81.539,82.96,0.63,405366.0,False
300.0,d77b1e8e85636e2a8e697f0467151b32.param,0.0,0.0,0.0,8.338,590654055.0,ef181273074a4a16544accafce4c28ac,1111358.0,1.0,0.0,20.255,Original,912626.0,0.0,213167.0,15345.0,0.71,750.0,15345.0,-1.0,17055.0,0.0,1486275.0,2610.0,590654055.0,57.0,19.398,20.108,0.42,213919.0,False
300.0,d77b1e8e85636e2a8e697f0467151b32.param,1.0,0.0,0.0,9.293,590654055.0,ef181273074a4a16544accafce4c28ac,1111358.0,1.0,0.0,19.71,Original,912626.0,0.0,213167.0,15345.0,0.7170000000000001,750.0,15345.0,-1.0,17055.0,0.0,1486275.0,2610.0,590654055.0,57.0,18.851,19.567999999999998,0.42,213919.0,False
300.0,d77b1e8e85636e2a8e697f0467151b32.param,2.0,0.0,0.0,7.915,590654055.0,ef181273074a4a16544accafce4c28ac,1111358.0,1.0,0.0,19.697,Original,912626.0,0.0,213167.0,15345.0,0.706,750.0,15345.0,-1.0,17055.0,0.0,1486275.0,2610.0,590654055.0,57.0,18.848,19.554000000000002,0.42,213919.0,False
300.0,c7380516182e520bfda807e4d9ed529d.param,0.0,0.0,0.0,9.322000000000001,1057470620.0,de617faf8fc0503ec9f2b3d75b35d963,1871746.0,1.0,0.0,28.125999999999998,Original,1636604.0,0.0,222299.0,15273.0,0.76,774.0,15273.0,-1.0,20761.0,0.0,1548090.0,2694.0,1057470620.0,56.0,27.201999999999998,27.962,0.63,223075.0,False
300.0,c7380516182e520bfda807e4d9ed529d.param,1.0,0.0,0.0,9.007,1057470620.0,de617faf8fc0503ec9f2b3d75b35d963,1871746.0,1.0,0.0,28.084,Original,1636604.0,0.0,222299.0,15273.0,0.758,774.0,15273.0,-1.0,20761.0,0.0,1548090.0,2694.0,1057470620.0,56.0,27.146,27.904,0.63,223075.0,False
300.0,c7380516182e520bfda807e4d9ed529d.param,2.0,0.0,0.0,9.356,1057470620.0,de617faf8fc0503ec9f2b3d75b35d963,1871746.0,1.0,0.0,28.464000000000002,Original,1636604.0,0.0,222299.0,15273.0,0.775,774.0,15273.0,-1.0,20761.0,0.0,1548090.0,2694.0,1057470620.0,56.0,27.496,28.271,0.63,223075.0,False
300.0,36fc98d1195ddc35e5ef9eb80f9a3178.param,0.0,0.0,0.0,10.089,270657042.0,88e392cd864bf08db18d802669d2d25d,421613.0,1.0,0.0,13.578,Original,282564.0,0.0,265723.0,11202.0,0.893,1232.0,11202.0,-1.0,13431.0,0.0,603138.0,4652.0,270657042.0,40.0,12.513,13.405999999999999,0.42,266957.0,False
300.0,36fc98d1195ddc35e5ef9eb80f9a3178.param,1.0,0.0,0.0,10.228,270657042.0,88e392cd864bf08db18d802669d2d25d,421613.0,1.0,0.0,13.784,Original,282564.0,0.0,265723.0,11202.0,0.9059999999999999,1232.0,11202.0,-1.0,13431.0,0.0,603138.0,4652.0,270657042.0,40.0,12.68,13.585999999999999,0.42,266957.0,False
300.0,36fc98d1195ddc35e5ef9eb80f9a3178.param,2.0,0.0,0.0,10.463,270657042.0,88e392cd864bf08db18d802669d2d25d,421613.0,1.0,0.0,13.697000000000001,Original,282564.0,0.0,265723.0,11202.0,0.9470000000000001,1232.0,11202.0,-1.0,13431.0,0.0,603138.0,4652.0,270657042.0,40.0,12.57,13.517000000000001,0.42,266957.0,False
300.0,bb83bd2588db308f9da59945e9f53761.param,0.0,0.0,0.0,28.701999999999998,823094821.0,700814b358c92e4abf6e1bdd122002ca,538315.0,1.0,0.0,18.043,Original,321841.0,0.0,846233.0,14277.0,3.111,3485.0,14277.0,-1.0,15747.0,0.0,835882.0,13565.0,823094821.0,52.0,14.43,17.541,0.42,849720.0,False
300.0,bb83bd2588db308f9da59945e9f53761.param,1.0,0.0,0.0,31.851999999999997,823094821.0,700814b358c92e4abf6e1bdd122002ca,538315.0,1.0,0.0,17.858,Original,321841.0,0.0,846233.0,14277.0,2.9619999999999997,3485.0,14277.0,-1.0,15747.0,0.0,835882.0,13565.0,823094821.0,52.0,14.29,17.252,0.42,849720.0,False
300.0,bb83bd2588db308f9da59945e9f53761.param,2.0,0.0,0.0,31.479,823094821.0,700814b358c92e4abf6e1bdd122002ca,538315.0,1.0,0.0,17.736,Original,321841.0,0.0,846233.0,14277.0,2.978,3485.0,14277.0,-1.0,15747.0,0.0,835882.0,13565.0,823094821.0,52.0,14.293,17.271,0.42,849720.0,False
300.0,accc739b7443ee6f6c986b29106d30b2.param,0.0,0.0,0.0,62.81800000000001,1057470620.0,888be615609a3b5f3943f0f61aced516,2229252.0,1.0,0.0,95.34200000000001,Original,1605914.0,0.0,1663869.0,24698.0,5.981,5550.0,24698.0,-1.0,35676.0,0.0,2047673.0,21720.0,1057470620.0,76.0,88.463,94.444,0.94,1669421.0,False
300.0,accc739b7443ee6f6c986b29106d30b2.param,1.0,0.0,0.0,58.898999999999994,1057470620.0,888be615609a3b5f3943f0f61aced516,2229252.0,1.0,0.0,96.094,Original,1605914.0,0.0,1663869.0,24698.0,6.044,5550.0,24698.0,-1.0,35676.0,0.0,2047673.0,21720.0,1057470620.0,76.0,89.139,95.18299999999999,0.94,1669421.0,False
300.0,accc739b7443ee6f6c986b29106d30b2.param,2.0,0.0,0.0,59.507,1057470620.0,888be615609a3b5f3943f0f61aced516,2229252.0,1.0,0.0,95.43,Original,1605914.0,0.0,1663869.0,24698.0,6.066,5550.0,24698.0,-1.0,35676.0,0.0,2047673.0,21720.0,1057470620.0,76.0,88.148,94.214,0.94,1669421.0,False
300.0,97b29b11b39e49b80f3ff828f7a4f470.param,0.0,0.0,0.0,21.365,372553220.0,30988b8451d7522296b632d389b065de,1912268.0,1.0,0.0,27.843000000000004,Original,1572783.0,0.0,557273.0,14200.0,1.9509999999999998,2325.0,14200.0,-1.0,25559.0,0.0,1215029.0,8949.0,372553220.0,52.0,25.572,27.523000000000003,0.63,559600.0,False
300.0,97b29b11b39e49b80f3ff828f7a4f470.param,1.0,0.0,0.0,20.406,372553220.0,30988b8451d7522296b632d389b065de,1912268.0,1.0,0.0,28.365,Original,1572783.0,0.0,557273.0,14200.0,1.955,2325.0,14200.0,-1.0,25559.0,0.0,1215029.0,8949.0,372553220.0,52.0,26.089000000000002,28.044,0.63,559600.0,False
300.0,97b29b11b39e49b80f3ff828f7a4f470.param,2.0,0.0,0.0,20.695,372553220.0,30988b8451d7522296b632d389b065de,1912268.0,1.0,0.0,28.447,Original,1572783.0,0.0,557273.0,14200.0,1.9669999999999999,2325.0,14200.0,-1.0,25559.0,0.0,1215029.0,8949.0,372553220.0,52.0,26.149,28.116,0.63,559600.0,False
300.0,61f5f3058b749cd913e33ba1bf9fcead.param,0.0,0.0,0.0,4.798,693280077.0,5b2fd554d46dca256b90e58e5f2de8d5,860610.0,1.0,0.0,10.808,Original,733884.0,0.0,112246.0,11269.0,0.374,464.0,11269.0,-1.0,13583.0,0.0,1172917.0,1499.0,693280077.0,40.0,10.335,10.709000000000001,0.42,112712.0,False
300.0,61f5f3058b749cd913e33ba1bf9fcead.param,1.0,0.0,0.0,5.195,693280077.0,5b2fd554d46dca256b90e58e5f2de8d5,860610.0,1.0,0.0,11.068,Original,733884.0,0.0,112246.0,11269.0,0.44299999999999995,464.0,11269.0,-1.0,13583.0,0.0,1172917.0,1499.0,693280077.0,40.0,10.504000000000001,10.947000000000001,0.42,112712.0,False
300.0,61f5f3058b749cd913e33ba1bf9fcead.param,2.0,0.0,0.0,4.926,693280077.0,5b2fd554d46dca256b90e58e5f2de8d5,860610.0,1.0,0.0,10.883,Original,733884.0,0.0,112246.0,11269.0,0.408,464.0,11269.0,-1.0,13583.0,0.0,1172917.0,1499.0,693280077.0,40.0,10.377,10.785,0.42,112712.0,False
300.0,ea9e2588afe4504c0be19561db25ccfd.param,0.0,0.0,0.0,28.379,2050821110.0,d57e69fa29244ac8802f084af0df9aba,627721.0,1.0,0.0,22.941999999999997,Original,414099.0,0.0,823871.0,11947.0,2.884,3570.0,11947.0,-1.0,17161.0,0.0,822757.0,13902.0,2050821110.0,45.0,19.570999999999998,22.455,0.42,827443.0,False
300.0,ea9e2588afe4504c0be19561db25ccfd.param,1.0,0.0,0.0,30.497,2050821110.0,d57e69fa29244ac8802f084af0df9aba,627721.0,1.0,0.0,23.434,Original,414099.0,0.0,823871.0,11947.0,2.903,3570.0,11947.0,-1.0,17161.0,0.0,822757.0,13902.0,2050821110.0,45.0,19.905,22.808000000000003,0.42,827443.0,False
300.0,ea9e2588afe4504c0be19561db25ccfd.param,2.0,0.0,0.0,29.366,2050821110.0,d57e69fa29244ac8802f084af0df9aba,627721.0,1.0,0.0,22.885,Original,414099.0,0.0,823871.0,11947.0,2.929,3570.0,11947.0,-1.0,17161.0,0.0,822757.0,13902.0,2050821110.0,45.0,19.477,22.406,0.42,827443.0,False
300.0,a78197c32b5c06c92ee4f6e438ee3962.param,0.0,0.0,0.0,62.14100000000001,506016928.0,88f5a75b95c231cf55b72ec7b2dca8a7,843808.0,1.0,0.0,24.285999999999998,Original,600828.0,0.0,1724710.0,15802.0,6.287000000000001,6688.0,15802.0,-1.0,16390.0,0.0,1292292.0,26263.0,506016928.0,60.0,17.014,23.301,0.63,1731400.0,False
300.0,a78197c32b5c06c92ee4f6e438ee3962.param,1.0,0.0,0.0,61.403,506016928.0,88f5a75b95c231cf55b72ec7b2dca8a7,843808.0,1.0,0.0,24.006,Original,600828.0,0.0,1724710.0,15802.0,6.41,6688.0,15802.0,-1.0,16390.0,0.0,1292292.0,26263.0,506016928.0,60.0,16.646,23.055999999999997,0.63,1731400.0,False
300.0,a78197c32b5c06c92ee4f6e438ee3962.param,2.0,0.0,0.0,60.221000000000004,506016928.0,88f5a75b95c231cf55b72ec7b2dca8a7,843808.0,1.0,0.0,23.820999999999998,Original,600828.0,0.0,1724710.0,15802.0,6.263,6688.0,15802.0,-1.0,16390.0,0.0,1292292.0,26263.0,506016928.0,60.0,16.637999999999998,22.901,0.63,1731400.0,False
300.0,92f07d9616904178c202cd6d7e0ae97d.param,0.0,0.0,0.0,25.313000000000002,1098776393.0,ce824e01c0311d3d38d72e0cc8a421c9,1149747.0,1.0,0.0,42.605,Original,794241.0,0.0,659788.0,23000.0,2.309,2392.0,23000.0,-1.0,22961.0,0.0,1281659.0,9217.0,1098776393.0,68.0,39.918,42.227,0.42,662182.0,False
300.0,92f07d9616904178c202cd6d7e0ae97d.param,1.0,0.0,0.0,22.699,1098776393.0,ce824e01c0311d3d38d72e0cc8a421c9,1149747.0,1.0,0.0,42.87300000000001,Original,794241.0,0.0,659788.0,23000.0,2.302,2392.0,23000.0,-1.0,22961.0,0.0,1281659.0,9217.0,1098776393.0,68.0,40.178000000000004,42.48,0.42,662182.0,False
300.0,92f07d9616904178c202cd6d7e0ae97d.param,2.0,0.0,0.0,24.066,1098776393.0,ce824e01c0311d3d38d72e0cc8a421c9,1149747.0,1.0,0.0,42.854,Original,794241.0,0.0,659788.0,23000.0,2.322,2392.0,23000.0,-1.0,22961.0,0.0,1281659.0,9217.0,1098776393.0,68.0,40.158,42.48,0.42,662182.0,False
300.0,d6dbb131b6c4096427e3cdbc24174d58.param,0.0,0.0,0.0,13.752,254168822.0,c4a340926f44afdc2a053e85148e61af,1276687.0,1.0,0.0,41.778,Original,905498.0,0.0,336901.0,22575.0,1.153,1222.0,22575.0,-1.0,20010.0,0.0,1235630.0,4570.0,254168822.0,65.0,40.346,41.498999999999995,0.42,338125.0,False
300.0,d6dbb131b6c4096427e3cdbc24174d58.param,1.0,0.0,0.0,13.01,254168822.0,c4a340926f44afdc2a053e85148e61af,1276687.0,1.0,0.0,41.71,Original,905498.0,0.0,336901.0,22575.0,1.153,1222.0,22575.0,-1.0,20010.0,0.0,1235630.0,4570.0,254168822.0,65.0,40.359,41.512,0.42,338125.0,False
300.0,d6dbb131b6c4096427e3cdbc24174d58.param,2.0,0.0,0.0,13.013,254168822.0,c4a340926f44afdc2a053e85148e61af,1276687.0,1.0,0.0,41.623999999999995,Original,905498.0,0.0,336901.0,22575.0,1.163,1222.0,22575.0,-1.0,20010.0,0.0,1235630.0,4570.0,254168822.0,65.0,40.189,41.352,0.42,338125.0,False
300.0,21ba7bf1bed51e1d4137a5d2b4095413.param,0.0,0.0,0.0,40.23,753387864.0,b3c16be90d12bcd4fdcd95e227ee9ca5,311240.0,1.0,0.0,14.544,Original,174088.0,0.0,1099783.0,11269.0,4.04,5025.0,11269.0,-1.0,12186.0,0.0,662503.0,19677.0,753387864.0,40.0,9.908,13.948,0.42,1104810.0,False
300.0,21ba7bf1bed51e1d4137a5d2b4095413.param,1.0,0.0,0.0,40.51,753387864.0,b3c16be90d12bcd4fdcd95e227ee9ca5,311240.0,1.0,0.0,14.385,Original,174088.0,0.0,1099783.0,11269.0,3.929,5025.0,11269.0,-1.0,12186.0,0.0,662503.0,19677.0,753387864.0,40.0,9.875,13.804,0.42,1104810.0,False
300.0,21ba7bf1bed51e1d4137a5d2b4095413.param,2.0,0.0,0.0,38.375,753387864.0,b3c16be90d12bcd4fdcd95e227ee9ca5,311240.0,1.0,0.0,14.535,Original,174088.0,0.0,1099783.0,11269.0,3.947,5025.0,11269.0,-1.0,12186.0,0.0,662503.0,19677.0,753387864.0,40.0,9.913,13.86,0.42,1104810.0,False
300.0,8dbc47c71dc08cbc8ffa4bf3b92aa057.param,0.0,0.0,0.0,16.703,1571287961.0,326ef114cde0f9424f673d39b38d4d5c,2234544.0,1.0,0.0,31.163,Original,2011315.0,0.0,435956.0,10399.0,1.526,2052.0,10399.0,-1.0,20627.0,0.0,1180862.0,7830.0,1571287961.0,37.0,29.363000000000003,30.889,0.42,438010.0,False
300.0,8dbc47c71dc08cbc8ffa4bf3b92aa057.param,1.0,0.0,0.0,17.434,1571287961.0,326ef114cde0f9424f673d39b38d4d5c,2234544.0,1.0,0.0,30.986,Original,2011315.0,0.0,435956.0,10399.0,1.496,2052.0,10399.0,-1.0,20627.0,0.0,1180862.0,7830.0,1571287961.0,37.0,29.226999999999997,30.72300000000001,0.42,438010.0,False
300.0,8dbc47c71dc08cbc8ffa4bf3b92aa057.param,2.0,0.0,0.0,16.049,1571287961.0,326ef114cde0f9424f673d39b38d4d5c,2234544.0,1.0,0.0,31.480999999999998,Original,2011315.0,0.0,435956.0,10399.0,1.505,2052.0,10399.0,-1.0,20627.0,0.0,1180862.0,7830.0,1571287961.0,37.0,29.695,31.2,0.42,438010.0,False
300.0,2cf01039b19cea84eef8c942aea32605.param,0.0,0.0,0.0,65.44800000000001,1057470620.0,6bf50373a4cf228b9f1704e8e9dda16c,4520398.0,1.0,0.0,127.809,Original,3704419.0,0.0,1762091.0,24603.0,6.367999999999999,6000.0,24603.0,-1.0,43629.0,0.0,2349071.0,23484.0,1057470620.0,76.0,120.462,126.83,0.94,1768093.0,False
300.0,2cf01039b19cea84eef8c942aea32605.param,1.0,0.0,0.0,63.997,1057470620.0,6bf50373a4cf228b9f1704e8e9dda16c,4520398.0,1.0,0.0,128.641,Original,3704419.0,0.0,1762091.0,24603.0,6.434,6000.0,24603.0,-1.0,43629.0,0.0,2349071.0,23484.0,1057470620.0,76.0,121.205,127.639,0.94,1768093.0,False
300.0,2cf01039b19cea84eef8c942aea32605.param,2.0,0.0,0.0,61.81100000000001,1057470620.0,6bf50373a4cf228b9f1704e8e9dda16c,4520398.0,1.0,0.0,129.178,Original,3704419.0,0.0,1762091.0,24603.0,6.434,6000.0,24603.0,-1.0,43629.0,0.0,2349071.0,23484.0,1057470620.0,76.0,121.477,127.911,0.94,1768093.0,False
300.0,ffb2d731edec22edde6bc403f6c68136.param,0.0,0.0,0.0,26.136999999999997,1470727592.0,fdee9816950b777e193b86f96ca63daf,417740.0,1.0,0.0,20.865,Original,206113.0,0.0,766995.0,13600.0,2.82,3280.0,13600.0,-1.0,16626.0,0.0,802708.0,12760.0,1470727592.0,48.0,17.552,20.372,0.42,770277.0,False
300.0,ffb2d731edec22edde6bc403f6c68136.param,1.0,0.0,0.0,28.041,1470727592.0,fdee9816950b777e193b86f96ca63daf,417740.0,1.0,0.0,20.666,Original,206113.0,0.0,766995.0,13600.0,2.748,3280.0,13600.0,-1.0,16626.0,0.0,802708.0,12760.0,1470727592.0,48.0,17.459,20.207,0.42,770277.0,False
300.0,ffb2d731edec22edde6bc403f6c68136.param,2.0,0.0,0.0,27.785,1470727592.0,fdee9816950b777e193b86f96ca63daf,417740.0,1.0,0.0,20.545,Original,206113.0,0.0,766995.0,13600.0,2.721,3280.0,13600.0,-1.0,16626.0,0.0,802708.0,12760.0,1470727592.0,48.0,17.391,20.112000000000002,0.42,770277.0,False
300.0,c73e9bafac569591c4ea47d45cfac20c.param,0.0,0.0,0.0,23.114,1918631718.0,8e4ae2bf9f96ff85a63fa1e64689a18a,8448188.0,1.0,0.0,140.004,Original,7730279.0,0.0,672081.0,24094.0,2.398,2337.0,24094.0,-1.0,34826.0,0.0,2445371.0,8925.0,1918631718.0,72.0,137.132,139.53,0.94,674420.0,False
300.0,c73e9bafac569591c4ea47d45cfac20c.param,1.0,0.0,0.0,24.131,1918631718.0,8e4ae2bf9f96ff85a63fa1e64689a18a,8448188.0,1.0,0.0,140.30100000000002,Original,7730279.0,0.0,672081.0,24094.0,2.369,2337.0,24094.0,-1.0,34826.0,0.0,2445371.0,8925.0,1918631718.0,72.0,137.534,139.903,0.94,674420.0,False
300.0,c73e9bafac569591c4ea47d45cfac20c.param,2.0,0.0,0.0,23.436999999999998,1918631718.0,8e4ae2bf9f96ff85a63fa1e64689a18a,8448188.0,1.0,0.0,139.089,Original,7730279.0,0.0,672081.0,24094.0,2.343,2337.0,24094.0,-1.0,34826.0,0.0,2445371.0,8925.0,1918631718.0,72.0,136.345,138.688,0.94,674420.0,False
300.0,9a031fb141138ee9bc8fad2cc059ee0e.param,0.0,0.0,0.0,14.779000000000002,95956545.0,4cc00faefd8c1490fe593373eae2700d,2163687.0,1.0,0.0,38.082,Original,1828248.0,0.0,387563.0,15969.0,1.31,1470.0,15969.0,-1.0,24275.0,0.0,1259067.0,5544.0,95956545.0,61.0,36.524,37.834,0.63,389035.0,False
300.0,9a031fb141138ee9bc8fad2cc059ee0e.param,1.0,0.0,0.0,14.45,95956545.0,4cc00faefd8c1490fe593373eae2700d,2163687.0,1.0,0.0,39.46,Original,1828248.0,0.0,387563.0,15969.0,1.355,1470.0,15969.0,-1.0,24275.0,0.0,1259067.0,5544.0,95956545.0,61.0,37.801,39.156,0.63,389035.0,False
300.0,9a031fb141138ee9bc8fad2cc059ee0e.param,2.0,0.0,0.0,15.613,95956545.0,4cc00faefd8c1490fe593373eae2700d,2163687.0,1.0,0.0,37.938,Original,1828248.0,0.0,387563.0,15969.0,1.3230000000000002,1470.0,15969.0,-1.0,24275.0,0.0,1259067.0,5544.0,95956545.0,61.0,36.38800000000001,37.711,0.63,389035.0,False
300.0,73a51090daaf16aa8d614ff285bfb6e4.param,0.0,0.0,0.0,62.63,221638566.0,09ba21b1d2ff146ecfb5303fb84efd84,2354050.0,1.0,0.0,66.91199999999999,Original,1755727.0,0.0,1784987.0,15281.0,6.452999999999999,7011.0,15281.0,-1.0,40298.0,0.0,1477207.0,27507.0,221638566.0,56.0,59.19300000000001,65.646,0.94,1792000.0,False
300.0,73a51090daaf16aa8d614ff285bfb6e4.param,1.0,0.0,0.0,62.615,221638566.0,09ba21b1d2ff146ecfb5303fb84efd84,2354050.0,1.0,0.0,67.708,Original,1755727.0,0.0,1784987.0,15281.0,6.5120000000000005,7011.0,15281.0,-1.0,40298.0,0.0,1477207.0,27507.0,221638566.0,56.0,59.902,66.414,0.94,1792000.0,False
300.0,73a51090daaf16aa8d614ff285bfb6e4.param,2.0,0.0,0.0,61.388999999999996,221638566.0,09ba21b1d2ff146ecfb5303fb84efd84,2354050.0,1.0,0.0,66.61,Original,1755727.0,0.0,1784987.0,15281.0,6.519,7011.0,15281.0,-1.0,40298.0,0.0,1477207.0,27507.0,221638566.0,56.0,59.12,65.639,0.94,1792000.0,False
300.0,ba4c3b35debdf0cbd1cf9beea46e68ac.param,0.0,0.0,0.0,13.004000000000001,1083416308.0,f96f5c0ba672f8c903ad373f534c1e4b,542307.0,1.0,0.0,21.043000000000006,Original,286653.0,0.0,341690.0,14277.0,1.19,1408.0,14277.0,-1.0,19293.0,0.0,829777.0,5323.0,1083416308.0,52.0,19.64,20.83,0.42,343100.0,False
300.0,ba4c3b35debdf0cbd1cf9beea46e68ac.param,1.0,0.0,0.0,14.085999999999999,1083416308.0,f96f5c0ba672f8c903ad373f534c1e4b,542307.0,1.0,0.0,21.113000000000003,Original,286653.0,0.0,341690.0,14277.0,1.1540000000000001,1408.0,14277.0,-1.0,19293.0,0.0,829777.0,5323.0,1083416308.0,52.0,19.686,20.84,0.42,343100.0,False
300.0,ba4c3b35debdf0cbd1cf9beea46e68ac.param,2.0,0.0,0.0,12.552,1083416308.0,f96f5c0ba672f8c903ad373f534c1e4b,542307.0,1.0,0.0,21.063000000000002,Original,286653.0,0.0,341690.0,14277.0,1.172,1408.0,14277.0,-1.0,19293.0,0.0,829777.0,5323.0,1083416308.0,52.0,19.67,20.842,0.42,343100.0,False
300.0,f2209196093db16c0e1ccffc86fe7af3.param,0.0,0.0,0.0,38.211999999999996,1242281828.0,67fccb4590978a911bc63bf21371c32b,187835.0,1.0,0.0,10.503,Original,81998.0,0.0,1103265.0,11200.0,4.081,5183.0,11200.0,-1.0,9946.0,0.0,724335.0,20303.0,1242281828.0,40.0,5.79,9.871,0.42,1108450.0,False
300.0,f2209196093db16c0e1ccffc86fe7af3.param,1.0,0.0,0.0,37.153,1242281828.0,67fccb4590978a911bc63bf21371c32b,187835.0,1.0,0.0,10.365,Original,81998.0,0.0,1103265.0,11200.0,3.95,5183.0,11200.0,-1.0,9946.0,0.0,724335.0,20303.0,1242281828.0,40.0,5.817,9.767000000000001,0.42,1108450.0,False
300.0,f2209196093db16c0e1ccffc86fe7af3.param,2.0,0.0,0.0,38.329,1242281828.0,67fccb4590978a911bc63bf21371c32b,187835.0,1.0,0.0,10.548,Original,81998.0,0.0,1103265.0,11200.0,3.991,5183.0,11200.0,-1.0,9946.0,0.0,724335.0,20303.0,1242281828.0,40.0,5.9,9.891,0.42,1108450.0,False
300.0,971e5d247ffd98140d5d9199460cd7b4.param,0.0,0.0,0.0,26.531999999999996,1257636424.0,fae5cfbba94013137f20d143e6cdf6a1,3997329.0,1.0,0.0,128.063,Original,3434833.0,0.0,727328.0,22575.0,2.583,2668.0,22575.0,-1.0,36119.0,0.0,1732473.0,10258.0,1257636424.0,65.0,124.895,127.478,0.94,729998.0,False
300.0,971e5d247ffd98140d5d9199460cd7b4.param,1.0,0.0,0.0,25.265,1257636424.0,fae5cfbba94013137f20d143e6cdf6a1,3997329.0,1.0,0.0,129.691,Original,3434833.0,0.0,727328.0,22575.0,2.57,2668.0,22575.0,-1.0,36119.0,0.0,1732473.0,10258.0,1257636424.0,65.0,126.70299999999999,129.273,0.94,729998.0,False
300.0,971e5d247ffd98140d5d9199460cd7b4.param,2.0,0.0,0.0,26.984,1257636424.0,fae5cfbba94013137f20d143e6cdf6a1,3997329.0,1.0,0.0,128.785,Original,3434833.0,0.0,727328.0,22575.0,2.6689999999999996,2668.0,22575.0,-1.0,36119.0,0.0,1732473.0,10258.0,1257636424.0,65.0,125.601,128.27,0.94,729998.0,False
300.0,4ee13ffb8d0ec1ceaf1bb37447281f58.param,0.0,0.0,0.0,23.732,506016928.0,381dd4cece4f1bcc267e64de47173bf3,490354.0,1.0,0.0,16.053,Original,362453.0,0.0,645858.0,9725.0,2.26,3268.0,9725.0,-1.0,15153.0,0.0,509878.0,12703.0,506016928.0,33.0,13.436,15.696,0.42,649128.0,False
300.0,4ee13ffb8d0ec1ceaf1bb37447281f58.param,1.0,0.0,0.0,22.785,506016928.0,381dd4cece4f1bcc267e64de47173bf3,490354.0,1.0,0.0,16.439,Original,362453.0,0.0,645858.0,9725.0,2.2840000000000003,3268.0,9725.0,-1.0,15153.0,0.0,509878.0,12703.0,506016928.0,33.0,13.77,16.054000000000002,0.42,649128.0,False
300.0,4ee13ffb8d0ec1ceaf1bb37447281f58.param,2.0,0.0,0.0,22.534000000000002,506016928.0,381dd4cece4f1bcc267e64de47173bf3,490354.0,1.0,0.0,16.215,Original,362453.0,0.0,645858.0,9725.0,2.252,3268.0,9725.0,-1.0,15153.0,0.0,509878.0,12703.0,506016928.0,33.0,13.552,15.804,0.42,649128.0,False
300.0,ba49f12ab41d4271c475e4948758589d.param,0.0,0.0,0.0,19.021,83966730.0,e898f36a177b2b2be85c6f9f6ad489a1,211377.0,1.0,0.0,9.984,Original,97542.0,0.0,542840.0,10201.0,1.932,2664.0,10201.0,-1.0,12889.0,0.0,482019.0,10329.0,83966730.0,36.0,7.744,9.676,0.28,545506.0,False
300.0,ba49f12ab41d4271c475e4948758589d.param,1.0,0.0,0.0,19.083,83966730.0,e898f36a177b2b2be85c6f9f6ad489a1,211377.0,1.0,0.0,9.995,Original,97542.0,0.0,542840.0,10201.0,1.893,2664.0,10201.0,-1.0,12889.0,0.0,482019.0,10329.0,83966730.0,36.0,7.7970000000000015,9.69,0.28,545506.0,False
300.0,ba49f12ab41d4271c475e4948758589d.param,2.0,0.0,0.0,19.877,83966730.0,e898f36a177b2b2be85c6f9f6ad489a1,211377.0,1.0,0.0,9.945,Original,97542.0,0.0,542840.0,10201.0,1.899,2664.0,10201.0,-1.0,12889.0,0.0,482019.0,10329.0,83966730.0,36.0,7.74,9.639,0.28,545506.0,False
300.0,62e2738034d51eb1ca2518ead10bb1b8.param,0.0,0.0,0.0,12.112,270657042.0,ee6510020f06b1415d0855dca9c0bb95,219369.0,1.0,0.0,10.296,Original,70384.0,0.0,316054.0,11872.0,1.128,1406.0,11872.0,-1.0,12125.0,0.0,595895.0,5348.0,270657042.0,44.0,8.963,10.091000000000001,0.28,317462.0,False
300.0,62e2738034d51eb1ca2518ead10bb1b8.param,1.0,0.0,0.0,12.81,270657042.0,ee6510020f06b1415d0855dca9c0bb95,219369.0,1.0,0.0,10.26,Original,70384.0,0.0,316054.0,11872.0,1.08,1406.0,11872.0,-1.0,12125.0,0.0,595895.0,5348.0,270657042.0,44.0,8.978,10.058,0.28,317462.0,False
300.0,62e2738034d51eb1ca2518ead10bb1b8.param,2.0,0.0,0.0,12.235,270657042.0,ee6510020f06b1415d0855dca9c0bb95,219369.0,1.0,0.0,10.376,Original,70384.0,0.0,316054.0,11872.0,1.138,1406.0,11872.0,-1.0,12125.0,0.0,595895.0,5348.0,270657042.0,44.0,9.043,10.181000000000001,0.28,317462.0,False
300.0,c0cc3cb80752c8cae8a567aa7598d4aa.param,0.0,0.0,0.0,40.69300000000001,506016928.0,58653205c772f2985c9b97a8a5d3f65c,2773440.0,1.0,0.0,40.749,Original,2355271.0,0.0,1167641.0,14279.0,4.223,4752.0,14279.0,-1.0,30753.0,0.0,1740627.0,18570.0,506016928.0,52.0,35.896,40.119,0.94,1172395.0,False
300.0,c0cc3cb80752c8cae8a567aa7598d4aa.param,1.0,0.0,0.0,42.86,506016928.0,58653205c772f2985c9b97a8a5d3f65c,2773440.0,1.0,0.0,39.76,Original,2355271.0,0.0,1167641.0,14279.0,4.169,4752.0,14279.0,-1.0,30753.0,0.0,1740627.0,18570.0,506016928.0,52.0,34.949,39.118,0.94,1172395.0,False
300.0,c0cc3cb80752c8cae8a567aa7598d4aa.param,2.0,0.0,0.0,42.373999999999995,506016928.0,58653205c772f2985c9b97a8a5d3f65c,2773440.0,1.0,0.0,40.304,Original,2355271.0,0.0,1167641.0,14279.0,4.2219999999999995,4752.0,14279.0,-1.0,30753.0,0.0,1740627.0,18570.0,506016928.0,52.0,35.43199999999999,39.654,0.94,1172395.0,False
300.0,d8b978c6119710e61692eb0c8ed59509.param,0.0,0.0,0.0,37.905,1571287961.0,d5f8e28850f58628675d984cb429eac3,2300337.0,1.0,0.0,63.87300000000001,Original,1694676.0,0.0,1036719.0,15802.0,3.7110000000000003,3978.0,15802.0,-1.0,37888.0,0.0,1498162.0,15462.0,1571287961.0,60.0,59.567,63.278,0.94,1040699.0,False
300.0,d8b978c6119710e61692eb0c8ed59509.param,1.0,0.0,0.0,35.954,1571287961.0,d5f8e28850f58628675d984cb429eac3,2300337.0,1.0,0.0,64.172,Original,1694676.0,0.0,1036719.0,15802.0,3.697,3978.0,15802.0,-1.0,37888.0,0.0,1498162.0,15462.0,1571287961.0,60.0,59.724,63.42100000000001,0.94,1040699.0,False
300.0,d8b978c6119710e61692eb0c8ed59509.param,2.0,0.0,0.0,36.647,1571287961.0,d5f8e28850f58628675d984cb429eac3,2300337.0,1.0,0.0,64.085,Original,1694676.0,0.0,1036719.0,15802.0,3.832,3978.0,15802.0,-1.0,37888.0,0.0,1498162.0,15462.0,1571287961.0,60.0,59.673,63.505,0.94,1040699.0,False
300.0,c1fde8776f334c859cdb281cb0bed488.param,0.0,0.0,0.0,11.698,506016928.0,8922287591364c47d011b2f2b4300c6b,534701.0,1.0,0.0,11.550999999999998,Original,406977.0,0.0,290705.0,10200.0,0.9890000000000001,1428.0,10200.0,-1.0,15441.0,0.0,583845.0,5412.0,506016928.0,36.0,10.38,11.369000000000002,0.42,292135.0,False
300.0,c1fde8776f334c859cdb281cb0bed488.param,1.0,0.0,0.0,10.637,506016928.0,8922287591364c47d011b2f2b4300c6b,534701.0,1.0,0.0,11.634,Original,406977.0,0.0,290705.0,10200.0,0.985,1428.0,10200.0,-1.0,15441.0,0.0,583845.0,5412.0,506016928.0,36.0,10.449000000000002,11.434000000000001,0.42,292135.0,False
300.0,c1fde8776f334c859cdb281cb0bed488.param,2.0,0.0,0.0,11.338,506016928.0,8922287591364c47d011b2f2b4300c6b,534701.0,1.0,0.0,11.93,Original,406977.0,0.0,290705.0,10200.0,1.065,1428.0,10200.0,-1.0,15441.0,0.0,583845.0,5412.0,506016928.0,36.0,10.639000000000001,11.704,0.42,292135.0,False
300.0,4fb489f83300339f94af01b969c1f325.param,0.0,0.0,0.0,43.823,1098776393.0,07e44aeae61396d77b674bfaf1aaa89b,1642980.0,1.0,0.0,84.76,Original,1025049.0,0.0,1277821.0,24601.0,4.575,4305.0,24601.0,-1.0,33185.0,0.0,1659361.0,16785.0,1098776393.0,76.0,79.235,83.81,0.63,1282128.0,False
300.0,4fb489f83300339f94af01b969c1f325.param,1.0,0.0,0.0,46.556000000000004,1098776393.0,07e44aeae61396d77b674bfaf1aaa89b,1642980.0,1.0,0.0,84.685,Original,1025049.0,0.0,1277821.0,24601.0,4.684,4305.0,24601.0,-1.0,33185.0,0.0,1659361.0,16785.0,1098776393.0,76.0,79.189,83.87299999999998,0.63,1282128.0,False
300.0,4fb489f83300339f94af01b969c1f325.param,2.0,0.0,0.0,47.486000000000004,1098776393.0,07e44aeae61396d77b674bfaf1aaa89b,1642980.0,1.0,0.0,85.304,Original,1025049.0,0.0,1277821.0,24601.0,4.618,4305.0,24601.0,-1.0,33185.0,0.0,1659361.0,16785.0,1098776393.0,76.0,79.956,84.574,0.63,1282128.0,False
300.0,10049dd55bf99f7dbc88dc007745262f.param,0.0,0.0,0.0,9.446,254168822.0,54791e37f93bc54e0d5848f99707f58e,281400.0,1.0,0.0,15.468,Original,105922.0,0.0,238823.0,14278.0,0.816,972.0,14278.0,-1.0,12304.0,0.0,778567.0,3612.0,254168822.0,52.0,14.433,15.249,0.28,239797.0,False
300.0,10049dd55bf99f7dbc88dc007745262f.param,1.0,0.0,0.0,9.288,254168822.0,54791e37f93bc54e0d5848f99707f58e,281400.0,1.0,0.0,15.26,Original,105922.0,0.0,238823.0,14278.0,0.838,972.0,14278.0,-1.0,12304.0,0.0,778567.0,3612.0,254168822.0,52.0,14.244000000000002,15.082,0.28,239797.0,False
300.0,10049dd55bf99f7dbc88dc007745262f.param,2.0,0.0,0.0,9.272,254168822.0,54791e37f93bc54e0d5848f99707f58e,281400.0,1.0,0.0,15.374,Original,105922.0,0.0,238823.0,14278.0,0.821,972.0,14278.0,-1.0,12304.0,0.0,778567.0,3612.0,254168822.0,52.0,14.345,15.165999999999999,0.28,239797.0,False
300.0,876c6467204e8ca8aabecbfbd3b45139.param,0.0,0.0,0.0,51.751999999999995,1257636424.0,f8944fc14f038fa684ef6b987a220364,3796388.0,1.0,0.0,76.487,Original,3201273.0,0.0,1416726.0,15281.0,5.114,5632.0,15281.0,-1.0,45394.0,0.0,2040017.0,22015.0,1257636424.0,56.0,70.296,75.41,0.94,1422360.0,False
300.0,876c6467204e8ca8aabecbfbd3b45139.param,1.0,0.0,0.0,52.872,1257636424.0,f8944fc14f038fa684ef6b987a220364,3796388.0,1.0,0.0,76.149,Original,3201273.0,0.0,1416726.0,15281.0,5.169,5632.0,15281.0,-1.0,45394.0,0.0,2040017.0,22015.0,1257636424.0,56.0,70.196,75.365,0.94,1422360.0,False
300.0,876c6467204e8ca8aabecbfbd3b45139.param,2.0,0.0,0.0,50.70399999999999,1257636424.0,f8944fc14f038fa684ef6b987a220364,3796388.0,1.0,0.0,77.043,Original,3201273.0,0.0,1416726.0,15281.0,5.109,5632.0,15281.0,-1.0,45394.0,0.0,2040017.0,22015.0,1257636424.0,56.0,70.911,76.02,0.94,1422360.0,False
300.0,222abd76a7db47e3d5cbf580e108b101.param,0.0,0.0,0.0,40.743,1802391418.0,7453d9ef7571ec412b4270f624b7c6e1,658055.0,1.0,0.0,25.544,Original,336677.0,0.0,1241292.0,15203.0,4.45,4988.0,15203.0,-1.0,23771.0,0.0,999526.0,19523.0,1802391418.0,56.0,20.386,24.836,0.63,1246282.0,False
300.0,222abd76a7db47e3d5cbf580e108b101.param,1.0,0.0,0.0,42.766999999999996,1802391418.0,7453d9ef7571ec412b4270f624b7c6e1,658055.0,1.0,0.0,25.484,Original,336677.0,0.0,1241292.0,15203.0,4.532,4988.0,15203.0,-1.0,23771.0,0.0,999526.0,19523.0,1802391418.0,56.0,20.285999999999998,24.818,0.63,1246282.0,False
300.0,222abd76a7db47e3d5cbf580e108b101.param,2.0,0.0,0.0,42.743,1802391418.0,7453d9ef7571ec412b4270f624b7c6e1,658055.0,1.0,0.0,25.37,Original,336677.0,0.0,1241292.0,15203.0,4.461,4988.0,15203.0,-1.0,23771.0,0.0,999526.0,19523.0,1802391418.0,56.0,20.22,24.680999999999997,0.63,1246282.0,False
300.0,f019c54ca541e1449e1424c6aa46d35e.param,0.0,0.0,0.0,4.9510000000000005,95956545.0,b47a7843a1826f17ad44b2d211e3253e,111774.0,1.0,0.0,3.355,7,62112.0,0.0,110951.0,6353.0,0.40700000000000003,774.0,6353.0,-1.0,9646.0,0.0,672907.0,1161.0,95956545.0,29.0,2.8560000000000003,3.263,0.28,111727.0,False
300.0,f019c54ca541e1449e1424c6aa46d35e.param,1.0,0.0,0.0,4.758,95956545.0,b47a7843a1826f17ad44b2d211e3253e,111774.0,1.0,0.0,3.3089999999999997,7,62112.0,0.0,110951.0,6353.0,0.37,774.0,6353.0,-1.0,9646.0,0.0,672907.0,1161.0,95956545.0,29.0,2.8480000000000003,3.218,0.28,111727.0,False
300.0,f019c54ca541e1449e1424c6aa46d35e.param,2.0,0.0,0.0,4.987,95956545.0,b47a7843a1826f17ad44b2d211e3253e,111774.0,1.0,0.0,3.315,7,62112.0,0.0,110951.0,6353.0,0.368,774.0,6353.0,-1.0,9646.0,0.0,672907.0,1161.0,95956545.0,29.0,2.855,3.2230000000000003,0.28,111727.0,False
300.0,fc2d899db36a3003ebbcd92cad9223b0.param,0.0,0.0,0.0,20.495,1923385776.0,3e19837654e7b002802be8f4c50dbb6d,1108965.0,1.0,0.0,19.87,Original,825079.0,0.0,582970.0,15362.0,2.021,2288.0,15362.0,-1.0,21020.0,0.0,1117611.0,8813.0,1923385776.0,57.0,17.410999999999998,19.432000000000002,0.42,585260.0,False
300.0,fc2d899db36a3003ebbcd92cad9223b0.param,1.0,0.0,0.0,20.936,1923385776.0,3e19837654e7b002802be8f4c50dbb6d,1108965.0,1.0,0.0,18.802,Original,825079.0,0.0,582970.0,15362.0,2.023,2288.0,15362.0,-1.0,21020.0,0.0,1117611.0,8813.0,1923385776.0,57.0,16.432000000000002,18.455,0.42,585260.0,False
300.0,fc2d899db36a3003ebbcd92cad9223b0.param,2.0,0.0,0.0,21.595,1923385776.0,3e19837654e7b002802be8f4c50dbb6d,1108965.0,1.0,0.0,19.257,Original,825079.0,0.0,582970.0,15362.0,2.05,2288.0,15362.0,-1.0,21020.0,0.0,1117611.0,8813.0,1923385776.0,57.0,16.754,18.804000000000002,0.42,585260.0,False
300.0,94211d2a9b412d1df1f93eb8fa322afa.param,0.0,0.0,0.0,11.56,270657042.0,374ff8755ba41f33a7954028585c9e11,351966.0,1.0,0.0,6.895,7,276106.0,0.0,287897.0,6395.0,1.0090000000000001,2184.0,6395.0,-1.0,9747.0,0.0,733820.0,4086.0,270657042.0,29.0,5.702999999999999,6.7120000000000015,0.28,290083.0,False
300.0,94211d2a9b412d1df1f93eb8fa322afa.param,1.0,0.0,0.0,11.602,270657042.0,374ff8755ba41f33a7954028585c9e11,351966.0,1.0,0.0,6.808,7,276106.0,0.0,287897.0,6395.0,1.035,2184.0,6395.0,-1.0,9747.0,0.0,733820.0,4086.0,270657042.0,29.0,5.5920000000000005,6.6270000000000024,0.28,290083.0,False
300.0,94211d2a9b412d1df1f93eb8fa322afa.param,2.0,0.0,0.0,12.395,270657042.0,374ff8755ba41f33a7954028585c9e11,351966.0,1.0,0.0,6.776,7,276106.0,0.0,287897.0,6395.0,0.9790000000000001,2184.0,6395.0,-1.0,9747.0,0.0,733820.0,4086.0,270657042.0,29.0,5.617000000000001,6.596,0.28,290083.0,False
300.0,867c000858982af2c7444466a304af04.param,0.0,0.0,0.0,41.55,1057470620.0,15e8c3e7d01c3883441c3962a9bdb313,1150207.0,1.0,0.0,22.802,Original,868432.0,0.0,1166570.0,11802.0,4.187,5194.0,11802.0,-1.0,25767.0,0.0,921331.0,20314.0,1057470620.0,44.0,17.949,22.136,0.63,1171766.0,False
300.0,867c000858982af2c7444466a304af04.param,1.0,0.0,0.0,40.982,1057470620.0,15e8c3e7d01c3883441c3962a9bdb313,1150207.0,1.0,0.0,22.699,Original,868432.0,0.0,1166570.0,11802.0,4.266,5194.0,11802.0,-1.0,25767.0,0.0,921331.0,20314.0,1057470620.0,44.0,17.77,22.035999999999998,0.63,1171766.0,False
300.0,867c000858982af2c7444466a304af04.param,2.0,0.0,0.0,43.18600000000001,1057470620.0,15e8c3e7d01c3883441c3962a9bdb313,1150207.0,1.0,0.0,23.476,Original,868432.0,0.0,1166570.0,11802.0,4.377,5194.0,11802.0,-1.0,25767.0,0.0,921331.0,20314.0,1057470620.0,44.0,18.225,22.601999999999997,0.63,1171766.0,False
300.0,f0b6a6311818b4dd8f5227b40762bd4a.param,0.0,0.0,0.0,26.81900000000001,1057470620.0,352a6a3ada72623cec420af6a7e0ef2b,1813432.0,1.0,0.0,33.163000000000004,Original,1542740.0,0.0,738405.0,11272.0,2.6460000000000004,3379.0,11272.0,-1.0,27291.0,0.0,985759.0,13099.0,1057470620.0,40.0,30.081,32.727,0.63,741786.0,False
300.0,f0b6a6311818b4dd8f5227b40762bd4a.param,1.0,0.0,0.0,27.934,1057470620.0,352a6a3ada72623cec420af6a7e0ef2b,1813432.0,1.0,0.0,32.842,Original,1542740.0,0.0,738405.0,11272.0,2.6710000000000003,3379.0,11272.0,-1.0,27291.0,0.0,985759.0,13099.0,1057470620.0,40.0,29.726,32.397,0.63,741786.0,False
300.0,f0b6a6311818b4dd8f5227b40762bd4a.param,2.0,0.0,0.0,25.566999999999997,1057470620.0,352a6a3ada72623cec420af6a7e0ef2b,1813432.0,1.0,0.0,33.536,Original,1542740.0,0.0,738405.0,11272.0,2.675,3379.0,11272.0,-1.0,27291.0,0.0,985759.0,13099.0,1057470620.0,40.0,30.283,32.958,0.63,741786.0,False
300.0,d0bc402d6d4e2f421314981899e705da.param,0.0,0.0,0.0,48.111000000000004,1057470620.0,2288ceb7d4d58295c862facaa4db871c,2793671.0,1.0,0.0,51.843,Original,2252331.0,0.0,1397734.0,15969.0,5.081,5300.0,15969.0,-1.0,37001.0,0.0,1875606.0,20735.0,1057470620.0,61.0,45.727,50.808,0.94,1403036.0,False
300.0,d0bc402d6d4e2f421314981899e705da.param,1.0,0.0,0.0,50.162,1057470620.0,2288ceb7d4d58295c862facaa4db871c,2793671.0,1.0,0.0,51.626999999999995,Original,2252331.0,0.0,1397734.0,15969.0,5.144,5300.0,15969.0,-1.0,37001.0,0.0,1875606.0,20735.0,1057470620.0,61.0,45.681999999999995,50.826,0.94,1403036.0,False
300.0,d0bc402d6d4e2f421314981899e705da.param,2.0,0.0,0.0,49.408,1057470620.0,2288ceb7d4d58295c862facaa4db871c,2793671.0,1.0,0.0,51.858000000000004,Original,2252331.0,0.0,1397734.0,15969.0,5.069,5300.0,15969.0,-1.0,37001.0,0.0,1875606.0,20735.0,1057470620.0,61.0,45.693999999999996,50.76300000000001,0.94,1403036.0,False
300.0,d52ad8a9dee13cb147c0b0d6d29d8a1a.param,0.0,0.0,0.0,13.158,1257636424.0,97c7ee9a20dac08490c2baba7a7d312d,183196.0,1.0,0.0,8.186,7,82345.0,0.0,334481.0,6355.0,1.1640000000000001,2568.0,6355.0,-1.0,12827.0,0.0,724326.0,4806.0,1257636424.0,29.0,6.7989999999999995,7.962999999999999,0.28,337051.0,False
300.0,d52ad8a9dee13cb147c0b0d6d29d8a1a.param,1.0,0.0,0.0,12.999,1257636424.0,97c7ee9a20dac08490c2baba7a7d312d,183196.0,1.0,0.0,8.091000000000001,7,82345.0,0.0,334481.0,6355.0,1.17,2568.0,6355.0,-1.0,12827.0,0.0,724326.0,4806.0,1257636424.0,29.0,6.718,7.888,0.28,337051.0,False
300.0,d52ad8a9dee13cb147c0b0d6d29d8a1a.param,2.0,0.0,0.0,13.225999999999999,1257636424.0,97c7ee9a20dac08490c2baba7a7d312d,183196.0,1.0,0.0,8.244,7,82345.0,0.0,334481.0,6355.0,1.17,2568.0,6355.0,-1.0,12827.0,0.0,724326.0,4806.0,1257636424.0,29.0,6.862,8.032,0.28,337051.0,False
300.0,37f39e77e4ab35860e338849791d985b.param,0.0,0.0,0.0,47.16,1057470620.0,6ebbf96c62294d66d519284b526cbd0a,9254540.0,1.0,0.0,182.495,Original,8440070.0,0.0,1389410.0,24791.0,5.013,4636.0,24791.0,-1.0,46278.0,0.0,3647453.0,18067.0,1057470620.0,77.0,176.71400000000003,181.727,0.94,1394048.0,False
300.0,37f39e77e4ab35860e338849791d985b.param,1.0,0.0,0.0,49.89100000000001,1057470620.0,6ebbf96c62294d66d519284b526cbd0a,9254540.0,1.0,0.0,181.785,Original,8440070.0,0.0,1389410.0,24791.0,5.122000000000001,4636.0,24791.0,-1.0,46278.0,0.0,3647453.0,18067.0,1057470620.0,77.0,175.636,180.75799999999998,0.94,1394048.0,False
300.0,37f39e77e4ab35860e338849791d985b.param,2.0,0.0,0.0,50.958,1057470620.0,6ebbf96c62294d66d519284b526cbd0a,9254540.0,1.0,0.0,184.107,Original,8440070.0,0.0,1389410.0,24791.0,4.968,4636.0,24791.0,-1.0,46278.0,0.0,3647453.0,18067.0,1057470620.0,77.0,178.12900000000005,183.097,0.94,1394048.0,False
300.0,b6b46bc646920ea1298e9f12b19fab10.param,0.0,0.0,0.0,37.733000000000004,254168822.0,bddadceb01b498329b81aab980151a45,524904.0,1.0,0.0,26.265,Original,300083.0,0.0,1115391.0,14356.0,4.0280000000000005,4536.0,14356.0,-1.0,18022.0,0.0,1156026.0,17736.0,254168822.0,53.0,21.425,25.45300000000001,0.42,1119929.0,False
300.0,b6b46bc646920ea1298e9f12b19fab10.param,1.0,0.0,0.0,42.152,254168822.0,bddadceb01b498329b81aab980151a45,524904.0,1.0,0.0,26.169,Original,300083.0,0.0,1115391.0,14356.0,4.001,4536.0,14356.0,-1.0,18022.0,0.0,1156026.0,17736.0,254168822.0,53.0,21.546,25.546999999999997,0.42,1119929.0,False
300.0,b6b46bc646920ea1298e9f12b19fab10.param,2.0,0.0,0.0,41.751999999999995,254168822.0,bddadceb01b498329b81aab980151a45,524904.0,1.0,0.0,26.263,Original,300083.0,0.0,1115391.0,14356.0,4.035,4536.0,14356.0,-1.0,18022.0,0.0,1156026.0,17736.0,254168822.0,53.0,21.605,25.64,0.42,1119929.0,False
300.0,d62c2a52625c21dd4bc4370bcd02db43.param,0.0,0.0,0.0,36.861999999999995,554543104.0,2d24d8ce5bcc9df9de5302b0e5808df9,933779.0,1.0,0.0,51.235,Original,521122.0,0.0,1068761.0,24696.0,3.8289999999999997,3564.0,24696.0,-1.0,24265.0,0.0,1526539.0,13854.0,554543104.0,76.0,46.794,50.62300000000001,0.63,1072327.0,False
300.0,d62c2a52625c21dd4bc4370bcd02db43.param,1.0,0.0,0.0,40.291,554543104.0,2d24d8ce5bcc9df9de5302b0e5808df9,933779.0,1.0,0.0,51.221000000000004,Original,521122.0,0.0,1068761.0,24696.0,3.803,3564.0,24696.0,-1.0,24265.0,0.0,1526539.0,13854.0,554543104.0,76.0,46.836999999999996,50.64,0.63,1072327.0,False
300.0,d62c2a52625c21dd4bc4370bcd02db43.param,2.0,0.0,0.0,36.225,554543104.0,2d24d8ce5bcc9df9de5302b0e5808df9,933779.0,1.0,0.0,51.824,Original,521122.0,0.0,1068761.0,24696.0,3.93,3564.0,24696.0,-1.0,24265.0,0.0,1526539.0,13854.0,554543104.0,76.0,47.218999999999994,51.148999999999994,0.63,1072327.0,False
300.0,a2bb37bd1970b7fe11a8b59cb1f3a6f3.param,0.0,0.0,0.0,32.683,1139903203.0,49c89c30cf8473427ad326ff7516a4e9,495661.0,1.0,0.0,23.215999999999998,7,268600.0,0.0,869499.0,11203.0,3.178,5800.0,11203.0,-1.0,23914.0,0.0,1157133.0,11274.0,1139903203.0,40.0,19.362000000000002,22.54,0.63,875301.0,False
300.0,a2bb37bd1970b7fe11a8b59cb1f3a6f3.param,1.0,0.0,0.0,32.622,1139903203.0,49c89c30cf8473427ad326ff7516a4e9,495661.0,1.0,0.0,22.803,7,268600.0,0.0,869499.0,11203.0,3.16,5800.0,11203.0,-1.0,23914.0,0.0,1157133.0,11274.0,1139903203.0,40.0,19.133,22.29300000000001,0.63,875301.0,False
300.0,a2bb37bd1970b7fe11a8b59cb1f3a6f3.param,2.0,0.0,0.0,31.691,1139903203.0,49c89c30cf8473427ad326ff7516a4e9,495661.0,1.0,0.0,23.044,7,268600.0,0.0,869499.0,11203.0,3.139,5800.0,11203.0,-1.0,23914.0,0.0,1157133.0,11274.0,1139903203.0,40.0,19.226,22.365,0.63,875301.0,False
300.0,8b3ad6188dc92a4335827c8e01628c0f.param,0.0,0.0,0.0,29.334,182366586.0,efaee2e727beb7f15821bc6f536de3af,51422.0,1.0,0.0,6.501,7,14903.0,0.0,777383.0,4667.0,2.841,7008.0,4667.0,-1.0,6409.0,0.0,394288.0,13752.0,182366586.0,20.0,3.1689999999999996,6.01,0.42,784393.0,False
300.0,8b3ad6188dc92a4335827c8e01628c0f.param,1.0,0.0,0.0,27.009,182366586.0,efaee2e727beb7f15821bc6f536de3af,51422.0,1.0,0.0,6.382999999999999,7,14903.0,0.0,777383.0,4667.0,2.823,7008.0,4667.0,-1.0,6409.0,0.0,394288.0,13752.0,182366586.0,20.0,3.116,5.939,0.42,784393.0,False
300.0,8b3ad6188dc92a4335827c8e01628c0f.param,2.0,0.0,0.0,29.862,182366586.0,efaee2e727beb7f15821bc6f536de3af,51422.0,1.0,0.0,6.483,7,14903.0,0.0,777383.0,4667.0,2.7430000000000003,7008.0,4667.0,-1.0,6409.0,0.0,394288.0,13752.0,182366586.0,20.0,3.1510000000000002,5.894,0.42,784393.0,False
300.0,85b90a483e5d2ab64757532083d99628.param,0.0,0.0,0.0,52.88,1083416308.0,678650bcfe12e60b7b67f03e0565bf5e,1680167.0,1.0,0.0,54.728,Original,1264208.0,0.0,1498383.0,22577.0,5.52,5432.0,22577.0,-1.0,26269.0,0.0,1424019.0,21272.0,1083416308.0,65.0,48.126999999999995,53.647,0.63,1503817.0,False
300.0,85b90a483e5d2ab64757532083d99628.param,1.0,0.0,0.0,53.403999999999996,1083416308.0,678650bcfe12e60b7b67f03e0565bf5e,1680167.0,1.0,0.0,53.711999999999996,Original,1264208.0,0.0,1498383.0,22577.0,5.372000000000001,5432.0,22577.0,-1.0,26269.0,0.0,1424019.0,21272.0,1083416308.0,65.0,47.542,52.913999999999994,0.63,1503817.0,False
300.0,85b90a483e5d2ab64757532083d99628.param,2.0,0.0,0.0,55.53100000000001,1083416308.0,678650bcfe12e60b7b67f03e0565bf5e,1680167.0,1.0,0.0,54.695,Original,1264208.0,0.0,1498383.0,22577.0,5.399,5432.0,22577.0,-1.0,26269.0,0.0,1424019.0,21272.0,1083416308.0,65.0,48.461999999999996,53.861000000000004,0.63,1503817.0,False
300.0,5fef6050cdd12ec4963b342a00b8769f.param,0.0,0.0,0.0,42.401,335975281.0,ed5487fb5c211d7fc7bd4482c384c2bc,483619.0,1.0,0.0,13.112,7,367864.0,0.0,1235047.0,6395.0,4.474,9256.0,6395.0,-1.0,15058.0,0.0,1034653.0,18196.0,335975281.0,29.0,7.971,12.445,0.63,1244305.0,False
300.0,5fef6050cdd12ec4963b342a00b8769f.param,1.0,0.0,0.0,44.736999999999995,335975281.0,ed5487fb5c211d7fc7bd4482c384c2bc,483619.0,1.0,0.0,13.203,7,367864.0,0.0,1235047.0,6395.0,4.466,9256.0,6395.0,-1.0,15058.0,0.0,1034653.0,18196.0,335975281.0,29.0,8.007,12.472999999999999,0.63,1244305.0,False
300.0,5fef6050cdd12ec4963b342a00b8769f.param,2.0,0.0,0.0,42.331,335975281.0,ed5487fb5c211d7fc7bd4482c384c2bc,483619.0,1.0,0.0,13.249,7,367864.0,0.0,1235047.0,6395.0,4.587,9256.0,6395.0,-1.0,15058.0,0.0,1034653.0,18196.0,335975281.0,29.0,7.9529999999999985,12.54,0.63,1244305.0,False
300.0,8fafcc4984fc93de8a9182509b2a0a65.param,0.0,0.0,0.0,55.066,1057470620.0,b5c5b0af4b620e0acfb358517a406869,8304341.0,1.0,0.0,150.065,Original,7336830.0,0.0,1588450.0,24794.0,5.83,5248.0,24794.0,-1.0,57249.0,0.0,3527246.0,20488.0,1057470620.0,77.0,143.393,149.22299999999996,1.41,1593700.0,False
300.0,8fafcc4984fc93de8a9182509b2a0a65.param,1.0,0.0,0.0,53.463,1057470620.0,b5c5b0af4b620e0acfb358517a406869,8304341.0,1.0,0.0,151.899,Original,7336830.0,0.0,1588450.0,24794.0,5.864,5248.0,24794.0,-1.0,57249.0,0.0,3527246.0,20488.0,1057470620.0,77.0,145.13,150.994,1.41,1593700.0,False
300.0,8fafcc4984fc93de8a9182509b2a0a65.param,2.0,0.0,0.0,52.265,1057470620.0,b5c5b0af4b620e0acfb358517a406869,8304341.0,1.0,0.0,152.792,Original,7336830.0,0.0,1588450.0,24794.0,5.711,5248.0,24794.0,-1.0,57249.0,0.0,3527246.0,20488.0,1057470620.0,77.0,146.184,151.895,1.41,1593700.0,False
300.0,44fed91bbf02c3af539328e6662bf914.param,0.0,0.0,0.0,38.757,95956545.0,9d15450aaee791b142bb279aa75a6eb6,2126573.0,1.0,0.0,43.717,Original,1729580.0,0.0,1093992.0,14357.0,4.2780000000000005,4400.0,14357.0,-1.0,33422.0,0.0,1445567.0,17153.0,95956545.0,53.0,38.635999999999996,42.913999999999994,0.94,1098394.0,False
300.0,44fed91bbf02c3af539328e6662bf914.param,1.0,0.0,0.0,37.61,95956545.0,9d15450aaee791b142bb279aa75a6eb6,2126573.0,1.0,0.0,42.591,Original,1729580.0,0.0,1093992.0,14357.0,4.018,4400.0,14357.0,-1.0,33422.0,0.0,1445567.0,17153.0,95956545.0,53.0,37.941,41.958999999999996,0.94,1098394.0,False
300.0,44fed91bbf02c3af539328e6662bf914.param,2.0,0.0,0.0,37.728,95956545.0,9d15450aaee791b142bb279aa75a6eb6,2126573.0,1.0,0.0,43.938,Original,1729580.0,0.0,1093992.0,14357.0,4.16,4400.0,14357.0,-1.0,33422.0,0.0,1445567.0,17153.0,95956545.0,53.0,38.981,43.14100000000001,0.94,1098394.0,False
300.0,fece5a92f820b73659733b9639b82885.param,0.0,0.0,0.0,15.432,1242281828.0,8f92d54c40b05eaea64d02ccd89f8456,229239.0,1.0,0.0,6.606,7,138214.0,0.0,385431.0,9687.0,1.33,2740.0,9687.0,-1.0,15169.0,0.0,1177975.0,5062.0,1242281828.0,32.0,5.034,6.364,0.63,388173.0,False
300.0,fece5a92f820b73659733b9639b82885.param,1.0,0.0,0.0,15.312000000000001,1242281828.0,8f92d54c40b05eaea64d02ccd89f8456,229239.0,1.0,0.0,6.692,7,138214.0,0.0,385431.0,9687.0,1.399,2740.0,9687.0,-1.0,15169.0,0.0,1177975.0,5062.0,1242281828.0,32.0,5.053,6.452000000000001,0.63,388173.0,False
300.0,fece5a92f820b73659733b9639b82885.param,2.0,0.0,0.0,16.262999999999998,1242281828.0,8f92d54c40b05eaea64d02ccd89f8456,229239.0,1.0,0.0,6.807,7,138214.0,0.0,385431.0,9687.0,1.37,2740.0,9687.0,-1.0,15169.0,0.0,1177975.0,5062.0,1242281828.0,32.0,5.131,6.501,0.63,388173.0,False
300.0,f77193d98d97a8df35aba3d3d50b907e.param,0.0,0.0,0.0,26.364,646920589.0,d856465429b7875eaf3dca3db9a7c254,197506.0,1.0,0.0,9.493,7,132751.0,0.0,782109.0,5748.0,2.778,6364.0,5748.0,-1.0,11934.0,0.0,637966.0,12436.0,646920589.0,25.0,6.282,9.06,0.42,788475.0,False
300.0,f77193d98d97a8df35aba3d3d50b907e.param,1.0,0.0,0.0,30.27,646920589.0,d856465429b7875eaf3dca3db9a7c254,197506.0,1.0,0.0,9.504,7,132751.0,0.0,782109.0,5748.0,2.7969999999999997,6364.0,5748.0,-1.0,11934.0,0.0,637966.0,12436.0,646920589.0,25.0,6.273,9.07,0.42,788475.0,False
300.0,f77193d98d97a8df35aba3d3d50b907e.param,2.0,0.0,0.0,27.735,646920589.0,d856465429b7875eaf3dca3db9a7c254,197506.0,1.0,0.0,9.551,7,132751.0,0.0,782109.0,5748.0,2.765,6364.0,5748.0,-1.0,11934.0,0.0,637966.0,12436.0,646920589.0,25.0,6.314,9.079,0.42,788475.0,False
300.0,b7c1926b06d5191f5f23b3654f7eea8a.param,0.0,0.0,0.0,24.962,1883039101.0,220d8d091ad74e1bc60df21b08110125,41511.0,1.0,0.0,4.857,7,13440.0,0.0,697693.0,4030.0,2.4459999999999997,7056.0,4030.0,-1.0,6224.0,0.0,307778.0,13850.0,1883039101.0,16.0,2.006,4.452,0.42,704751.0,False
300.0,b7c1926b06d5191f5f23b3654f7eea8a.param,1.0,0.0,0.0,26.656999999999996,1883039101.0,220d8d091ad74e1bc60df21b08110125,41511.0,1.0,0.0,4.913,7,13440.0,0.0,697693.0,4030.0,2.503,7056.0,4030.0,-1.0,6224.0,0.0,307778.0,13850.0,1883039101.0,16.0,1.995,4.498,0.42,704751.0,False
300.0,b7c1926b06d5191f5f23b3654f7eea8a.param,2.0,0.0,0.0,24.932,1883039101.0,220d8d091ad74e1bc60df21b08110125,41511.0,1.0,0.0,4.876,7,13440.0,0.0,697693.0,4030.0,2.445,7056.0,4030.0,-1.0,6224.0,0.0,307778.0,13850.0,1883039101.0,16.0,2.026,4.471,0.42,704751.0,False
300.0,b24ff19d000a151b6659a6c65e6c35c6.param,0.0,0.0,0.0,31.32800000000001,590654055.0,c90d91325b9f727502768980313bf3b6,826840.0,1.0,0.0,51.361999999999995,7,609562.0,0.0,897396.0,10289.0,3.175,6240.0,10289.0,-1.0,29397.0,0.0,1313682.0,12097.0,590654055.0,36.0,47.50899999999999,50.684,0.63,903638.0,False
300.0,b24ff19d000a151b6659a6c65e6c35c6.param,1.0,0.0,0.0,33.91,590654055.0,c90d91325b9f727502768980313bf3b6,826840.0,1.0,0.0,52.153999999999996,7,609562.0,0.0,897396.0,10289.0,3.161,6240.0,10289.0,-1.0,29397.0,0.0,1313682.0,12097.0,590654055.0,36.0,48.303999999999995,51.465,0.63,903638.0,False
300.0,b24ff19d000a151b6659a6c65e6c35c6.param,2.0,0.0,0.0,33.79,590654055.0,c90d91325b9f727502768980313bf3b6,826840.0,1.0,0.0,52.836999999999996,7,609562.0,0.0,897396.0,10289.0,3.2539999999999996,6240.0,10289.0,-1.0,29397.0,0.0,1313682.0,12097.0,590654055.0,36.0,48.955,52.208999999999996,0.63,903638.0,False
300.0,3df40218b019eea866b53a1349c0d0e2.param,0.0,0.0,0.0,16.180999999999994,1145031130.0,2150ee232e9ca3400c84bddc3fb292fa,102013.0,0.0,0.0,7.315,7,69503.0,0.0,24833.0,27351.0,0.207,444.0,27351.0,-1.0,913.0,0.0,730824.0,774.0,1145031130.0,86.0,7.051,7.257999999999999,0.02,25279.0,False
300.0,3df40218b019eea866b53a1349c0d0e2.param,1.0,0.0,0.0,16.093,1145031130.0,2150ee232e9ca3400c84bddc3fb292fa,102013.0,0.0,0.0,7.574,7,69503.0,0.0,24833.0,27351.0,0.21100000000000002,444.0,27351.0,-1.0,913.0,0.0,730824.0,774.0,1145031130.0,86.0,7.309,7.52,0.02,25279.0,False
300.0,3df40218b019eea866b53a1349c0d0e2.param,2.0,0.0,0.0,15.815,1145031130.0,2150ee232e9ca3400c84bddc3fb292fa,102013.0,0.0,0.0,7.157,7,69503.0,0.0,24833.0,27351.0,0.20199999999999999,444.0,27351.0,-1.0,913.0,0.0,730824.0,774.0,1145031130.0,86.0,6.902,7.104,0.02,25279.0,False
300.0,f96e501784f98c21890b02a2712e89bd.param,0.0,0.0,0.0,43.32899999999999,590654055.0,b077459cf456a1ff66b6d6ec5f873b0a,305475.0,1.0,0.0,12.623,7,186954.0,0.0,1160466.0,6395.0,4.147,8800.0,6395.0,-1.0,16150.0,0.0,817711.0,17259.0,590654055.0,29.0,7.843,11.99,0.63,1169268.0,False
300.0,f96e501784f98c21890b02a2712e89bd.param,1.0,0.0,0.0,43.707,590654055.0,b077459cf456a1ff66b6d6ec5f873b0a,305475.0,1.0,0.0,12.690999999999999,7,186954.0,0.0,1160466.0,6395.0,4.155,8800.0,6395.0,-1.0,16150.0,0.0,817711.0,17259.0,590654055.0,29.0,7.829,11.984000000000002,0.63,1169268.0,False
300.0,f96e501784f98c21890b02a2712e89bd.param,2.0,0.0,0.0,41.215,590654055.0,b077459cf456a1ff66b6d6ec5f873b0a,305475.0,1.0,0.0,12.864,7,186954.0,0.0,1160466.0,6395.0,4.381,8800.0,6395.0,-1.0,16150.0,0.0,817711.0,17259.0,590654055.0,29.0,7.8329999999999975,12.214,0.63,1169268.0,False
300.0,3202e56149cbd27d0de3bdbd879f81e3.param,0.0,0.0,0.0,11.832,83966730.0,5c569f5f53aff9896be3a6489ae500f9,92099.0,1.0,0.0,6.737,7,25257.0,0.0,306837.0,5709.0,1.081,2528.0,5709.0,-1.0,9406.0,0.0,492584.0,4806.0,83966730.0,25.0,5.459,6.54,0.28,309367.0,False
300.0,3202e56149cbd27d0de3bdbd879f81e3.param,1.0,0.0,0.0,12.133,83966730.0,5c569f5f53aff9896be3a6489ae500f9,92099.0,1.0,0.0,6.8370000000000015,7,25257.0,0.0,306837.0,5709.0,1.149,2528.0,5709.0,-1.0,9406.0,0.0,492584.0,4806.0,83966730.0,25.0,5.49,6.638999999999999,0.28,309367.0,False
300.0,3202e56149cbd27d0de3bdbd879f81e3.param,2.0,0.0,0.0,12.227,83966730.0,5c569f5f53aff9896be3a6489ae500f9,92099.0,1.0,0.0,6.756,7,25257.0,0.0,306837.0,5709.0,1.048,2528.0,5709.0,-1.0,9406.0,0.0,492584.0,4806.0,83966730.0,25.0,5.452000000000001,6.5,0.28,309367.0,False
300.0,ebfb38d0b486754d6704faf1ad393db8.param,0.0,0.0,0.0,21.739,1234135464.0,c412369f07fbfc0d40c802943cb86093,125042.0,1.0,0.0,11.995,7,44068.0,0.0,521267.0,9607.0,1.8259999999999998,3780.0,9607.0,-1.0,10933.0,0.0,745811.0,7272.0,1234135464.0,32.0,9.844,11.67,0.28,525049.0,False
300.0,ebfb38d0b486754d6704faf1ad393db8.param,1.0,0.0,0.0,20.314,1234135464.0,c412369f07fbfc0d40c802943cb86093,125042.0,1.0,0.0,11.944,7,44068.0,0.0,521267.0,9607.0,1.829,3780.0,9607.0,-1.0,10933.0,0.0,745811.0,7272.0,1234135464.0,32.0,9.795,11.624,0.28,525049.0,False
300.0,ebfb38d0b486754d6704faf1ad393db8.param,2.0,0.0,0.0,21.237,1234135464.0,c412369f07fbfc0d40c802943cb86093,125042.0,1.0,0.0,11.991,7,44068.0,0.0,521267.0,9607.0,1.8359999999999999,3780.0,9607.0,-1.0,10933.0,0.0,745811.0,7272.0,1234135464.0,32.0,9.859,11.695,0.28,525049.0,False
300.0,a41351309b1ab4b5310538c23b8dec0e.param,0.0,0.0,0.0,54.511,1234135464.0,835d11018810f7e091e37fc8acb02eaf,970049.0,1.0,0.0,41.286,7,744428.0,0.0,1501013.0,10246.0,5.537999999999999,10656.0,10246.0,-1.0,23962.0,0.0,1243707.0,20934.0,1234135464.0,36.0,34.95,40.488,0.63,1511671.0,False
300.0,a41351309b1ab4b5310538c23b8dec0e.param,1.0,0.0,0.0,52.191,1234135464.0,835d11018810f7e091e37fc8acb02eaf,970049.0,1.0,0.0,41.99100000000001,7,744428.0,0.0,1501013.0,10246.0,5.4220000000000015,10656.0,10246.0,-1.0,23962.0,0.0,1243707.0,20934.0,1234135464.0,36.0,35.486,40.908,0.63,1511671.0,False
300.0,a41351309b1ab4b5310538c23b8dec0e.param,2.0,0.0,0.0,52.68899999999999,1234135464.0,835d11018810f7e091e37fc8acb02eaf,970049.0,1.0,0.0,41.228,7,744428.0,0.0,1501013.0,10246.0,5.506,10656.0,10246.0,-1.0,23962.0,0.0,1243707.0,20934.0,1234135464.0,36.0,34.936,40.442,0.63,1511671.0,False
300.0,f8df5f5150968e8beed02c87bc2ab666.param,0.0,0.0,0.0,49.229,1258716603.0,c38760f47833472db8f75d47f310ae44,186787.0,1.0,0.0,9.125,7,125183.0,0.0,1374907.0,6317.0,4.92,10540.0,6317.0,-1.0,8971.0,0.0,806309.0,20766.0,1258716603.0,29.0,3.2710000000000004,8.191,0.63,1385449.0,False
300.0,f8df5f5150968e8beed02c87bc2ab666.param,1.0,0.0,0.0,52.458999999999996,1258716603.0,c38760f47833472db8f75d47f310ae44,186787.0,1.0,0.0,9.079,7,125183.0,0.0,1374907.0,6317.0,5.025,10540.0,6317.0,-1.0,8971.0,0.0,806309.0,20766.0,1258716603.0,29.0,3.305,8.33,0.63,1385449.0,False
300.0,f8df5f5150968e8beed02c87bc2ab666.param,2.0,0.0,0.0,50.24,1258716603.0,c38760f47833472db8f75d47f310ae44,186787.0,1.0,0.0,8.846,7,125183.0,0.0,1374907.0,6317.0,4.869,10540.0,6317.0,-1.0,8971.0,0.0,806309.0,20766.0,1258716603.0,29.0,3.241,8.11,0.63,1385449.0,False
300.0,e5fa51f4b48f9d73b966b1eb0389e73c.param,0.0,0.0,0.0,77.73,2136253402.0,d29562db8905d97a17105fc58aacdb78,2738986.0,1.0,0.0,78.699,Original,2088876.0,0.0,2138741.0,24794.0,7.834,7062.0,24794.0,-1.0,36289.0,0.0,2134827.0,27732.0,2136253402.0,77.0,69.317,77.15100000000002,0.94,2145805.0,False
300.0,e5fa51f4b48f9d73b966b1eb0389e73c.param,1.0,0.0,0.0,72.167,2136253402.0,d29562db8905d97a17105fc58aacdb78,2738986.0,1.0,0.0,78.083,Original,2088876.0,0.0,2138741.0,24794.0,7.768,7062.0,24794.0,-1.0,36289.0,0.0,2134827.0,27732.0,2136253402.0,77.0,68.737,76.505,0.94,2145805.0,False
300.0,e5fa51f4b48f9d73b966b1eb0389e73c.param,2.0,0.0,0.0,69.888,2136253402.0,d29562db8905d97a17105fc58aacdb78,2738986.0,1.0,0.0,79.867,Original,2088876.0,0.0,2138741.0,24794.0,7.949,7062.0,24794.0,-1.0,36289.0,0.0,2134827.0,27732.0,2136253402.0,77.0,70.333,78.282,0.94,2145805.0,False
300.0,ff29c8f9c07b239fedaec27dbf4ce49d.param,0.0,0.0,0.0,27.851999999999997,34754393.0,a46efb195ed103b57d90bbbf31101d77,420357.0,1.0,0.0,27.204,7,257809.0,0.0,705318.0,9643.0,2.713,5120.0,9643.0,-1.0,22076.0,0.0,962847.0,9839.0,34754393.0,32.0,24.081,26.794,0.63,710440.0,False
300.0,ff29c8f9c07b239fedaec27dbf4ce49d.param,1.0,0.0,0.0,25.579,34754393.0,a46efb195ed103b57d90bbbf31101d77,420357.0,1.0,0.0,27.373,7,257809.0,0.0,705318.0,9643.0,2.5610000000000004,5120.0,9643.0,-1.0,22076.0,0.0,962847.0,9839.0,34754393.0,32.0,24.237,26.798000000000002,0.63,710440.0,False
300.0,ff29c8f9c07b239fedaec27dbf4ce49d.param,2.0,0.0,0.0,25.951,34754393.0,a46efb195ed103b57d90bbbf31101d77,420357.0,1.0,0.0,26.78,7,257809.0,0.0,705318.0,9643.0,2.475,5120.0,9643.0,-1.0,22076.0,0.0,962847.0,9839.0,34754393.0,32.0,23.772,26.247,0.63,710440.0,False
300.0,3c59340fb353a585970ae15583e52dc2.param,0.0,0.0,0.0,53.28,1923385776.0,cfc0ff0cc094c601d1b8417fce8442a2,260957.0,1.0,0.0,22.166,7,128443.0,0.0,1539502.0,9643.0,5.517,11160.0,9643.0,-1.0,16537.0,0.0,842842.0,21991.0,1923385776.0,32.0,15.802999999999999,21.32,0.63,1550664.0,False
300.0,3c59340fb353a585970ae15583e52dc2.param,1.0,0.0,0.0,54.352,1923385776.0,cfc0ff0cc094c601d1b8417fce8442a2,260957.0,1.0,0.0,22.601999999999997,7,128443.0,0.0,1539502.0,9643.0,5.7070000000000025,11160.0,9643.0,-1.0,16537.0,0.0,842842.0,21991.0,1923385776.0,32.0,15.965,21.671999999999997,0.63,1550664.0,False
300.0,3c59340fb353a585970ae15583e52dc2.param,2.0,0.0,0.0,58.093,1923385776.0,cfc0ff0cc094c601d1b8417fce8442a2,260957.0,1.0,0.0,22.544,7,128443.0,0.0,1539502.0,9643.0,5.496,11160.0,9643.0,-1.0,16537.0,0.0,842842.0,21991.0,1923385776.0,32.0,15.892999999999999,21.389,0.63,1550664.0,False
300.0,411eb8af67a987b6d330a3f7c487347c.param,0.0,0.0,0.0,12.652000000000001,1083416308.0,a2390b2e31dd0a8078bc7b781de51cc0,165557.0,1.0,0.0,5.135,7,118635.0,0.0,317367.0,4765.0,1.082,2788.0,4765.0,-1.0,9152.0,0.0,461688.0,5316.0,1083416308.0,21.0,3.847,4.928999999999999,0.19,320157.0,False
300.0,411eb8af67a987b6d330a3f7c487347c.param,1.0,0.0,0.0,12.602,1083416308.0,a2390b2e31dd0a8078bc7b781de51cc0,165557.0,1.0,0.0,5.218999999999999,7,118635.0,0.0,317367.0,4765.0,1.129,2788.0,4765.0,-1.0,9152.0,0.0,461688.0,5316.0,1083416308.0,21.0,3.889,5.018,0.19,320157.0,False
300.0,411eb8af67a987b6d330a3f7c487347c.param,2.0,0.0,0.0,13.651,1083416308.0,a2390b2e31dd0a8078bc7b781de51cc0,165557.0,1.0,0.0,5.2139999999999995,7,118635.0,0.0,317367.0,4765.0,1.107,2788.0,4765.0,-1.0,9152.0,0.0,461688.0,5316.0,1083416308.0,21.0,3.888,4.995,0.19,320157.0,False
300.0,9feb6f2064b86f090bb3887f069a4d0d.param,0.0,0.0,0.0,60.38800000000001,1918631718.0,db118142f91d7b2e655cc15898a44967,556289.0,1.0,0.0,26.438000000000002,7,306207.0,0.0,1588368.0,11203.0,5.767,10496.0,11203.0,-1.0,29970.0,0.0,1472928.0,20570.0,1918631718.0,40.0,19.789,25.555999999999997,0.63,1598866.0,False
300.0,9feb6f2064b86f090bb3887f069a4d0d.param,1.0,0.0,0.0,59.192,1918631718.0,db118142f91d7b2e655cc15898a44967,556289.0,1.0,0.0,26.07,7,306207.0,0.0,1588368.0,11203.0,5.779,10496.0,11203.0,-1.0,29970.0,0.0,1472928.0,20570.0,1918631718.0,40.0,19.361,25.14,0.63,1598866.0,False
300.0,9feb6f2064b86f090bb3887f069a4d0d.param,2.0,0.0,0.0,57.092,1918631718.0,db118142f91d7b2e655cc15898a44967,556289.0,1.0,0.0,26.101,7,306207.0,0.0,1588368.0,11203.0,5.92,10496.0,11203.0,-1.0,29970.0,0.0,1472928.0,20570.0,1918631718.0,40.0,19.282,25.201999999999998,0.63,1598866.0,False
300.0,a1d4e09d3abf0a4eca987babbe1df4ca.param,0.0,0.0,0.0,4.5889999999999995,1571287961.0,8d75bc075dd8af570f0aac884ae95b2c,55429.0,1.0,0.0,1.8719999999999999,7,33003.0,0.0,102053.0,5601.0,0.33899999999999997,690.0,5601.0,-1.0,5426.0,0.0,587606.0,1035.0,1571287961.0,24.0,1.4340000000000002,1.7730000000000001,0.19,102745.0,False
300.0,a1d4e09d3abf0a4eca987babbe1df4ca.param,1.0,0.0,0.0,4.283,1571287961.0,8d75bc075dd8af570f0aac884ae95b2c,55429.0,1.0,0.0,1.892,7,33003.0,0.0,102053.0,5601.0,0.376,690.0,5601.0,-1.0,5426.0,0.0,587606.0,1035.0,1571287961.0,24.0,1.4280000000000002,1.804,0.19,102745.0,False
300.0,a1d4e09d3abf0a4eca987babbe1df4ca.param,2.0,0.0,0.0,4.512,1571287961.0,8d75bc075dd8af570f0aac884ae95b2c,55429.0,1.0,0.0,1.815,7,33003.0,0.0,102053.0,5601.0,0.337,690.0,5601.0,-1.0,5426.0,0.0,587606.0,1035.0,1571287961.0,24.0,1.386,1.723,0.19,102745.0,False
300.0,964d1ae550e8b1567ec8e3803e14c5da.param,0.0,0.0,0.0,32.034,693280077.0,89f6f9886cf851eab11281c902df78ad,88220.0,1.0,0.0,9.783999999999999,7,42049.0,0.0,841265.0,4118.0,3.0,8268.0,4118.0,-1.0,10757.0,0.0,432111.0,16182.0,693280077.0,17.0,6.315,9.315,0.42,849535.0,False
300.0,964d1ae550e8b1567ec8e3803e14c5da.param,1.0,0.0,0.0,32.738,693280077.0,89f6f9886cf851eab11281c902df78ad,88220.0,1.0,0.0,9.974,7,42049.0,0.0,841265.0,4118.0,3.111,8268.0,4118.0,-1.0,10757.0,0.0,432111.0,16182.0,693280077.0,17.0,6.3389999999999995,9.45,0.42,849535.0,False
300.0,964d1ae550e8b1567ec8e3803e14c5da.param,2.0,0.0,0.0,32.646,693280077.0,89f6f9886cf851eab11281c902df78ad,88220.0,1.0,0.0,10.037,7,42049.0,0.0,841265.0,4118.0,3.037,8268.0,4118.0,-1.0,10757.0,0.0,432111.0,16182.0,693280077.0,17.0,6.513,9.55,0.42,849535.0,False
300.0,813211425de754d47420bda81be7c3af.param,0.0,0.0,0.0,22.998,2028359165.0,bf7ab4875fe8392b10e391ac6455828e,109345.0,1.0,0.0,5.626,7,56742.0,0.0,629391.0,5708.0,2.324,5184.0,5708.0,-1.0,8731.0,0.0,538173.0,10096.0,2028359165.0,25.0,2.938,5.2620000000000005,0.28,634577.0,False
300.0,813211425de754d47420bda81be7c3af.param,1.0,0.0,0.0,24.596,2028359165.0,bf7ab4875fe8392b10e391ac6455828e,109345.0,1.0,0.0,5.4620000000000015,7,56742.0,0.0,629391.0,5708.0,2.227,5184.0,5708.0,-1.0,8731.0,0.0,538173.0,10096.0,2028359165.0,25.0,2.8760000000000003,5.103,0.28,634577.0,False
300.0,813211425de754d47420bda81be7c3af.param,2.0,0.0,0.0,24.141,2028359165.0,bf7ab4875fe8392b10e391ac6455828e,109345.0,1.0,0.0,5.479,7,56742.0,0.0,629391.0,5708.0,2.211,5184.0,5708.0,-1.0,8731.0,0.0,538173.0,10096.0,2028359165.0,25.0,2.883,5.093999999999999,0.28,634577.0,False
300.0,9847d0c027bbaccb1847a48fd98a95ac.param,0.0,0.0,0.0,19.195,1405409883.0,153a65bf322dd444e72a26ffc25eb79a,557202.0,1.0,0.0,17.948,7,400129.0,0.0,517595.0,10245.0,1.825,3636.0,10245.0,-1.0,18070.0,0.0,1008124.0,6954.0,1405409883.0,36.0,15.798,17.623,0.42,521233.0,False
300.0,9847d0c027bbaccb1847a48fd98a95ac.param,1.0,0.0,0.0,22.385,1405409883.0,153a65bf322dd444e72a26ffc25eb79a,557202.0,1.0,0.0,18.092,7,400129.0,0.0,517595.0,10245.0,1.851,3636.0,10245.0,-1.0,18070.0,0.0,1008124.0,6954.0,1405409883.0,36.0,15.895,17.746,0.42,521233.0,False
300.0,9847d0c027bbaccb1847a48fd98a95ac.param,2.0,0.0,0.0,20.067,1405409883.0,153a65bf322dd444e72a26ffc25eb79a,557202.0,1.0,0.0,17.996,7,400129.0,0.0,517595.0,10245.0,1.83,3636.0,10245.0,-1.0,18070.0,0.0,1008124.0,6954.0,1405409883.0,36.0,15.842,17.672,0.42,521233.0,False
300.0,f48c0154c055dd2d9e427d94e5cc96fd.param,0.0,0.0,0.0,45.692,1098776393.0,e7daa4653507e1233dcdea1f3a6b020d,747258.0,1.0,0.0,40.9,7,507793.0,0.0,1229377.0,11200.0,4.7139999999999995,8118.0,11200.0,-1.0,24529.0,0.0,1395650.0,15901.0,1098776393.0,40.0,35.407,40.121,0.63,1237497.0,False
300.0,f48c0154c055dd2d9e427d94e5cc96fd.param,1.0,0.0,0.0,43.24100000000001,1098776393.0,e7daa4653507e1233dcdea1f3a6b020d,747258.0,1.0,0.0,40.823,7,507793.0,0.0,1229377.0,11200.0,4.513999999999999,8118.0,11200.0,-1.0,24529.0,0.0,1395650.0,15901.0,1098776393.0,40.0,35.453,39.967,0.63,1237497.0,False
300.0,f48c0154c055dd2d9e427d94e5cc96fd.param,2.0,0.0,0.0,43.535,1098776393.0,e7daa4653507e1233dcdea1f3a6b020d,747258.0,1.0,0.0,42.056999999999995,7,507793.0,0.0,1229377.0,11200.0,4.405,8118.0,11200.0,-1.0,24529.0,0.0,1395650.0,15901.0,1098776393.0,40.0,36.701,41.106,0.63,1237497.0,False
300.0,be934c0585611c7f00126ccfde3651ad.param,0.0,0.0,0.0,51.821999999999996,590654055.0,db1f988434f26be6d87ea74f1b9f895c,1167461.0,1.0,0.0,51.19300000000001,7,893539.0,0.0,1496036.0,10332.0,5.356,10296.0,10332.0,-1.0,30331.0,0.0,1515296.0,20160.0,590654055.0,37.0,45.003,50.358999999999995,0.94,1506334.0,False
300.0,be934c0585611c7f00126ccfde3651ad.param,1.0,0.0,0.0,55.044,590654055.0,db1f988434f26be6d87ea74f1b9f895c,1167461.0,1.0,0.0,51.037,7,893539.0,0.0,1496036.0,10332.0,5.37,10296.0,10332.0,-1.0,30331.0,0.0,1515296.0,20160.0,590654055.0,37.0,44.797,50.167,0.94,1506334.0,False
300.0,be934c0585611c7f00126ccfde3651ad.param,2.0,0.0,0.0,56.602,590654055.0,db1f988434f26be6d87ea74f1b9f895c,1167461.0,1.0,0.0,52.088,7,893539.0,0.0,1496036.0,10332.0,5.39,10296.0,10332.0,-1.0,30331.0,0.0,1515296.0,20160.0,590654055.0,37.0,45.573,50.963,0.94,1506334.0,False
300.0,0faee3ca8e450721dd5b73cb48656439.param,0.0,0.0,0.0,90.78,221638566.0,f7633be16c35bb664856f69b380af411,682370.0,1.0,0.0,36.032,7,435423.0,0.0,2493906.0,10244.0,9.219,17520.0,10244.0,-1.0,31727.0,0.0,1329299.0,34610.0,221638566.0,36.0,25.351999999999997,34.571,0.94,2511428.0,False
300.0,0faee3ca8e450721dd5b73cb48656439.param,1.0,0.0,0.0,89.3,221638566.0,f7633be16c35bb664856f69b380af411,682370.0,1.0,0.0,36.507,7,435423.0,0.0,2493906.0,10244.0,9.3,17520.0,10244.0,-1.0,31727.0,0.0,1329299.0,34610.0,221638566.0,36.0,25.495,34.795,0.94,2511428.0,False
300.0,0faee3ca8e450721dd5b73cb48656439.param,2.0,0.0,0.0,98.204,221638566.0,f7633be16c35bb664856f69b380af411,682370.0,1.0,0.0,37.662,7,435423.0,0.0,2493906.0,10244.0,9.248,17520.0,10244.0,-1.0,31727.0,0.0,1329299.0,34610.0,221638566.0,36.0,26.642,35.89,0.94,2511428.0,False
300.0,9038037b7d7e09779716658ee51f043a.param,0.0,0.0,0.0,33.299,1470727592.0,e3cd46d302950f0bdf9a1c195ead52b7,92649.0,1.0,0.0,6.974,7,44129.0,0.0,862430.0,4635.0,3.071,7992.0,4635.0,-1.0,8468.0,0.0,423597.0,15711.0,1470727592.0,20.0,3.411,6.482,0.42,870424.0,False
300.0,9038037b7d7e09779716658ee51f043a.param,1.0,0.0,0.0,33.916,1470727592.0,e3cd46d302950f0bdf9a1c195ead52b7,92649.0,1.0,0.0,6.9670000000000005,7,44129.0,0.0,862430.0,4635.0,3.068,7992.0,4635.0,-1.0,8468.0,0.0,423597.0,15711.0,1470727592.0,20.0,3.41,6.478,0.42,870424.0,False
300.0,9038037b7d7e09779716658ee51f043a.param,2.0,0.0,0.0,30.325,1470727592.0,e3cd46d302950f0bdf9a1c195ead52b7,92649.0,1.0,0.0,7.0520000000000005,7,44129.0,0.0,862430.0,4635.0,3.1289999999999996,7992.0,4635.0,-1.0,8468.0,0.0,423597.0,15711.0,1470727592.0,20.0,3.404,6.5329999999999995,0.42,870424.0,False
300.0,82716a7451af0bb025940cb2be8712d2.param,0.0,0.0,0.0,12.935,1802391418.0,5fea53eeb41af335d8f3af6b0fc4dbfe,53339.0,1.0,0.0,4.765,7,8437.0,0.0,306850.0,5638.0,1.157,2560.0,5638.0,-1.0,8466.0,0.0,450005.0,4867.0,1802391418.0,24.0,3.4130000000000003,4.57,0.19,309412.0,False
300.0,82716a7451af0bb025940cb2be8712d2.param,1.0,0.0,0.0,12.175999999999998,1802391418.0,5fea53eeb41af335d8f3af6b0fc4dbfe,53339.0,1.0,0.0,4.6339999999999995,7,8437.0,0.0,306850.0,5638.0,1.05,2560.0,5638.0,-1.0,8466.0,0.0,450005.0,4867.0,1802391418.0,24.0,3.3710000000000004,4.421,0.19,309412.0,False
300.0,82716a7451af0bb025940cb2be8712d2.param,2.0,0.0,0.0,12.374,1802391418.0,5fea53eeb41af335d8f3af6b0fc4dbfe,53339.0,1.0,0.0,4.787,7,8437.0,0.0,306850.0,5638.0,1.07,2560.0,5638.0,-1.0,8466.0,0.0,450005.0,4867.0,1802391418.0,24.0,3.4419999999999997,4.512,0.19,309412.0,False
300.0,2389afb57cc1c7542bfddc76320706af.param,0.0,0.0,0.0,31.691999999999997,1405409883.0,46c421317779242c3eab86a305f5213c,45554.0,1.0,0.0,6.809,7,13461.0,0.0,903048.0,4118.0,3.293,8736.0,4118.0,-1.0,5834.0,0.0,373681.0,17185.0,1405409883.0,17.0,2.983,6.276,0.42,911786.0,False
300.0,2389afb57cc1c7542bfddc76320706af.param,1.0,0.0,0.0,32.87,1405409883.0,46c421317779242c3eab86a305f5213c,45554.0,1.0,0.0,6.687,7,13461.0,0.0,903048.0,4118.0,3.24,8736.0,4118.0,-1.0,5834.0,0.0,373681.0,17185.0,1405409883.0,17.0,2.9389999999999996,6.178999999999999,0.42,911786.0,False
300.0,2389afb57cc1c7542bfddc76320706af.param,2.0,0.0,0.0,32.359,1405409883.0,46c421317779242c3eab86a305f5213c,45554.0,1.0,0.0,7.0829999999999975,7,13461.0,0.0,903048.0,4118.0,3.408,8736.0,4118.0,-1.0,5834.0,0.0,373681.0,17185.0,1405409883.0,17.0,3.0980000000000003,6.506,0.42,911786.0,False
300.0,573a8627b23c29141b9965518a1ea628.param,0.0,0.0,0.0,66.993,1057470620.0,1da17bf94819b72518925c1aec85172c,459982.0,1.0,0.0,56.729,7,143324.0,0.0,1795439.0,10244.0,6.481,12750.0,10244.0,-1.0,36058.0,0.0,1177492.0,25077.0,1057470620.0,36.0,48.956,55.437,0.94,1808191.0,False
300.0,573a8627b23c29141b9965518a1ea628.param,1.0,0.0,0.0,66.421,1057470620.0,1da17bf94819b72518925c1aec85172c,459982.0,1.0,0.0,57.191,7,143324.0,0.0,1795439.0,10244.0,6.575,12750.0,10244.0,-1.0,36058.0,0.0,1177492.0,25077.0,1057470620.0,36.0,49.292,55.867,0.94,1808191.0,False
300.0,573a8627b23c29141b9965518a1ea628.param,2.0,0.0,0.0,67.317,1057470620.0,1da17bf94819b72518925c1aec85172c,459982.0,1.0,0.0,56.972,7,143324.0,0.0,1795439.0,10244.0,6.556,12750.0,10244.0,-1.0,36058.0,0.0,1177492.0,25077.0,1057470620.0,36.0,49.395,55.951,0.94,1808191.0,False
300.0,400673ca8ff3edef3535b5791da29758.param,0.0,0.0,0.0,26.715999999999998,1139903203.0,b2a37d8185e91734095810d14e2c773c,63821.0,1.0,0.0,4.774,7,24121.0,0.0,682543.0,4667.0,2.46,6156.0,4667.0,-1.0,6713.0,0.0,406761.0,12034.0,1139903203.0,20.0,1.911,4.371,0.42,688701.0,False
300.0,400673ca8ff3edef3535b5791da29758.param,1.0,0.0,0.0,24.105,1139903203.0,b2a37d8185e91734095810d14e2c773c,63821.0,1.0,0.0,4.7330000000000005,7,24121.0,0.0,682543.0,4667.0,2.404,6156.0,4667.0,-1.0,6713.0,0.0,406761.0,12034.0,1139903203.0,20.0,1.921,4.325,0.42,688701.0,False
300.0,400673ca8ff3edef3535b5791da29758.param,2.0,0.0,0.0,26.278000000000002,1139903203.0,b2a37d8185e91734095810d14e2c773c,63821.0,1.0,0.0,4.755,7,24121.0,0.0,682543.0,4667.0,2.438,6156.0,4667.0,-1.0,6713.0,0.0,406761.0,12034.0,1139903203.0,20.0,1.9140000000000001,4.352,0.42,688701.0,False
300.0,1ec21c7d8e15d35901cd608efade836b.param,0.0,0.0,0.0,7.7070000000000025,1802391418.0,dddf62bf12235c8fde9e1f1f9f15dbe5,122525.0,1.0,0.0,7.294,7,52620.0,0.0,185227.0,9745.0,0.634,1316.0,9745.0,-1.0,8501.0,0.0,864338.0,2346.0,1802391418.0,33.0,6.519,7.153,0.28,186545.0,False
300.0,1ec21c7d8e15d35901cd608efade836b.param,1.0,0.0,0.0,7.774,1802391418.0,dddf62bf12235c8fde9e1f1f9f15dbe5,122525.0,1.0,0.0,7.164,7,52620.0,0.0,185227.0,9745.0,0.615,1316.0,9745.0,-1.0,8501.0,0.0,864338.0,2346.0,1802391418.0,33.0,6.412999999999999,7.028,0.28,186545.0,False
300.0,1ec21c7d8e15d35901cd608efade836b.param,2.0,0.0,0.0,7.737999999999999,1802391418.0,dddf62bf12235c8fde9e1f1f9f15dbe5,122525.0,1.0,0.0,7.205,7,52620.0,0.0,185227.0,9745.0,0.639,1316.0,9745.0,-1.0,8501.0,0.0,864338.0,2346.0,1802391418.0,33.0,6.434,7.0729999999999995,0.28,186545.0,False
300.0,8e69ece5afd42db3ce1e7ed475eaaf08.param,0.0,0.0,0.0,28.971,1979567522.0,ca89d0614dd361c76ff2e3241eb154f7,77570.0,1.0,0.0,4.985,7,34108.0,0.0,807209.0,4633.0,2.8689999999999998,7488.0,4633.0,-1.0,10113.0,0.0,453311.0,14652.0,1979567522.0,20.0,1.5430000000000001,4.412,0.42,814699.0,False
300.0,8e69ece5afd42db3ce1e7ed475eaaf08.param,1.0,0.0,0.0,30.480999999999998,1979567522.0,ca89d0614dd361c76ff2e3241eb154f7,77570.0,1.0,0.0,4.887,7,34108.0,0.0,807209.0,4633.0,2.872,7488.0,4633.0,-1.0,10113.0,0.0,453311.0,14652.0,1979567522.0,20.0,1.5430000000000001,4.415,0.42,814699.0,False
300.0,8e69ece5afd42db3ce1e7ed475eaaf08.param,2.0,0.0,0.0,31.166999999999998,1979567522.0,ca89d0614dd361c76ff2e3241eb154f7,77570.0,1.0,0.0,4.9030000000000005,7,34108.0,0.0,807209.0,4633.0,2.9,7488.0,4633.0,-1.0,10113.0,0.0,453311.0,14652.0,1979567522.0,20.0,1.5390000000000001,4.439,0.42,814699.0,False
300.0,356667c28689cc2615ddddc6ad11e53e.param,0.0,0.0,0.0,64.818,693280077.0,36b04508031e4dadd6c1a2580f4281f1,74603.0,1.0,0.0,10.534,7,9004.0,0.0,1906022.0,6398.0,6.9510000000000005,14300.0,6398.0,-1.0,13530.0,0.0,906876.0,28158.0,693280077.0,29.0,2.524,9.475,0.94,1920324.0,False
300.0,356667c28689cc2615ddddc6ad11e53e.param,1.0,0.0,0.0,68.344,693280077.0,36b04508031e4dadd6c1a2580f4281f1,74603.0,1.0,0.0,11.082,7,9004.0,0.0,1906022.0,6398.0,7.0,14300.0,6398.0,-1.0,13530.0,0.0,906876.0,28158.0,693280077.0,29.0,2.623,9.623,0.94,1920324.0,False
300.0,356667c28689cc2615ddddc6ad11e53e.param,2.0,0.0,0.0,67.59100000000001,693280077.0,36b04508031e4dadd6c1a2580f4281f1,74603.0,1.0,0.0,10.99,7,9004.0,0.0,1906022.0,6398.0,7.013999999999999,14300.0,6398.0,-1.0,13530.0,0.0,906876.0,28158.0,693280077.0,29.0,2.515,9.529,0.94,1920324.0,False
300.0,911e1a0f8b4680f2864fa59b12973cad.param,0.0,0.0,0.0,37.759,1145031130.0,87408967b921dd91612b0a0689f4532a,122017.0,1.0,0.0,6.862,7,64743.0,0.0,961247.0,4124.0,3.589,9316.0,4124.0,-1.0,12499.0,0.0,535228.0,18190.0,1145031130.0,17.0,2.638,6.227,0.63,970565.0,False
300.0,911e1a0f8b4680f2864fa59b12973cad.param,1.0,0.0,0.0,35.76,1145031130.0,87408967b921dd91612b0a0689f4532a,122017.0,1.0,0.0,6.756,7,64743.0,0.0,961247.0,4124.0,3.575,9316.0,4124.0,-1.0,12499.0,0.0,535228.0,18190.0,1145031130.0,17.0,2.638,6.212999999999999,0.63,970565.0,False
300.0,911e1a0f8b4680f2864fa59b12973cad.param,2.0,0.0,0.0,36.821999999999996,1145031130.0,87408967b921dd91612b0a0689f4532a,122017.0,1.0,0.0,7.058,7,64743.0,0.0,961247.0,4124.0,3.554,9316.0,4124.0,-1.0,12499.0,0.0,535228.0,18190.0,1145031130.0,17.0,2.733,6.287000000000001,0.63,970565.0,False
300.0,589bbf864478462408d49f56b3acebc9.param,0.0,0.0,0.0,45.478,182366586.0,3f08702c3e333bad760563224d61f715,210835.0,1.0,0.0,10.629000000000001,7,114690.0,0.0,1211393.0,6279.0,4.475,9396.0,6279.0,-1.0,12968.0,0.0,759551.0,18480.0,182366586.0,28.0,5.489,9.964,0.63,1220791.0,False
300.0,589bbf864478462408d49f56b3acebc9.param,1.0,0.0,0.0,42.093,182366586.0,3f08702c3e333bad760563224d61f715,210835.0,1.0,0.0,10.6,7,114690.0,0.0,1211393.0,6279.0,4.405,9396.0,6279.0,-1.0,12968.0,0.0,759551.0,18480.0,182366586.0,28.0,5.504,9.908999999999999,0.63,1220791.0,False
300.0,589bbf864478462408d49f56b3acebc9.param,2.0,0.0,0.0,46.778999999999996,182366586.0,3f08702c3e333bad760563224d61f715,210835.0,1.0,0.0,10.602,7,114690.0,0.0,1211393.0,6279.0,4.459,9396.0,6279.0,-1.0,12968.0,0.0,759551.0,18480.0,182366586.0,28.0,5.476,9.935,0.63,1220791.0,False
300.0,c561707c3f0ff054acd49c4f7f7f9eae.param,0.0,0.0,0.0,62.778,590654055.0,624dbb8b6a18a03006b2bdeece4fd416,1444613.0,1.0,0.0,78.023,7,1154658.0,0.0,1812383.0,10380.0,6.785,12342.0,10380.0,-1.0,32859.0,0.0,1771495.0,24273.0,590654055.0,37.0,69.938,76.723,0.94,1824727.0,False
300.0,c561707c3f0ff054acd49c4f7f7f9eae.param,1.0,0.0,0.0,64.34,590654055.0,624dbb8b6a18a03006b2bdeece4fd416,1444613.0,1.0,0.0,77.39399999999998,7,1154658.0,0.0,1812383.0,10380.0,6.693,12342.0,10380.0,-1.0,32859.0,0.0,1771495.0,24273.0,590654055.0,37.0,69.691,76.384,0.94,1824727.0,False
300.0,c561707c3f0ff054acd49c4f7f7f9eae.param,2.0,0.0,0.0,68.036,590654055.0,624dbb8b6a18a03006b2bdeece4fd416,1444613.0,1.0,0.0,78.014,7,1154658.0,0.0,1812383.0,10380.0,6.734,12342.0,10380.0,-1.0,32859.0,0.0,1771495.0,24273.0,590654055.0,37.0,70.258,76.992,0.94,1824727.0,False
300.0,5c79d1d9a7223b0aa7f24b9abb13ee2f.param,0.0,0.0,0.0,60.758,1923385776.0,fc2ccd10be0c83bb4be1a564521c3fc1,573329.0,1.0,0.0,20.79,7,445784.0,0.0,1776323.0,9723.0,6.51,13020.0,9723.0,-1.0,16202.0,0.0,1417620.0,25694.0,1923385776.0,33.0,13.343,19.852999999999998,0.63,1789345.0,False
300.0,5c79d1d9a7223b0aa7f24b9abb13ee2f.param,1.0,0.0,0.0,62.397,1923385776.0,fc2ccd10be0c83bb4be1a564521c3fc1,573329.0,1.0,0.0,21.044,7,445784.0,0.0,1776323.0,9723.0,6.691,13020.0,9723.0,-1.0,16202.0,0.0,1417620.0,25694.0,1923385776.0,33.0,13.350999999999999,20.042,0.63,1789345.0,False
300.0,5c79d1d9a7223b0aa7f24b9abb13ee2f.param,2.0,0.0,0.0,66.822,1923385776.0,fc2ccd10be0c83bb4be1a564521c3fc1,573329.0,1.0,0.0,20.761,7,445784.0,0.0,1776323.0,9723.0,6.557,13020.0,9723.0,-1.0,16202.0,0.0,1417620.0,25694.0,1923385776.0,33.0,13.198,19.755,0.63,1789345.0,False
300.0,9f516f1949bb094c061b924b07b9239e.param,0.0,0.0,0.0,23.459,1234135464.0,a759c7c0852b31cb2de44675083c07be,341759.0,1.0,0.0,6.93,7,282265.0,0.0,602095.0,5746.0,2.142,4898.0,5746.0,-1.0,9694.0,0.0,671959.0,9531.0,1234135464.0,25.0,4.4239999999999995,6.566,0.28,606995.0,False
300.0,9f516f1949bb094c061b924b07b9239e.param,1.0,0.0,0.0,23.263,1234135464.0,a759c7c0852b31cb2de44675083c07be,341759.0,1.0,0.0,7.16,7,282265.0,0.0,602095.0,5746.0,2.298,4898.0,5746.0,-1.0,9694.0,0.0,671959.0,9531.0,1234135464.0,25.0,4.4239999999999995,6.722,0.28,606995.0,False
300.0,9f516f1949bb094c061b924b07b9239e.param,2.0,0.0,0.0,24.314,1234135464.0,a759c7c0852b31cb2de44675083c07be,341759.0,1.0,0.0,6.7079999999999975,7,282265.0,0.0,602095.0,5746.0,2.096,4898.0,5746.0,-1.0,9694.0,0.0,671959.0,9531.0,1234135464.0,25.0,4.251,6.347,0.28,606995.0,False
300.0,3631b5ebf342811f42ca903194874739.param,0.0,0.0,0.0,19.058,254168822.0,04fce8c715b6c82801c4b3ac19943d2d,212197.0,1.0,0.0,6.015,7,147030.0,0.0,487726.0,6279.0,1.742,3784.0,6279.0,-1.0,11393.0,0.0,610508.0,7291.0,254168822.0,28.0,3.977,5.718999999999999,0.28,491512.0,False
300.0,3631b5ebf342811f42ca903194874739.param,1.0,0.0,0.0,19.456,254168822.0,04fce8c715b6c82801c4b3ac19943d2d,212197.0,1.0,0.0,6.08,7,147030.0,0.0,487726.0,6279.0,1.757,3784.0,6279.0,-1.0,11393.0,0.0,610508.0,7291.0,254168822.0,28.0,4.015,5.772,0.28,491512.0,False
300.0,3631b5ebf342811f42ca903194874739.param,2.0,0.0,0.0,17.267,254168822.0,04fce8c715b6c82801c4b3ac19943d2d,212197.0,1.0,0.0,6.148,7,147030.0,0.0,487726.0,6279.0,1.726,3784.0,6279.0,-1.0,11393.0,0.0,610508.0,7291.0,254168822.0,28.0,4.023,5.749,0.28,491512.0,False
300.0,7ee038a2d306328bf29f3cc3ddd33ea0.param,0.0,0.0,0.0,57.981,2050821110.0,76ceb76756ae33be07a5960d8a06e7fe,665135.0,1.0,0.0,25.693,7,504060.0,0.0,1572690.0,10289.0,5.629,10816.0,10289.0,-1.0,19233.0,0.0,1171396.0,21271.0,2050821110.0,36.0,18.909000000000002,24.538,0.63,1583508.0,False
300.0,7ee038a2d306328bf29f3cc3ddd33ea0.param,1.0,0.0,0.0,59.926,2050821110.0,76ceb76756ae33be07a5960d8a06e7fe,665135.0,1.0,0.0,25.901999999999997,7,504060.0,0.0,1572690.0,10289.0,5.672999999999999,10816.0,10289.0,-1.0,19233.0,0.0,1171396.0,21271.0,2050821110.0,36.0,18.983,24.656,0.63,1583508.0,False
300.0,7ee038a2d306328bf29f3cc3ddd33ea0.param,2.0,0.0,0.0,59.235,2050821110.0,76ceb76756ae33be07a5960d8a06e7fe,665135.0,1.0,0.0,24.88300000000001,7,504060.0,0.0,1572690.0,10289.0,5.63,10816.0,10289.0,-1.0,19233.0,0.0,1171396.0,21271.0,2050821110.0,36.0,18.322,23.951999999999998,0.63,1583508.0,False
300.0,6074526f967671a9c7cc808bdb4dbadb.param,0.0,0.0,0.0,68.266,1470727592.0,1057f690540d2acd8d43b8b5c745b79f,198598.0,1.0,0.0,21.643,7,56230.0,0.0,1886870.0,10291.0,6.845,12972.0,10291.0,-1.0,18348.0,0.0,971866.0,25596.0,1470727592.0,36.0,13.777000000000001,20.622,0.63,1899844.0,False
300.0,6074526f967671a9c7cc808bdb4dbadb.param,1.0,0.0,0.0,65.09100000000001,1470727592.0,1057f690540d2acd8d43b8b5c745b79f,198598.0,1.0,0.0,22.134,7,56230.0,0.0,1886870.0,10291.0,6.9239999999999995,12972.0,10291.0,-1.0,18348.0,0.0,971866.0,25596.0,1470727592.0,36.0,14.149000000000001,21.073,0.63,1899844.0,False
300.0,6074526f967671a9c7cc808bdb4dbadb.param,2.0,0.0,0.0,65.711,1470727592.0,1057f690540d2acd8d43b8b5c745b79f,198598.0,1.0,0.0,21.936999999999998,7,56230.0,0.0,1886870.0,10291.0,6.9270000000000005,12972.0,10291.0,-1.0,18348.0,0.0,971866.0,25596.0,1470727592.0,36.0,13.927,20.854,0.63,1899844.0,False
300.0,a38985b17ca7f54344b29181a8584654.param,0.0,0.0,0.0,35.650999999999996,221638566.0,daf10761645e4d9dd074ceb23eaae49f,135033.0,1.0,0.0,8.658,7,81872.0,0.0,988667.0,4005.0,3.7060000000000004,10332.0,4005.0,-1.0,12134.0,0.0,454381.0,20248.0,221638566.0,16.0,4.365,8.071,0.63,999001.0,False
300.0,a38985b17ca7f54344b29181a8584654.param,1.0,0.0,0.0,37.566,221638566.0,daf10761645e4d9dd074ceb23eaae49f,135033.0,1.0,0.0,8.559,7,81872.0,0.0,988667.0,4005.0,3.661,10332.0,4005.0,-1.0,12134.0,0.0,454381.0,20248.0,221638566.0,16.0,4.313,7.974,0.63,999001.0,False
300.0,a38985b17ca7f54344b29181a8584654.param,2.0,0.0,0.0,37.626,221638566.0,daf10761645e4d9dd074ceb23eaae49f,135033.0,1.0,0.0,8.435,7,81872.0,0.0,988667.0,4005.0,3.5260000000000002,10332.0,4005.0,-1.0,12134.0,0.0,454381.0,20248.0,221638566.0,16.0,4.311,7.8370000000000015,0.63,999001.0,False
300.0,d0799a9d39f0850315a55b0ab4917638.param,0.0,0.0,0.0,39.924,1918631718.0,bce96149f9580f78722f0d6e3f538264,96866.0,1.0,0.0,11.169,7,11412.0,0.0,1110443.0,5780.0,4.0489999999999995,8928.0,5780.0,-1.0,14202.0,0.0,624946.0,17532.0,1918631718.0,25.0,6.499,10.548,0.63,1119373.0,False
300.0,d0799a9d39f0850315a55b0ab4917638.param,1.0,0.0,0.0,40.648,1918631718.0,bce96149f9580f78722f0d6e3f538264,96866.0,1.0,0.0,11.331,7,11412.0,0.0,1110443.0,5780.0,4.13,8928.0,5780.0,-1.0,14202.0,0.0,624946.0,17532.0,1918631718.0,25.0,6.5429999999999975,10.673,0.63,1119373.0,False
300.0,d0799a9d39f0850315a55b0ab4917638.param,2.0,0.0,0.0,43.015,1918631718.0,bce96149f9580f78722f0d6e3f538264,96866.0,1.0,0.0,11.138,7,11412.0,0.0,1110443.0,5780.0,3.9989999999999997,8928.0,5780.0,-1.0,14202.0,0.0,624946.0,17532.0,1918631718.0,25.0,6.459,10.458,0.63,1119373.0,False
300.0,a37d28d43d69aa0103e8f6c03a25328d.param,0.0,0.0,0.0,9.065,1057470620.0,af68183a1afb897b30c052932128adc9,615470.0,1.0,0.0,21.182,7,522814.0,0.0,216215.0,9689.0,0.7390000000000001,1390.0,9689.0,-1.0,15770.0,0.0,1421968.0,2361.0,1057470620.0,32.0,20.249000000000002,20.988000000000003,0.42,217607.0,False
300.0,a37d28d43d69aa0103e8f6c03a25328d.param,1.0,0.0,0.0,9.689,1057470620.0,af68183a1afb897b30c052932128adc9,615470.0,1.0,0.0,21.346999999999998,7,522814.0,0.0,216215.0,9689.0,0.738,1390.0,9689.0,-1.0,15770.0,0.0,1421968.0,2361.0,1057470620.0,32.0,20.462,21.2,0.42,217607.0,False
300.0,a37d28d43d69aa0103e8f6c03a25328d.param,2.0,0.0,0.0,9.691,1057470620.0,af68183a1afb897b30c052932128adc9,615470.0,1.0,0.0,21.153000000000002,7,522814.0,0.0,216215.0,9689.0,0.741,1390.0,9689.0,-1.0,15770.0,0.0,1421968.0,2361.0,1057470620.0,32.0,20.254,20.995,0.42,217607.0,False
300.0,9d8011d62fbdace0c9682b0a56eb9c1a.param,0.0,0.0,0.0,14.155999999999999,475179535.0,309038143aa1358464c88d5b83dd8a53,293857.0,1.0,0.0,8.904,7,178915.0,0.0,346637.0,6355.0,1.27,2660.0,6355.0,-1.0,15379.0,0.0,727713.0,5024.0,475179535.0,29.0,7.354,8.624,0.42,349299.0,False
300.0,9d8011d62fbdace0c9682b0a56eb9c1a.param,1.0,0.0,0.0,13.913,475179535.0,309038143aa1358464c88d5b83dd8a53,293857.0,1.0,0.0,8.603,7,178915.0,0.0,346637.0,6355.0,1.307,2660.0,6355.0,-1.0,15379.0,0.0,727713.0,5024.0,475179535.0,29.0,7.079,8.386000000000001,0.42,349299.0,False
300.0,9d8011d62fbdace0c9682b0a56eb9c1a.param,2.0,0.0,0.0,13.886,475179535.0,309038143aa1358464c88d5b83dd8a53,293857.0,1.0,0.0,8.481,7,178915.0,0.0,346637.0,6355.0,1.1909999999999998,2660.0,6355.0,-1.0,15379.0,0.0,727713.0,5024.0,475179535.0,29.0,7.065,8.256,0.42,349299.0,False
300.0,c0ddd6d536dd36939b31e12d969323ca.param,0.0,0.0,0.0,14.11,1405409883.0,b4bfc740703ed5f463a93fcad24a3498,174115.0,1.0,0.0,5.5470000000000015,7,108556.0,0.0,333421.0,10395.0,1.15,2140.0,10395.0,-1.0,8835.0,0.0,1003149.0,3952.0,1405409883.0,37.0,4.185,5.335,0.28,335563.0,False
300.0,c0ddd6d536dd36939b31e12d969323ca.param,1.0,0.0,0.0,13.616,1405409883.0,b4bfc740703ed5f463a93fcad24a3498,174115.0,1.0,0.0,5.6670000000000025,7,108556.0,0.0,333421.0,10395.0,1.166,2140.0,10395.0,-1.0,8835.0,0.0,1003149.0,3952.0,1405409883.0,37.0,4.293,5.459,0.28,335563.0,False
300.0,c0ddd6d536dd36939b31e12d969323ca.param,2.0,0.0,0.0,13.985,1405409883.0,b4bfc740703ed5f463a93fcad24a3498,174115.0,1.0,0.0,5.597,7,108556.0,0.0,333421.0,10395.0,1.172,2140.0,10395.0,-1.0,8835.0,0.0,1003149.0,3952.0,1405409883.0,37.0,4.224,5.396,0.28,335563.0,False
300.0,880c13fc9e1ae18f82e743ba707577a8.param,0.0,0.0,0.0,41.496,1923385776.0,82953bec0bdcf632901517a70af5022a,62197.0,1.0,0.0,6.75,7,34591.0,0.0,1100579.0,4151.0,4.025,10488.0,4151.0,-1.0,5168.0,0.0,387671.0,20696.0,1923385776.0,17.0,2.09,6.115,0.63,1111069.0,False
300.0,880c13fc9e1ae18f82e743ba707577a8.param,1.0,0.0,0.0,41.424,1923385776.0,82953bec0bdcf632901517a70af5022a,62197.0,1.0,0.0,6.662000000000001,7,34591.0,0.0,1100579.0,4151.0,4.038,10488.0,4151.0,-1.0,5168.0,0.0,387671.0,20696.0,1923385776.0,17.0,1.982,6.02,0.63,1111069.0,False
300.0,880c13fc9e1ae18f82e743ba707577a8.param,2.0,0.0,0.0,41.54600000000001,1923385776.0,82953bec0bdcf632901517a70af5022a,62197.0,1.0,0.0,6.55,7,34591.0,0.0,1100579.0,4151.0,3.963,10488.0,4151.0,-1.0,5168.0,0.0,387671.0,20696.0,1923385776.0,17.0,1.972,5.935,0.63,1111069.0,False
300.0,8ee114f3baa9833ce2ff8acd1c2f17dc.param,0.0,0.0,0.0,32.895,1242281828.0,c9e98b79b37a2e37d09763a306bdcb7e,135781.0,1.0,0.0,8.037,7,70335.0,0.0,881898.0,5601.0,3.147,7544.0,5601.0,-1.0,10391.0,0.0,534703.0,14799.0,1242281828.0,24.0,4.254,7.401,0.42,889444.0,False
300.0,8ee114f3baa9833ce2ff8acd1c2f17dc.param,1.0,0.0,0.0,34.428000000000004,1242281828.0,c9e98b79b37a2e37d09763a306bdcb7e,135781.0,1.0,0.0,8.049,7,70335.0,0.0,881898.0,5601.0,3.235,7544.0,5601.0,-1.0,10391.0,0.0,534703.0,14799.0,1242281828.0,24.0,4.311,7.546,0.42,889444.0,False
300.0,8ee114f3baa9833ce2ff8acd1c2f17dc.param,2.0,0.0,0.0,34.88,1242281828.0,c9e98b79b37a2e37d09763a306bdcb7e,135781.0,1.0,0.0,7.972,7,70335.0,0.0,881898.0,5601.0,3.162,7544.0,5601.0,-1.0,10391.0,0.0,534703.0,14799.0,1242281828.0,24.0,4.274,7.436,0.42,889444.0,False
300.0,bebd2cfe5e0562ebe11dc365507fd898.param,0.0,0.0,0.0,29.901999999999997,372553220.0,8878c1163985ce4ac83629af88cc32bc,828443.0,1.0,0.0,38.459,7,565204.0,0.0,758423.0,11204.0,2.6860000000000004,4914.0,11204.0,-1.0,26894.0,0.0,1482517.0,9459.0,372553220.0,40.0,35.317,38.003,0.63,763339.0,False
300.0,bebd2cfe5e0562ebe11dc365507fd898.param,1.0,0.0,0.0,30.044,372553220.0,8878c1163985ce4ac83629af88cc32bc,828443.0,1.0,0.0,38.439,7,565204.0,0.0,758423.0,11204.0,2.698,4914.0,11204.0,-1.0,26894.0,0.0,1482517.0,9459.0,372553220.0,40.0,35.093,37.791,0.63,763339.0,False
300.0,bebd2cfe5e0562ebe11dc365507fd898.param,2.0,0.0,0.0,29.384,372553220.0,8878c1163985ce4ac83629af88cc32bc,828443.0,1.0,0.0,38.824,7,565204.0,0.0,758423.0,11204.0,2.8110000000000004,4914.0,11204.0,-1.0,26894.0,0.0,1482517.0,9459.0,372553220.0,40.0,35.423,38.234,0.63,763339.0,False
300.0,1a9658e08918a7701123bae3cad3fdfa.param,0.0,0.0,0.0,22.835,2136253402.0,c82191201cdcfda653aeb7371bed2eea,510829.0,1.0,0.0,22.974,7,367243.0,0.0,539282.0,10378.0,1.896,3672.0,10378.0,-1.0,15291.0,0.0,1188572.0,7023.0,2136253402.0,37.0,20.738000000000003,22.634,0.42,542956.0,False
300.0,1a9658e08918a7701123bae3cad3fdfa.param,1.0,0.0,0.0,22.329,2136253402.0,c82191201cdcfda653aeb7371bed2eea,510829.0,1.0,0.0,23.265,7,367243.0,0.0,539282.0,10378.0,1.9180000000000001,3672.0,10378.0,-1.0,15291.0,0.0,1188572.0,7023.0,2136253402.0,37.0,21.0,22.91800000000001,0.42,542956.0,False
300.0,1a9658e08918a7701123bae3cad3fdfa.param,2.0,0.0,0.0,21.913,2136253402.0,c82191201cdcfda653aeb7371bed2eea,510829.0,1.0,0.0,23.239,7,367243.0,0.0,539282.0,10378.0,2.019,3672.0,10378.0,-1.0,15291.0,0.0,1188572.0,7023.0,2136253402.0,37.0,20.898000000000003,22.916999999999998,0.42,542956.0,False
300.0,ecf255cfa79dc1390125d72e88196842.param,0.0,0.0,0.0,26.855999999999998,2050821110.0,e8b4e4733f146aa42c5f87f74256001e,223977.0,1.0,0.0,14.242,7,120266.0,0.0,690717.0,10291.0,2.465,4750.0,10291.0,-1.0,16909.0,0.0,908744.0,9193.0,2050821110.0,36.0,11.339,13.804,0.42,695469.0,False
300.0,ecf255cfa79dc1390125d72e88196842.param,1.0,0.0,0.0,25.105999999999998,2050821110.0,e8b4e4733f146aa42c5f87f74256001e,223977.0,1.0,0.0,14.255999999999998,7,120266.0,0.0,690717.0,10291.0,2.481,4750.0,10291.0,-1.0,16909.0,0.0,908744.0,9193.0,2050821110.0,36.0,11.355,13.835999999999999,0.42,695469.0,False
300.0,ecf255cfa79dc1390125d72e88196842.param,2.0,0.0,0.0,26.805,2050821110.0,e8b4e4733f146aa42c5f87f74256001e,223977.0,1.0,0.0,14.509,7,120266.0,0.0,690717.0,10291.0,2.441,4750.0,10291.0,-1.0,16909.0,0.0,908744.0,9193.0,2050821110.0,36.0,11.520999999999999,13.962,0.42,695469.0,False
300.0,f607d46ec11afe04a6635e1e747bca97.param,0.0,0.0,0.0,6.678999999999999,823094821.0,fa71c9047f3956d9d9ff54d6a51243b0,75455.0,1.0,0.0,2.002,7,41390.0,0.0,151265.0,4729.0,0.546,1332.0,4729.0,-1.0,8509.0,0.0,539399.0,2328.0,823094821.0,21.0,1.31,1.8559999999999999,0.28,152599.0,False
300.0,f607d46ec11afe04a6635e1e747bca97.param,1.0,0.0,0.0,6.6610000000000005,823094821.0,fa71c9047f3956d9d9ff54d6a51243b0,75455.0,1.0,0.0,1.891,7,41390.0,0.0,151265.0,4729.0,0.511,1332.0,4729.0,-1.0,8509.0,0.0,539399.0,2328.0,823094821.0,21.0,1.258,1.7690000000000001,0.28,152599.0,False
300.0,f607d46ec11afe04a6635e1e747bca97.param,2.0,0.0,0.0,6.5870000000000015,823094821.0,fa71c9047f3956d9d9ff54d6a51243b0,75455.0,1.0,0.0,1.881,7,41390.0,0.0,151265.0,4729.0,0.51,1332.0,4729.0,-1.0,8509.0,0.0,539399.0,2328.0,823094821.0,21.0,1.2570000000000001,1.767,0.28,152599.0,False
300.0,3d9e7b6df6df75811f47376afe3f163c.param,0.0,0.0,0.0,16.355999999999998,1918631718.0,4185c2933285c424fde1aaacd83e5490,444825.0,1.0,0.0,12.323,7,303673.0,0.0,397311.0,6397.0,1.4409999999999998,3016.0,6397.0,-1.0,18208.0,0.0,898095.0,5674.0,1918631718.0,29.0,10.632,12.073,0.42,400329.0,False
300.0,3d9e7b6df6df75811f47376afe3f163c.param,1.0,0.0,0.0,14.995999999999999,1918631718.0,4185c2933285c424fde1aaacd83e5490,444825.0,1.0,0.0,12.834000000000001,7,303673.0,0.0,397311.0,6397.0,1.3780000000000001,3016.0,6397.0,-1.0,18208.0,0.0,898095.0,5674.0,1918631718.0,29.0,11.123,12.501,0.42,400329.0,False
300.0,3d9e7b6df6df75811f47376afe3f163c.param,2.0,0.0,0.0,15.552,1918631718.0,4185c2933285c424fde1aaacd83e5490,444825.0,1.0,0.0,12.630999999999998,7,303673.0,0.0,397311.0,6397.0,1.401,3016.0,6397.0,-1.0,18208.0,0.0,898095.0,5674.0,1918631718.0,29.0,10.9,12.300999999999998,0.42,400329.0,False
300.0,b55bae1f323148019db34cc9c08d6b4b.param,0.0,0.0,0.0,22.274,693280077.0,fdb730c4376148640eb9f133f0dfc708,83828.0,1.0,0.0,6.0489999999999995,7,45036.0,0.0,574646.0,4145.0,2.026,5568.0,4145.0,-1.0,10376.0,0.0,442927.0,10767.0,693280077.0,17.0,3.659,5.685,0.28,580216.0,False
300.0,b55bae1f323148019db34cc9c08d6b4b.param,1.0,0.0,0.0,23.009,693280077.0,fdb730c4376148640eb9f133f0dfc708,83828.0,1.0,0.0,6.0729999999999995,7,45036.0,0.0,574646.0,4145.0,2.095,5568.0,4145.0,-1.0,10376.0,0.0,442927.0,10767.0,693280077.0,17.0,3.63,5.725,0.28,580216.0,False
300.0,b55bae1f323148019db34cc9c08d6b4b.param,2.0,0.0,0.0,23.618000000000002,693280077.0,fdb730c4376148640eb9f133f0dfc708,83828.0,1.0,0.0,6.1739999999999995,7,45036.0,0.0,574646.0,4145.0,2.062,5568.0,4145.0,-1.0,10376.0,0.0,442927.0,10767.0,693280077.0,17.0,3.681,5.742999999999999,0.28,580216.0,False
300.0,5a074a62937cbcb2e921ae7f17a0123b.param,0.0,0.0,0.0,67.922,2028359165.0,e7b6a9e4f924843800cb19b5605643a5,149165.0,1.0,0.0,12.187000000000001,7,84434.0,0.0,1798007.0,5780.0,6.68,14450.0,5780.0,-1.0,9660.0,0.0,649155.0,28563.0,2028359165.0,25.0,4.529,11.209000000000001,0.94,1812459.0,False
300.0,5a074a62937cbcb2e921ae7f17a0123b.param,1.0,0.0,0.0,65.736,2028359165.0,e7b6a9e4f924843800cb19b5605643a5,149165.0,1.0,0.0,12.094000000000001,7,84434.0,0.0,1798007.0,5780.0,6.566,14450.0,5780.0,-1.0,9660.0,0.0,649155.0,28563.0,2028359165.0,25.0,4.525,11.091,0.94,1812459.0,False
300.0,5a074a62937cbcb2e921ae7f17a0123b.param,2.0,0.0,0.0,65.01899999999999,2028359165.0,e7b6a9e4f924843800cb19b5605643a5,149165.0,1.0,0.0,12.734000000000002,7,84434.0,0.0,1798007.0,5780.0,6.8,14450.0,5780.0,-1.0,9660.0,0.0,649155.0,28563.0,2028359165.0,25.0,4.917,11.717,0.94,1812459.0,False
300.0,a6ff37b0cef2bdd5134de774a2ccfcdd.param,0.0,0.0,0.0,6.773,1571287961.0,7b903fe22313b423c8be3e722f9dbf4a,220547.0,1.0,0.0,2.951,7,175146.0,0.0,144976.0,6378.0,0.496,1020.0,6378.0,-1.0,10031.0,0.0,914822.0,1732.0,1571287961.0,29.0,2.336,2.832,0.28,145998.0,False
300.0,a6ff37b0cef2bdd5134de774a2ccfcdd.param,1.0,0.0,0.0,6.974,1571287961.0,7b903fe22313b423c8be3e722f9dbf4a,220547.0,1.0,0.0,2.764,7,175146.0,0.0,144976.0,6378.0,0.495,1020.0,6378.0,-1.0,10031.0,0.0,914822.0,1732.0,1571287961.0,29.0,2.153,2.648,0.28,145998.0,False
300.0,a6ff37b0cef2bdd5134de774a2ccfcdd.param,2.0,0.0,0.0,6.715,1571287961.0,7b903fe22313b423c8be3e722f9dbf4a,220547.0,1.0,0.0,2.767,7,175146.0,0.0,144976.0,6378.0,0.494,1020.0,6378.0,-1.0,10031.0,0.0,914822.0,1732.0,1571287961.0,29.0,2.162,2.656,0.28,145998.0,False
300.0,982f07b05aa788dcb221cf0f46a98a28.param,0.0,0.0,0.0,15.35,1242281828.0,4c7304fdfefde5af6ae948f16a2b91d4,669463.0,1.0,0.0,9.396,7,556246.0,0.0,394913.0,6279.0,1.452,3068.0,6279.0,-1.0,18299.0,0.0,950405.0,5772.0,1242281828.0,28.0,7.688,9.14,0.42,397983.0,False
300.0,982f07b05aa788dcb221cf0f46a98a28.param,1.0,0.0,0.0,16.112000000000002,1242281828.0,4c7304fdfefde5af6ae948f16a2b91d4,669463.0,1.0,0.0,9.76,7,556246.0,0.0,394913.0,6279.0,1.3980000000000001,3068.0,6279.0,-1.0,18299.0,0.0,950405.0,5772.0,1242281828.0,28.0,8.032,9.43,0.42,397983.0,False
300.0,982f07b05aa788dcb221cf0f46a98a28.param,2.0,0.0,0.0,16.593,1242281828.0,4c7304fdfefde5af6ae948f16a2b91d4,669463.0,1.0,0.0,9.382,7,556246.0,0.0,394913.0,6279.0,1.389,3068.0,6279.0,-1.0,18299.0,0.0,950405.0,5772.0,1242281828.0,28.0,7.7429999999999986,9.132,0.42,397983.0,False
300.0,a6fb6cef21abb3da58a08c431abe1820.param,0.0,0.0,0.0,37.991,83966730.0,b63c9945dd3e01a2a9f6ef1d05b70292,87443.0,1.0,0.0,7.8770000000000024,7,40350.0,0.0,1000124.0,4796.0,3.605,8664.0,4796.0,-1.0,7049.0,0.0,515908.0,17046.0,83966730.0,21.0,3.6889999999999996,7.294,0.42,1008790.0,False
300.0,a6fb6cef21abb3da58a08c431abe1820.param,1.0,0.0,0.0,35.634,83966730.0,b63c9945dd3e01a2a9f6ef1d05b70292,87443.0,1.0,0.0,7.935,7,40350.0,0.0,1000124.0,4796.0,3.6639999999999997,8664.0,4796.0,-1.0,7049.0,0.0,515908.0,17046.0,83966730.0,21.0,3.698,7.362,0.42,1008790.0,False
300.0,a6fb6cef21abb3da58a08c431abe1820.param,2.0,0.0,0.0,36.57,83966730.0,b63c9945dd3e01a2a9f6ef1d05b70292,87443.0,1.0,0.0,7.815,7,40350.0,0.0,1000124.0,4796.0,3.5780000000000003,8664.0,4796.0,-1.0,7049.0,0.0,515908.0,17046.0,83966730.0,21.0,3.668,7.246,0.42,1008790.0,False
300.0,928666ecc0a7811fd6c441352737063c.param,0.0,0.0,0.0,74.67399999999998,823094821.0,9c0a3e151aea0b8227e8758d34ad7e7e,235871.0,1.0,0.0,23.857,7,108133.0,0.0,2150295.0,11250.0,7.875,14058.0,11250.0,-1.0,12446.0,0.0,1215232.0,27751.0,823094821.0,40.0,14.799000000000001,22.674,0.94,2164355.0,False
300.0,928666ecc0a7811fd6c441352737063c.param,1.0,0.0,0.0,78.179,823094821.0,9c0a3e151aea0b8227e8758d34ad7e7e,235871.0,1.0,0.0,25.031999999999996,7,108133.0,0.0,2150295.0,11250.0,8.074,14058.0,11250.0,-1.0,12446.0,0.0,1215232.0,27751.0,823094821.0,40.0,15.44,23.514,0.94,2164355.0,False
300.0,928666ecc0a7811fd6c441352737063c.param,2.0,0.0,0.0,74.736,823094821.0,9c0a3e151aea0b8227e8758d34ad7e7e,235871.0,1.0,0.0,24.522,7,108133.0,0.0,2150295.0,11250.0,8.003,14058.0,11250.0,-1.0,12446.0,0.0,1215232.0,27751.0,823094821.0,40.0,15.239,23.241999999999997,0.94,2164355.0,False
300.0,b366bbc99f4b12f6958260432db8f433.param,0.0,0.0,0.0,42.266999999999996,600810857.0,9011a99778c994d569b8f1ebbae38377,147581.0,1.0,0.0,10.161,7,72836.0,0.0,1136508.0,5602.0,4.133,9604.0,5602.0,-1.0,12983.0,0.0,577188.0,18868.0,600810857.0,24.0,5.379,9.512,0.63,1146114.0,False
300.0,b366bbc99f4b12f6958260432db8f433.param,1.0,0.0,0.0,40.038000000000004,600810857.0,9011a99778c994d569b8f1ebbae38377,147581.0,1.0,0.0,10.501,7,72836.0,0.0,1136508.0,5602.0,4.209,9604.0,5602.0,-1.0,12983.0,0.0,577188.0,18868.0,600810857.0,24.0,5.43,9.639,0.63,1146114.0,False
300.0,b366bbc99f4b12f6958260432db8f433.param,2.0,0.0,0.0,39.106,600810857.0,9011a99778c994d569b8f1ebbae38377,147581.0,1.0,0.0,10.211,7,72836.0,0.0,1136508.0,5602.0,4.135,9604.0,5602.0,-1.0,12983.0,0.0,577188.0,18868.0,600810857.0,24.0,5.4270000000000005,9.562000000000001,0.63,1146114.0,False
300.0,5aa281057d97f045673ea5f22f4a03c2.param,0.0,0.0,0.0,10.454,2050821110.0,38ff8d0625f502213b5454146d153649,122872.0,1.0,0.0,5.454,7,48151.0,0.0,267108.0,6370.0,0.956,1960.0,6370.0,-1.0,11860.0,0.0,782664.0,3619.0,2050821110.0,29.0,4.3210000000000015,5.277,0.28,269070.0,False
300.0,5aa281057d97f045673ea5f22f4a03c2.param,1.0,0.0,0.0,10.665,2050821110.0,38ff8d0625f502213b5454146d153649,122872.0,1.0,0.0,5.32,7,48151.0,0.0,267108.0,6370.0,0.91,1960.0,6370.0,-1.0,11860.0,0.0,782664.0,3619.0,2050821110.0,29.0,4.234,5.144,0.28,269070.0,False
300.0,5aa281057d97f045673ea5f22f4a03c2.param,2.0,0.0,0.0,11.73,2050821110.0,38ff8d0625f502213b5454146d153649,122872.0,1.0,0.0,5.362,7,48151.0,0.0,267108.0,6370.0,0.92,1960.0,6370.0,-1.0,11860.0,0.0,782664.0,3619.0,2050821110.0,29.0,4.262,5.182,0.28,269070.0,False
300.0,8918e76cfcec0657c7d7950a1794604c.param,0.0,0.0,0.0,33.448,34754393.0,8efe74e7bf7f22a37ed0bb3bedc2b137,1250756.0,1.0,0.0,43.37,7,1027489.0,0.0,908301.0,9600.0,3.245,6664.0,9600.0,-1.0,28431.0,0.0,1544996.0,12946.0,34754393.0,32.0,39.196999999999996,42.442,0.63,914967.0,False
300.0,8918e76cfcec0657c7d7950a1794604c.param,1.0,0.0,0.0,35.668,34754393.0,8efe74e7bf7f22a37ed0bb3bedc2b137,1250756.0,1.0,0.0,43.485,7,1027489.0,0.0,908301.0,9600.0,3.343,6664.0,9600.0,-1.0,28431.0,0.0,1544996.0,12946.0,34754393.0,32.0,39.436,42.778999999999996,0.63,914967.0,False
300.0,8918e76cfcec0657c7d7950a1794604c.param,2.0,0.0,0.0,34.150999999999996,34754393.0,8efe74e7bf7f22a37ed0bb3bedc2b137,1250756.0,1.0,0.0,42.995,7,1027489.0,0.0,908301.0,9600.0,3.298,6664.0,9600.0,-1.0,28431.0,0.0,1544996.0,12946.0,34754393.0,32.0,39.115,42.413000000000004,0.63,914967.0,False
300.0,55af68f15fe32e43da610c5d90806a4a.param,0.0,0.0,0.0,63.725,862094683.0,4c8424500f04168a2f7d9cb9536bb777,178797.0,1.0,0.0,22.93,7,51303.0,0.0,1698643.0,11202.0,6.312,11330.0,11202.0,-1.0,14364.0,0.0,1079860.0,22299.0,862094683.0,40.0,15.38,21.691999999999997,0.63,1709975.0,False
300.0,55af68f15fe32e43da610c5d90806a4a.param,1.0,0.0,0.0,63.206,862094683.0,4c8424500f04168a2f7d9cb9536bb777,178797.0,1.0,0.0,23.045,7,51303.0,0.0,1698643.0,11202.0,6.17,11330.0,11202.0,-1.0,14364.0,0.0,1079860.0,22299.0,862094683.0,40.0,15.639000000000001,21.809,0.63,1709975.0,False
300.0,55af68f15fe32e43da610c5d90806a4a.param,2.0,0.0,0.0,62.838,862094683.0,4c8424500f04168a2f7d9cb9536bb777,178797.0,1.0,0.0,22.737,7,51303.0,0.0,1698643.0,11202.0,6.1720000000000015,11330.0,11202.0,-1.0,14364.0,0.0,1079860.0,22299.0,862094683.0,40.0,15.642999999999999,21.815,0.63,1709975.0,False
300.0,86aef175e49750375aaf5bf4f54ac0c2.param,0.0,0.0,0.0,66.744,95956545.0,54d9e49335880019e1b896030d8c32ea,371722.0,1.0,0.0,16.27,7,248652.0,0.0,1732749.0,6354.0,6.392,13286.0,6354.0,-1.0,17801.0,0.0,856946.0,26229.0,95956545.0,29.0,8.75,15.142000000000001,0.63,1746037.0,False
300.0,86aef175e49750375aaf5bf4f54ac0c2.param,1.0,0.0,0.0,63.402,95956545.0,54d9e49335880019e1b896030d8c32ea,371722.0,1.0,0.0,16.37,7,248652.0,0.0,1732749.0,6354.0,6.367000000000001,13286.0,6354.0,-1.0,17801.0,0.0,856946.0,26229.0,95956545.0,29.0,8.759,15.126,0.63,1746037.0,False
300.0,86aef175e49750375aaf5bf4f54ac0c2.param,2.0,0.0,0.0,60.995,95956545.0,54d9e49335880019e1b896030d8c32ea,371722.0,1.0,0.0,16.453,7,248652.0,0.0,1732749.0,6354.0,6.397,13286.0,6354.0,-1.0,17801.0,0.0,856946.0,26229.0,95956545.0,29.0,8.771,15.168,0.63,1746037.0,False
300.0,23179b628ad596b0808644865ee42008.param,0.0,0.0,0.0,16.482,1083416308.0,8c6ca5f998022398d6eccd13476e2ea4,187236.0,1.0,0.0,6.312,7,121107.0,0.0,424759.0,5600.0,1.571,3634.0,5600.0,-1.0,10909.0,0.0,531729.0,7011.0,1083416308.0,24.0,4.371,5.942,0.28,428395.0,False
300.0,23179b628ad596b0808644865ee42008.param,1.0,0.0,0.0,17.707,1083416308.0,8c6ca5f998022398d6eccd13476e2ea4,187236.0,1.0,0.0,6.104,7,121107.0,0.0,424759.0,5600.0,1.4909999999999999,3634.0,5600.0,-1.0,10909.0,0.0,531729.0,7011.0,1083416308.0,24.0,4.353,5.843999999999999,0.28,428395.0,False
300.0,23179b628ad596b0808644865ee42008.param,2.0,0.0,0.0,17.586,1083416308.0,8c6ca5f998022398d6eccd13476e2ea4,187236.0,1.0,0.0,6.152,7,121107.0,0.0,424759.0,5600.0,1.55,3634.0,5600.0,-1.0,10909.0,0.0,531729.0,7011.0,1083416308.0,24.0,4.352,5.902,0.28,428395.0,False
300.0,099cc4db78f534b541e03b3d21476677.param,0.0,0.0,0.0,10.177,693280077.0,1d2427a6cb42aba973915ef7fc80f03d,383001.0,1.0,0.0,10.197000000000001,7,290903.0,0.0,235962.0,6395.0,0.815,1792.0,6395.0,-1.0,14833.0,0.0,1129013.0,3243.0,693280077.0,29.0,9.219,10.033999999999999,0.42,237756.0,False
300.0,099cc4db78f534b541e03b3d21476677.param,1.0,0.0,0.0,10.146,693280077.0,1d2427a6cb42aba973915ef7fc80f03d,383001.0,1.0,0.0,10.09,7,290903.0,0.0,235962.0,6395.0,0.799,1792.0,6395.0,-1.0,14833.0,0.0,1129013.0,3243.0,693280077.0,29.0,9.142999999999999,9.942,0.42,237756.0,False
300.0,099cc4db78f534b541e03b3d21476677.param,2.0,0.0,0.0,9.781,693280077.0,1d2427a6cb42aba973915ef7fc80f03d,383001.0,1.0,0.0,10.530999999999999,7,290903.0,0.0,235962.0,6395.0,0.858,1792.0,6395.0,-1.0,14833.0,0.0,1129013.0,3243.0,693280077.0,29.0,9.468,10.325999999999999,0.42,237756.0,False
300.0,3cadb3807e2a210325a234888d281fbd.param,0.0,0.0,0.0,7.01,1242281828.0,33bf9456182963e8972053436386201d,71153.0,1.0,0.0,2.6839999999999997,7,34955.0,0.0,166114.0,4634.0,0.56,1520.0,4634.0,-1.0,6799.0,0.0,418961.0,2805.0,1242281828.0,20.0,2.005,2.565,0.19,167636.0,False
300.0,3cadb3807e2a210325a234888d281fbd.param,1.0,0.0,0.0,7.124,1242281828.0,33bf9456182963e8972053436386201d,71153.0,1.0,0.0,2.755,7,34955.0,0.0,166114.0,4634.0,0.5660000000000001,1520.0,4634.0,-1.0,6799.0,0.0,418961.0,2805.0,1242281828.0,20.0,2.06,2.6260000000000003,0.19,167636.0,False
300.0,3cadb3807e2a210325a234888d281fbd.param,2.0,0.0,0.0,7.026,1242281828.0,33bf9456182963e8972053436386201d,71153.0,1.0,0.0,2.714,7,34955.0,0.0,166114.0,4634.0,0.563,1520.0,4634.0,-1.0,6799.0,0.0,418961.0,2805.0,1242281828.0,20.0,2.024,2.5869999999999997,0.19,167636.0,False
300.0,38650beb2ce576c812a3ef6ac5621787.param,0.0,0.0,0.0,8.671,83966730.0,ac017d1a5daddb352515da3ffd598f23,282205.0,1.0,0.0,12.867,7,174692.0,0.0,202672.0,9601.0,0.68,1504.0,9601.0,-1.0,12729.0,0.0,977406.0,2721.0,83966730.0,32.0,12.045,12.725,0.42,204178.0,False
300.0,38650beb2ce576c812a3ef6ac5621787.param,1.0,0.0,0.0,8.767000000000001,83966730.0,ac017d1a5daddb352515da3ffd598f23,282205.0,1.0,0.0,12.843,7,174692.0,0.0,202672.0,9601.0,0.691,1504.0,9601.0,-1.0,12729.0,0.0,977406.0,2721.0,83966730.0,32.0,12.012,12.703,0.42,204178.0,False
300.0,38650beb2ce576c812a3ef6ac5621787.param,2.0,0.0,0.0,8.412,83966730.0,ac017d1a5daddb352515da3ffd598f23,282205.0,1.0,0.0,12.837,7,174692.0,0.0,202672.0,9601.0,0.679,1504.0,9601.0,-1.0,12729.0,0.0,977406.0,2721.0,83966730.0,32.0,12.017000000000001,12.696,0.42,204178.0,False
300.0,2b9f5024001a051a59314cacbe0b17e8.param,0.0,0.0,0.0,47.599,1235388569.0,155b01c93c98d0ded9b54684dc47d29d,125175.0,1.0,0.0,10.683,7,42770.0,0.0,1299047.0,5708.0,4.716,10706.0,5708.0,-1.0,12289.0,0.0,636859.0,21059.0,1235388569.0,25.0,5.256,9.972000000000001,0.63,1309755.0,False
300.0,2b9f5024001a051a59314cacbe0b17e8.param,1.0,0.0,0.0,52.07100000000001,1235388569.0,155b01c93c98d0ded9b54684dc47d29d,125175.0,1.0,0.0,10.779000000000002,7,42770.0,0.0,1299047.0,5708.0,4.756,10706.0,5708.0,-1.0,12289.0,0.0,636859.0,21059.0,1235388569.0,25.0,5.246,10.002,0.63,1309755.0,False
300.0,2b9f5024001a051a59314cacbe0b17e8.param,2.0,0.0,0.0,50.33,1235388569.0,155b01c93c98d0ded9b54684dc47d29d,125175.0,1.0,0.0,10.972999999999999,7,42770.0,0.0,1299047.0,5708.0,4.784,10706.0,5708.0,-1.0,12289.0,0.0,636859.0,21059.0,1235388569.0,25.0,5.289,10.073,0.63,1309755.0,False
300.0,f6a9922fc219371dd62d3d64f513f435.param,0.0,0.0,0.0,28.359,1923385776.0,d973639fe075d4bfe1b861bc6b7b6837,185772.0,1.0,0.0,17.314,7,80442.0,0.0,752966.0,9601.0,2.7239999999999998,5520.0,9601.0,-1.0,13015.0,0.0,746285.0,10737.0,1923385776.0,32.0,14.027999999999999,16.752,0.42,758488.0,False
300.0,f6a9922fc219371dd62d3d64f513f435.param,1.0,0.0,0.0,27.211,1923385776.0,d973639fe075d4bfe1b861bc6b7b6837,185772.0,1.0,0.0,17.144000000000002,7,80442.0,0.0,752966.0,9601.0,2.7089999999999996,5520.0,9601.0,-1.0,13015.0,0.0,746285.0,10737.0,1923385776.0,32.0,13.860999999999999,16.57,0.42,758488.0,False
300.0,f6a9922fc219371dd62d3d64f513f435.param,2.0,0.0,0.0,29.63300000000001,1923385776.0,d973639fe075d4bfe1b861bc6b7b6837,185772.0,1.0,0.0,16.891,7,80442.0,0.0,752966.0,9601.0,2.718,5520.0,9601.0,-1.0,13015.0,0.0,746285.0,10737.0,1923385776.0,32.0,13.747,16.465,0.42,758488.0,False
300.0,53a3b10a6d39a1f0633d42a0b8cc93a7.param,0.0,0.0,0.0,14.044,1405409883.0,ad2cb61501d6a6c902c010f210cc384f,452686.0,1.0,0.0,24.488000000000003,7,307968.0,0.0,334847.0,10290.0,1.167,2328.0,10290.0,-1.0,16994.0,0.0,978057.0,4356.0,1405409883.0,36.0,23.044,24.211,0.42,337177.0,False
300.0,53a3b10a6d39a1f0633d42a0b8cc93a7.param,1.0,0.0,0.0,12.469000000000001,1405409883.0,ad2cb61501d6a6c902c010f210cc384f,452686.0,1.0,0.0,24.2,7,307968.0,0.0,334847.0,10290.0,1.168,2328.0,10290.0,-1.0,16994.0,0.0,978057.0,4356.0,1405409883.0,36.0,22.823,23.991,0.42,337177.0,False
300.0,53a3b10a6d39a1f0633d42a0b8cc93a7.param,2.0,0.0,0.0,13.571,1405409883.0,ad2cb61501d6a6c902c010f210cc384f,452686.0,1.0,0.0,24.197,7,307968.0,0.0,334847.0,10290.0,1.171,2328.0,10290.0,-1.0,16994.0,0.0,978057.0,4356.0,1405409883.0,36.0,22.811999999999998,23.983,0.42,337177.0,False
300.0,5270155d690360dab58e1b470ef17ea7.param,0.0,0.0,0.0,32.72,270657042.0,90c73515f3e6cba5919fa1475c2a548e,149495.0,1.0,0.0,7.961,7,75007.0,0.0,878640.0,5611.0,3.153,7520.0,5611.0,-1.0,11808.0,0.0,541596.0,14721.0,270657042.0,24.0,4.289,7.442,0.42,886162.0,False
300.0,5270155d690360dab58e1b470ef17ea7.param,1.0,0.0,0.0,33.2,270657042.0,90c73515f3e6cba5919fa1475c2a548e,149495.0,1.0,0.0,8.036,7,75007.0,0.0,878640.0,5611.0,3.2039999999999997,7520.0,5611.0,-1.0,11808.0,0.0,541596.0,14721.0,270657042.0,24.0,4.3260000000000005,7.53,0.42,886162.0,False
300.0,5270155d690360dab58e1b470ef17ea7.param,2.0,0.0,0.0,31.493000000000002,270657042.0,90c73515f3e6cba5919fa1475c2a548e,149495.0,1.0,0.0,7.867000000000001,7,75007.0,0.0,878640.0,5611.0,3.113,7520.0,5611.0,-1.0,11808.0,0.0,541596.0,14721.0,270657042.0,24.0,4.238,7.351,0.42,886162.0,False
300.0,85c2d2f2fd6238e8bf0bbcfd97821631.param,0.0,0.0,0.0,43.468,1979567522.0,c82b0eb4fc21d3f5e3d2d26ebda003d0,663058.0,1.0,0.0,19.543,7,509370.0,0.0,1190438.0,10293.0,4.329,8280.0,10293.0,-1.0,25820.0,0.0,1289667.0,16119.0,1979567522.0,36.0,14.511,18.84,0.63,1198720.0,False
300.0,85c2d2f2fd6238e8bf0bbcfd97821631.param,1.0,0.0,0.0,42.25899999999999,1979567522.0,c82b0eb4fc21d3f5e3d2d26ebda003d0,663058.0,1.0,0.0,19.337,7,509370.0,0.0,1190438.0,10293.0,4.325,8280.0,10293.0,-1.0,25820.0,0.0,1289667.0,16119.0,1979567522.0,36.0,14.349,18.674,0.63,1198720.0,False
300.0,85c2d2f2fd6238e8bf0bbcfd97821631.param,2.0,0.0,0.0,43.035,1979567522.0,c82b0eb4fc21d3f5e3d2d26ebda003d0,663058.0,1.0,0.0,19.873,7,509370.0,0.0,1190438.0,10293.0,4.2330000000000005,8280.0,10293.0,-1.0,25820.0,0.0,1289667.0,16119.0,1979567522.0,36.0,14.735,18.968,0.63,1198720.0,False
300.0,5acf53328f53703eb5ee3288a3efea11.param,0.0,0.0,0.0,26.379,590654055.0,74e0d7307f8bd0c1b32bb87c6281623a,770573.0,1.0,0.0,23.979,7,598404.0,0.0,661958.0,10380.0,2.325,4464.0,10380.0,-1.0,22292.0,0.0,1297695.0,8541.0,590654055.0,37.0,21.142,23.467,0.63,666424.0,False
300.0,5acf53328f53703eb5ee3288a3efea11.param,1.0,0.0,0.0,24.343000000000004,590654055.0,74e0d7307f8bd0c1b32bb87c6281623a,770573.0,1.0,0.0,23.901,7,598404.0,0.0,661958.0,10380.0,2.398,4464.0,10380.0,-1.0,22292.0,0.0,1297695.0,8541.0,590654055.0,37.0,20.98,23.378,0.63,666424.0,False
300.0,5acf53328f53703eb5ee3288a3efea11.param,2.0,0.0,0.0,27.91800000000001,590654055.0,74e0d7307f8bd0c1b32bb87c6281623a,770573.0,1.0,0.0,23.688000000000002,7,598404.0,0.0,661958.0,10380.0,2.329,4464.0,10380.0,-1.0,22292.0,0.0,1297695.0,8541.0,590654055.0,37.0,20.956,23.285,0.63,666424.0,False
300.0,af0a6d4f3f8e41dd411ac993d1c5e5ad.param,0.0,0.0,0.0,19.282,34754393.0,b438c44e3a920d4ff29e55ee6082313d,1018327.0,1.0,0.0,33.161,7,774698.0,0.0,449243.0,11212.0,1.636,3000.0,11212.0,-1.0,25494.0,0.0,1536247.0,5616.0,34754393.0,40.0,31.156999999999996,32.793,0.63,452245.0,False
300.0,af0a6d4f3f8e41dd411ac993d1c5e5ad.param,1.0,0.0,0.0,19.365,34754393.0,b438c44e3a920d4ff29e55ee6082313d,1018327.0,1.0,0.0,32.288000000000004,7,774698.0,0.0,449243.0,11212.0,1.614,3000.0,11212.0,-1.0,25494.0,0.0,1536247.0,5616.0,34754393.0,40.0,30.32,31.934,0.63,452245.0,False
300.0,af0a6d4f3f8e41dd411ac993d1c5e5ad.param,2.0,0.0,0.0,18.558,34754393.0,b438c44e3a920d4ff29e55ee6082313d,1018327.0,1.0,0.0,32.522,7,774698.0,0.0,449243.0,11212.0,1.645,3000.0,11212.0,-1.0,25494.0,0.0,1536247.0,5616.0,34754393.0,40.0,30.575,32.22,0.63,452245.0,False
300.0,05e1a93acf56766caa36729883ed69ed.param,0.0,0.0,0.0,94.874,1571287961.0,1aa16ba0b77516a28b25acafdad864c9,2444715.0,1.0,0.0,69.467,7,2090100.0,0.0,2476983.0,10380.0,9.165,16874.0,10380.0,-1.0,37628.0,0.0,2651116.0,33263.0,1571287961.0,37.0,58.928999999999995,68.094,0.94,2493859.0,False
300.0,05e1a93acf56766caa36729883ed69ed.param,1.0,0.0,0.0,94.09899999999999,1571287961.0,1aa16ba0b77516a28b25acafdad864c9,2444715.0,1.0,0.0,70.119,7,2090100.0,0.0,2476983.0,10380.0,9.064,16874.0,10380.0,-1.0,37628.0,0.0,2651116.0,33263.0,1571287961.0,37.0,59.68899999999999,68.753,0.94,2493859.0,False
300.0,05e1a93acf56766caa36729883ed69ed.param,2.0,0.0,0.0,95.271,1571287961.0,1aa16ba0b77516a28b25acafdad864c9,2444715.0,1.0,0.0,71.995,7,2090100.0,0.0,2476983.0,10380.0,9.026,16874.0,10380.0,-1.0,37628.0,0.0,2651116.0,33263.0,1571287961.0,37.0,61.169,70.195,0.94,2493859.0,False
300.0,947c519055ac35bb731937204fc0d266.param,0.0,0.0,0.0,50.813,1979567522.0,71c17fc64d8f2c754eaa07c583e1f253,808745.0,1.0,0.0,37.39,7,539170.0,0.0,1334243.0,11201.0,5.12,8814.0,11201.0,-1.0,27444.0,0.0,1355055.0,17253.0,1979567522.0,40.0,31.51,36.63,0.63,1343059.0,False
300.0,947c519055ac35bb731937204fc0d266.param,1.0,0.0,0.0,50.385,1979567522.0,71c17fc64d8f2c754eaa07c583e1f253,808745.0,1.0,0.0,37.705,7,539170.0,0.0,1334243.0,11201.0,4.859,8814.0,11201.0,-1.0,27444.0,0.0,1355055.0,17253.0,1979567522.0,40.0,32.139,36.99800000000001,0.63,1343059.0,False
300.0,947c519055ac35bb731937204fc0d266.param,2.0,0.0,0.0,48.306999999999995,1979567522.0,71c17fc64d8f2c754eaa07c583e1f253,808745.0,1.0,0.0,36.927,7,539170.0,0.0,1334243.0,11201.0,4.752,8814.0,11201.0,-1.0,27444.0,0.0,1355055.0,17253.0,1979567522.0,40.0,31.406,36.158,0.63,1343059.0,False
300.0,7c8d5058b5b148685018d3330ac42f68.param,0.0,0.0,0.0,41.885,1258716603.0,d0c5da6802417030383b25822e5d7f70,219170.0,1.0,0.0,24.557,7,75001.0,0.0,1179530.0,9726.0,4.262,8460.0,9726.0,-1.0,16612.0,0.0,876465.0,16596.0,1258716603.0,33.0,19.625999999999998,23.888,0.42,1187992.0,False
300.0,7c8d5058b5b148685018d3330ac42f68.param,1.0,0.0,0.0,40.865,1258716603.0,d0c5da6802417030383b25822e5d7f70,219170.0,1.0,0.0,24.498,7,75001.0,0.0,1179530.0,9726.0,4.274,8460.0,9726.0,-1.0,16612.0,0.0,876465.0,16596.0,1258716603.0,33.0,19.553,23.826999999999998,0.42,1187992.0,False
300.0,7c8d5058b5b148685018d3330ac42f68.param,2.0,0.0,0.0,45.846000000000004,1258716603.0,d0c5da6802417030383b25822e5d7f70,219170.0,1.0,0.0,25.049,7,75001.0,0.0,1179530.0,9726.0,4.435,8460.0,9726.0,-1.0,16612.0,0.0,876465.0,16596.0,1258716603.0,33.0,19.87,24.305,0.42,1187992.0,False
300.0,80402835d130022a9820ca0328640cdb.param,0.0,0.0,0.0,26.353,554543104.0,4c0022dcc9a2a7403c843ffbeb95a071,217833.0,1.0,0.0,10.232999999999999,7,138358.0,0.0,664631.0,4633.0,2.336,6174.0,4633.0,-1.0,16200.0,0.0,615209.0,11889.0,554543104.0,20.0,7.515,9.851,0.42,670807.0,False
300.0,80402835d130022a9820ca0328640cdb.param,1.0,0.0,0.0,27.84,554543104.0,4c0022dcc9a2a7403c843ffbeb95a071,217833.0,1.0,0.0,10.454,7,138358.0,0.0,664631.0,4633.0,2.414,6174.0,4633.0,-1.0,16200.0,0.0,615209.0,11889.0,554543104.0,20.0,7.657999999999999,10.072000000000001,0.42,670807.0,False
300.0,80402835d130022a9820ca0328640cdb.param,2.0,0.0,0.0,25.24,554543104.0,4c0022dcc9a2a7403c843ffbeb95a071,217833.0,1.0,0.0,10.628,7,138358.0,0.0,664631.0,4633.0,2.511,6174.0,4633.0,-1.0,16200.0,0.0,615209.0,11889.0,554543104.0,20.0,7.664,10.175,0.42,670807.0,False
300.0,638c867046eca01fa57da212f4a82591.param,0.0,0.0,0.0,22.833000000000002,83966730.0,cee1856baf3ea05707546600fd288cc4,24708.0,1.0,0.0,3.0439999999999996,7,5767.0,0.0,595993.0,4118.0,2.083,5848.0,4118.0,-1.0,3421.0,0.0,302963.0,11452.0,83966730.0,17.0,0.628,2.7110000000000003,0.28,601843.0,False
300.0,638c867046eca01fa57da212f4a82591.param,1.0,0.0,0.0,23.553,83966730.0,cee1856baf3ea05707546600fd288cc4,24708.0,1.0,0.0,3.0989999999999998,7,5767.0,0.0,595993.0,4118.0,2.084,5848.0,4118.0,-1.0,3421.0,0.0,302963.0,11452.0,83966730.0,17.0,0.644,2.728,0.28,601843.0,False
300.0,638c867046eca01fa57da212f4a82591.param,2.0,0.0,0.0,24.195,83966730.0,cee1856baf3ea05707546600fd288cc4,24708.0,1.0,0.0,3.187,7,5767.0,0.0,595993.0,4118.0,2.155,5848.0,4118.0,-1.0,3421.0,0.0,302963.0,11452.0,83966730.0,17.0,0.6559999999999999,2.8110000000000004,0.28,601843.0,False
300.0,d8e0991db153700fc6f942a70d96d0d8.param,0.0,0.0,0.0,9.367,270657042.0,b9c3aac955a4cd3a82e385320f75db23,141053.0,1.0,0.0,5.245,7,66441.0,0.0,221388.0,6201.0,0.795,1760.0,6201.0,-1.0,9442.0,0.0,695187.0,3249.0,270657042.0,28.0,4.2989999999999995,5.093999999999999,0.28,223150.0,False
300.0,d8e0991db153700fc6f942a70d96d0d8.param,1.0,0.0,0.0,9.66,270657042.0,b9c3aac955a4cd3a82e385320f75db23,141053.0,1.0,0.0,5.318,7,66441.0,0.0,221388.0,6201.0,0.785,1760.0,6201.0,-1.0,9442.0,0.0,695187.0,3249.0,270657042.0,28.0,4.3660000000000005,5.151,0.28,223150.0,False
300.0,d8e0991db153700fc6f942a70d96d0d8.param,2.0,0.0,0.0,9.911,270657042.0,b9c3aac955a4cd3a82e385320f75db23,141053.0,1.0,0.0,5.2810000000000015,7,66441.0,0.0,221388.0,6201.0,0.81,1760.0,6201.0,-1.0,9442.0,0.0,695187.0,3249.0,270657042.0,28.0,4.3069999999999995,5.117,0.28,223150.0,False
300.0,b1fed41c662b810a67f17347ca208a34.param,0.0,0.0,0.0,35.541,1145031130.0,71e421c8003bb54ab85f743ca0acd0df,191427.0,1.0,0.0,11.280999999999999,7,97495.0,0.0,975801.0,6396.0,3.503,7396.0,6396.0,-1.0,13774.0,0.0,685688.0,14494.0,1145031130.0,29.0,7.011,10.514000000000001,0.42,983199.0,False
300.0,b1fed41c662b810a67f17347ca208a34.param,1.0,0.0,0.0,35.266999999999996,1145031130.0,71e421c8003bb54ab85f743ca0acd0df,191427.0,1.0,0.0,11.285,7,97495.0,0.0,975801.0,6396.0,3.62,7396.0,6396.0,-1.0,13774.0,0.0,685688.0,14494.0,1145031130.0,29.0,7.0710000000000015,10.690999999999999,0.42,983199.0,False
300.0,b1fed41c662b810a67f17347ca208a34.param,2.0,0.0,0.0,34.525,1145031130.0,71e421c8003bb54ab85f743ca0acd0df,191427.0,1.0,0.0,11.068,7,97495.0,0.0,975801.0,6396.0,3.508,7396.0,6396.0,-1.0,13774.0,0.0,685688.0,14494.0,1145031130.0,29.0,6.984,10.492,0.42,983199.0,False
300.0,62e0a8d6f7569c04cf8f5f709636e77e.param,0.0,0.0,0.0,24.226,1057470620.0,59be6a4a1219332c84bdd00b58dc2e8d,1532820.0,1.0,0.0,38.588,7,1280217.0,0.0,642042.0,10290.0,2.3209999999999997,4420.0,10290.0,-1.0,27994.0,0.0,1689215.0,8436.0,1057470620.0,36.0,35.765,38.086,0.63,646464.0,False
300.0,62e0a8d6f7569c04cf8f5f709636e77e.param,1.0,0.0,0.0,24.528000000000002,1057470620.0,59be6a4a1219332c84bdd00b58dc2e8d,1532820.0,1.0,0.0,38.516,7,1280217.0,0.0,642042.0,10290.0,2.4130000000000003,4420.0,10290.0,-1.0,27994.0,0.0,1689215.0,8436.0,1057470620.0,36.0,35.59900000000001,38.012,0.63,646464.0,False
300.0,62e0a8d6f7569c04cf8f5f709636e77e.param,2.0,0.0,0.0,25.377,1057470620.0,59be6a4a1219332c84bdd00b58dc2e8d,1532820.0,1.0,0.0,39.245,7,1280217.0,0.0,642042.0,10290.0,2.3369999999999997,4420.0,10290.0,-1.0,27994.0,0.0,1689215.0,8436.0,1057470620.0,36.0,36.398,38.735,0.63,646464.0,False
300.0,ea7bd7600bcbe337da419744986a2765.param,0.0,0.0,0.0,55.665,1057470620.0,64870d6cdab656f05e0afdcd57d47dce,203356.0,1.0,0.0,21.33,7,48885.0,0.0,1554329.0,10379.0,5.692,10480.0,10379.0,-1.0,21918.0,0.0,1192748.0,20530.0,1057470620.0,37.0,14.497,20.189,0.63,1564811.0,False
300.0,ea7bd7600bcbe337da419744986a2765.param,1.0,0.0,0.0,54.799,1057470620.0,64870d6cdab656f05e0afdcd57d47dce,203356.0,1.0,0.0,21.01,7,48885.0,0.0,1554329.0,10379.0,5.601,10480.0,10379.0,-1.0,21918.0,0.0,1192748.0,20530.0,1057470620.0,37.0,14.386,19.987000000000002,0.63,1564811.0,False
300.0,ea7bd7600bcbe337da419744986a2765.param,2.0,0.0,0.0,59.919,1057470620.0,64870d6cdab656f05e0afdcd57d47dce,203356.0,1.0,0.0,20.926,7,48885.0,0.0,1554329.0,10379.0,5.646,10480.0,10379.0,-1.0,21918.0,0.0,1192748.0,20530.0,1057470620.0,37.0,14.392000000000001,20.038,0.63,1564811.0,False
300.0,45f3b2d841eff242a2cd183a0c58dc4d.param,0.0,0.0,0.0,12.228,1257636424.0,e1dc13facadad4ba6b0d65a55f79cb00,899325.0,1.0,0.0,18.497,7,767713.0,0.0,286483.0,9607.0,1.003,2128.0,9607.0,-1.0,15069.0,0.0,2094016.0,3852.0,1257636424.0,32.0,17.304000000000002,18.307000000000002,0.42,288613.0,False
300.0,45f3b2d841eff242a2cd183a0c58dc4d.param,1.0,0.0,0.0,12.123,1257636424.0,e1dc13facadad4ba6b0d65a55f79cb00,899325.0,1.0,0.0,18.141,7,767713.0,0.0,286483.0,9607.0,0.992,2128.0,9607.0,-1.0,15069.0,0.0,2094016.0,3852.0,1257636424.0,32.0,16.963,17.955,0.42,288613.0,False
300.0,45f3b2d841eff242a2cd183a0c58dc4d.param,2.0,0.0,0.0,11.436,1257636424.0,e1dc13facadad4ba6b0d65a55f79cb00,899325.0,1.0,0.0,18.005,7,767713.0,0.0,286483.0,9607.0,1.038,2128.0,9607.0,-1.0,15069.0,0.0,2094016.0,3852.0,1257636424.0,32.0,16.726,17.764,0.42,288613.0,False
300.0,96344359b1d56ff7726ed1408e74685f.param,0.0,0.0,0.0,34.384,746355495.0,137f5736ec75cc533fec9ec4d030a5c7,132640.0,1.0,0.0,6.856,7,90383.0,0.0,924425.0,4600.0,3.3939999999999997,8690.0,4600.0,-1.0,7587.0,0.0,477105.0,17091.0,746355495.0,20.0,2.8689999999999998,6.263,0.42,933117.0,False
300.0,96344359b1d56ff7726ed1408e74685f.param,1.0,0.0,0.0,35.214,746355495.0,137f5736ec75cc533fec9ec4d030a5c7,132640.0,1.0,0.0,6.58,7,90383.0,0.0,924425.0,4600.0,3.358,8690.0,4600.0,-1.0,7587.0,0.0,477105.0,17091.0,746355495.0,20.0,2.6910000000000003,6.0489999999999995,0.42,933117.0,False
300.0,96344359b1d56ff7726ed1408e74685f.param,2.0,0.0,0.0,35.50199999999999,746355495.0,137f5736ec75cc533fec9ec4d030a5c7,132640.0,1.0,0.0,6.791,7,90383.0,0.0,924425.0,4600.0,3.377,8690.0,4600.0,-1.0,7587.0,0.0,477105.0,17091.0,746355495.0,20.0,2.748,6.125,0.42,933117.0,False
300.0,40381a7c5087f4ca968ce41333deeb15.param,0.0,0.0,0.0,22.862,746355495.0,a68a93f0695f9c059dac3cfbaa749c01,60479.0,1.0,0.0,5.211,7,19335.0,0.0,621549.0,4633.0,2.215,5680.0,4633.0,-1.0,6987.0,0.0,374239.0,11110.0,746355495.0,20.0,2.488,4.703,0.28,627231.0,False
300.0,40381a7c5087f4ca968ce41333deeb15.param,1.0,0.0,0.0,23.608,746355495.0,a68a93f0695f9c059dac3cfbaa749c01,60479.0,1.0,0.0,4.9639999999999995,7,19335.0,0.0,621549.0,4633.0,2.182,5680.0,4633.0,-1.0,6987.0,0.0,374239.0,11110.0,746355495.0,20.0,2.407,4.5889999999999995,0.28,627231.0,False
300.0,40381a7c5087f4ca968ce41333deeb15.param,2.0,0.0,0.0,25.021,746355495.0,a68a93f0695f9c059dac3cfbaa749c01,60479.0,1.0,0.0,5.0280000000000005,7,19335.0,0.0,621549.0,4633.0,2.206,5680.0,4633.0,-1.0,6987.0,0.0,374239.0,11110.0,746355495.0,20.0,2.454,4.66,0.28,627231.0,False
300.0,9c8685614d2fcc8ed75e3df0b278a590.param,0.0,0.0,0.0,27.101999999999997,506016928.0,02cb24152105186765b155bead3b327c,192670.0,1.0,0.0,9.221,7,96752.0,0.0,662743.0,6396.0,2.4290000000000003,4972.0,6396.0,-1.0,15858.0,0.0,816034.0,9586.0,506016928.0,29.0,6.394,8.823,0.42,667717.0,False
300.0,9c8685614d2fcc8ed75e3df0b278a590.param,1.0,0.0,0.0,25.864,506016928.0,02cb24152105186765b155bead3b327c,192670.0,1.0,0.0,8.932,7,96752.0,0.0,662743.0,6396.0,2.35,4972.0,6396.0,-1.0,15858.0,0.0,816034.0,9586.0,506016928.0,29.0,6.185,8.535,0.42,667717.0,False
300.0,9c8685614d2fcc8ed75e3df0b278a590.param,2.0,0.0,0.0,24.038,506016928.0,02cb24152105186765b155bead3b327c,192670.0,1.0,0.0,9.191,7,96752.0,0.0,662743.0,6396.0,2.377,4972.0,6396.0,-1.0,15858.0,0.0,816034.0,9586.0,506016928.0,29.0,6.428,8.805,0.42,667717.0,False
300.0,da23055718a39734c4c353a6c30d342b.param,0.0,0.0,0.0,43.036,1405409883.0,058b112441fac99a0408be0c2b95ce18,61148.0,1.0,0.0,9.298,7,8668.0,0.0,1148189.0,4765.0,4.231,10080.0,4765.0,-1.0,9160.0,0.0,455106.0,19860.0,1405409883.0,21.0,4.254,8.485,0.63,1158271.0,False
300.0,da23055718a39734c4c353a6c30d342b.param,1.0,0.0,0.0,39.668,1405409883.0,058b112441fac99a0408be0c2b95ce18,61148.0,1.0,0.0,9.151,7,8668.0,0.0,1148189.0,4765.0,4.106,10080.0,4765.0,-1.0,9160.0,0.0,455106.0,19860.0,1405409883.0,21.0,4.2330000000000005,8.339,0.63,1158271.0,False
300.0,da23055718a39734c4c353a6c30d342b.param,2.0,0.0,0.0,41.545,1405409883.0,058b112441fac99a0408be0c2b95ce18,61148.0,1.0,0.0,8.862,7,8668.0,0.0,1148189.0,4765.0,4.077,10080.0,4765.0,-1.0,9160.0,0.0,455106.0,19860.0,1405409883.0,21.0,4.1610000000000005,8.238,0.63,1158271.0,False
300.0,62b5368b71f5a58af6d0df94093218da.param,0.0,0.0,0.0,44.148999999999994,590654055.0,f61f1c0335e763a9366247fcb143aade,543303.0,1.0,0.0,16.524,7,397971.0,0.0,1143909.0,6281.0,4.206,8880.0,6281.0,-1.0,20821.0,0.0,905114.0,17390.0,590654055.0,28.0,11.502,15.708,0.63,1152791.0,False
300.0,62b5368b71f5a58af6d0df94093218da.param,1.0,0.0,0.0,41.631,590654055.0,f61f1c0335e763a9366247fcb143aade,543303.0,1.0,0.0,16.521,7,397971.0,0.0,1143909.0,6281.0,4.099,8880.0,6281.0,-1.0,20821.0,0.0,905114.0,17390.0,590654055.0,28.0,11.575,15.674000000000001,0.63,1152791.0,False
300.0,62b5368b71f5a58af6d0df94093218da.param,2.0,0.0,0.0,41.59,590654055.0,f61f1c0335e763a9366247fcb143aade,543303.0,1.0,0.0,15.913,7,397971.0,0.0,1143909.0,6281.0,4.083,8880.0,6281.0,-1.0,20821.0,0.0,905114.0,17390.0,590654055.0,28.0,11.171,15.254000000000001,0.63,1152791.0,False
300.0,e3acebf7a8b1b7baee676b2504100871.param,0.0,0.0,0.0,8.013,600810857.0,7f1a9784023a8aa0a7183386bf0a6b81,59860.0,1.0,0.0,2.6510000000000002,7,29057.0,0.0,201446.0,6305.0,0.679,1464.0,6305.0,-1.0,7054.0,0.0,784741.0,2559.0,600810857.0,29.0,1.829,2.508,0.19,202912.0,False
300.0,e3acebf7a8b1b7baee676b2504100871.param,1.0,0.0,0.0,8.084,600810857.0,7f1a9784023a8aa0a7183386bf0a6b81,59860.0,1.0,0.0,2.597,7,29057.0,0.0,201446.0,6305.0,0.6679999999999999,1464.0,6305.0,-1.0,7054.0,0.0,784741.0,2559.0,600810857.0,29.0,1.79,2.458,0.19,202912.0,False
300.0,e3acebf7a8b1b7baee676b2504100871.param,2.0,0.0,0.0,8.437000000000001,600810857.0,7f1a9784023a8aa0a7183386bf0a6b81,59860.0,1.0,0.0,2.603,7,29057.0,0.0,201446.0,6305.0,0.675,1464.0,6305.0,-1.0,7054.0,0.0,784741.0,2559.0,600810857.0,29.0,1.7919999999999998,2.467,0.19,202912.0,False
300.0,902f37d04b6af4dd50620fbce6af0b97.param,0.0,0.0,0.0,44.849,1258716603.0,8c9ebcb5211c7b0a05ebd1d9d8e5c245,58847.0,1.0,0.0,9.954,7,6082.0,0.0,1176455.0,5711.0,4.462,9690.0,5711.0,-1.0,8482.0,0.0,559571.0,19071.0,1258716603.0,25.0,4.678999999999999,9.141,0.63,1186147.0,False
300.0,902f37d04b6af4dd50620fbce6af0b97.param,1.0,0.0,0.0,44.33600000000001,1258716603.0,8c9ebcb5211c7b0a05ebd1d9d8e5c245,58847.0,1.0,0.0,9.511000000000001,7,6082.0,0.0,1176455.0,5711.0,4.228,9690.0,5711.0,-1.0,8482.0,0.0,559571.0,19071.0,1258716603.0,25.0,4.633,8.861,0.63,1186147.0,False
300.0,902f37d04b6af4dd50620fbce6af0b97.param,2.0,0.0,0.0,43.412,1258716603.0,8c9ebcb5211c7b0a05ebd1d9d8e5c245,58847.0,1.0,0.0,9.881,7,6082.0,0.0,1176455.0,5711.0,4.185,9690.0,5711.0,-1.0,8482.0,0.0,559571.0,19071.0,1258716603.0,25.0,4.776,8.961,0.63,1186147.0,False
300.0,a14c00732fcd60d2f8416079c6315cd5.param,0.0,0.0,0.0,14.915999999999999,95956545.0,98e40c15a984c5574cc79baac8fb9bc5,493989.0,1.0,0.0,26.339000000000002,7,344329.0,0.0,378198.0,9646.0,1.3780000000000001,2744.0,9646.0,-1.0,17986.0,0.0,876872.0,5183.0,95956545.0,32.0,24.655,26.033,0.42,380944.0,False
300.0,a14c00732fcd60d2f8416079c6315cd5.param,1.0,0.0,0.0,14.526,95956545.0,98e40c15a984c5574cc79baac8fb9bc5,493989.0,1.0,0.0,26.232,7,344329.0,0.0,378198.0,9646.0,1.42,2744.0,9646.0,-1.0,17986.0,0.0,876872.0,5183.0,95956545.0,32.0,24.570999999999998,25.991,0.42,380944.0,False
300.0,a14c00732fcd60d2f8416079c6315cd5.param,2.0,0.0,0.0,14.755,95956545.0,98e40c15a984c5574cc79baac8fb9bc5,493989.0,1.0,0.0,26.16800000000001,7,344329.0,0.0,378198.0,9646.0,1.364,2744.0,9646.0,-1.0,17986.0,0.0,876872.0,5183.0,95956545.0,32.0,24.57,25.934,0.42,380944.0,False
300.0,291d875a60416791f305122ac9d8b34d.param,0.0,0.0,0.0,22.369,1923385776.0,0fb46ada54b36ba3dfe043b546d605f6,455518.0,1.0,0.0,36.4,7,265859.0,0.0,558271.0,10339.0,2.122,3880.0,10339.0,-1.0,21185.0,0.0,973110.0,7452.0,1923385776.0,37.0,33.929,36.051,0.63,562153.0,False
300.0,291d875a60416791f305122ac9d8b34d.param,1.0,0.0,0.0,21.3,1923385776.0,0fb46ada54b36ba3dfe043b546d605f6,455518.0,1.0,0.0,36.294000000000004,7,265859.0,0.0,558271.0,10339.0,1.996,3880.0,10339.0,-1.0,21185.0,0.0,973110.0,7452.0,1923385776.0,37.0,33.846,35.842,0.63,562153.0,False
300.0,291d875a60416791f305122ac9d8b34d.param,2.0,0.0,0.0,21.965999999999998,1923385776.0,0fb46ada54b36ba3dfe043b546d605f6,455518.0,1.0,0.0,36.527,7,265859.0,0.0,558271.0,10339.0,1.946,3880.0,10339.0,-1.0,21185.0,0.0,973110.0,7452.0,1923385776.0,37.0,34.132,36.078,0.63,562153.0,False
300.0,7b5860221ac4bf880739e34b36b6d1fb.param,0.0,0.0,0.0,41.263999999999996,95956545.0,3c1cc5120fde3078376d90580dff94a4,590695.0,1.0,0.0,43.853,7,354800.0,0.0,1101064.0,10379.0,4.051,7420.0,10379.0,-1.0,26576.0,0.0,1180433.0,14490.0,95956545.0,37.0,38.974000000000004,43.025,0.63,1108486.0,False
300.0,7b5860221ac4bf880739e34b36b6d1fb.param,1.0,0.0,0.0,40.564,95956545.0,3c1cc5120fde3078376d90580dff94a4,590695.0,1.0,0.0,43.233000000000004,7,354800.0,0.0,1101064.0,10379.0,4.093999999999999,7420.0,10379.0,-1.0,26576.0,0.0,1180433.0,14490.0,95956545.0,37.0,38.34,42.434,0.63,1108486.0,False
300.0,7b5860221ac4bf880739e34b36b6d1fb.param,2.0,0.0,0.0,42.288000000000004,95956545.0,3c1cc5120fde3078376d90580dff94a4,590695.0,1.0,0.0,42.864,7,354800.0,0.0,1101064.0,10379.0,4.016,7420.0,10379.0,-1.0,26576.0,0.0,1180433.0,14490.0,95956545.0,37.0,38.199,42.215,0.63,1108486.0,False
300.0,86d0a459cbac55d6b0ecb8de1373f318.param,0.0,0.0,0.0,43.035,34754393.0,366bc5653cd8ea3daa61e69e6360a48d,61590.0,1.0,0.0,7.504,7,25257.0,0.0,1118815.0,4121.0,4.114,10998.0,4121.0,-1.0,9493.0,0.0,473025.0,21601.0,34754393.0,17.0,2.7439999999999998,6.858,0.63,1129815.0,False
300.0,86d0a459cbac55d6b0ecb8de1373f318.param,1.0,0.0,0.0,41.413000000000004,34754393.0,366bc5653cd8ea3daa61e69e6360a48d,61590.0,1.0,0.0,7.476,7,25257.0,0.0,1118815.0,4121.0,4.07,10998.0,4121.0,-1.0,9493.0,0.0,473025.0,21601.0,34754393.0,17.0,2.764,6.834,0.63,1129815.0,False
300.0,86d0a459cbac55d6b0ecb8de1373f318.param,2.0,0.0,0.0,40.801,34754393.0,366bc5653cd8ea3daa61e69e6360a48d,61590.0,1.0,0.0,7.528,7,25257.0,0.0,1118815.0,4121.0,4.12,10998.0,4121.0,-1.0,9493.0,0.0,473025.0,21601.0,34754393.0,17.0,2.762,6.8820000000000014,0.63,1129815.0,False
300.0,2c863ef862f94f5be37b35a0e4c17156.param,0.0,0.0,0.0,36.899,1235388569.0,be2e6fba43f8949ebfec5c4e1afc5cd5,606792.0,1.0,0.0,34.905,7,395723.0,0.0,997253.0,10245.0,3.6210000000000004,7004.0,10245.0,-1.0,25375.0,0.0,1059888.0,13668.0,1235388569.0,36.0,30.5,34.121,0.94,1004259.0,False
300.0,2c863ef862f94f5be37b35a0e4c17156.param,1.0,0.0,0.0,35.518,1235388569.0,be2e6fba43f8949ebfec5c4e1afc5cd5,606792.0,1.0,0.0,34.921,7,395723.0,0.0,997253.0,10245.0,3.55,7004.0,10245.0,-1.0,25375.0,0.0,1059888.0,13668.0,1235388569.0,36.0,30.779,34.329,0.94,1004259.0,False
300.0,2c863ef862f94f5be37b35a0e4c17156.param,2.0,0.0,0.0,38.979,1235388569.0,be2e6fba43f8949ebfec5c4e1afc5cd5,606792.0,1.0,0.0,34.318000000000005,7,395723.0,0.0,997253.0,10245.0,3.56,7004.0,10245.0,-1.0,25375.0,0.0,1059888.0,13668.0,1235388569.0,36.0,30.169,33.729,0.94,1004259.0,False
300.0,53797da70b0cf5f28e45644f5fda249f.param,0.0,0.0,0.0,8.387,1923385776.0,90d48c00bc2d8e8694260b056d9f9d23,197531.0,1.0,0.0,9.972999999999999,7,141748.0,0.0,196061.0,9716.0,0.71,1284.0,9716.0,-1.0,10683.0,0.0,1098891.0,2244.0,1923385776.0,33.0,9.096,9.806000000000001,0.28,197347.0,False
300.0,53797da70b0cf5f28e45644f5fda249f.param,1.0,0.0,0.0,7.855,1923385776.0,90d48c00bc2d8e8694260b056d9f9d23,197531.0,1.0,0.0,10.112,7,141748.0,0.0,196061.0,9716.0,0.6779999999999999,1284.0,9716.0,-1.0,10683.0,0.0,1098891.0,2244.0,1923385776.0,33.0,9.248,9.926,0.28,197347.0,False
300.0,53797da70b0cf5f28e45644f5fda249f.param,2.0,0.0,0.0,8.644,1923385776.0,90d48c00bc2d8e8694260b056d9f9d23,197531.0,1.0,0.0,10.055,7,141748.0,0.0,196061.0,9716.0,0.67,1284.0,9716.0,-1.0,10683.0,0.0,1098891.0,2244.0,1923385776.0,33.0,9.231,9.901,0.28,197347.0,False
300.0,7c50c2c12e2aac2541da57a3aad7ca55.param,0.0,0.0,0.0,63.185,182366586.0,cfcbefec3d6d1c16be96282e67165f7a,378759.0,1.0,0.0,22.975,7,251013.0,0.0,1730748.0,10244.0,6.3210000000000015,12152.0,10244.0,-1.0,14219.0,0.0,1057823.0,23951.0,182366586.0,36.0,15.387,21.708000000000002,0.63,1742902.0,False
300.0,7c50c2c12e2aac2541da57a3aad7ca55.param,1.0,0.0,0.0,62.224,182366586.0,cfcbefec3d6d1c16be96282e67165f7a,378759.0,1.0,0.0,22.826,7,251013.0,0.0,1730748.0,10244.0,6.5329999999999995,12152.0,10244.0,-1.0,14219.0,0.0,1057823.0,23951.0,182366586.0,36.0,15.144,21.677,0.63,1742902.0,False
300.0,7c50c2c12e2aac2541da57a3aad7ca55.param,2.0,0.0,0.0,58.778,182366586.0,cfcbefec3d6d1c16be96282e67165f7a,378759.0,1.0,0.0,22.228,7,251013.0,0.0,1730748.0,10244.0,6.307,12152.0,10244.0,-1.0,14219.0,0.0,1057823.0,23951.0,182366586.0,36.0,14.989,21.296,0.63,1742902.0,False
300.0,ceb1794b37ee7a46798c6a75e6be96ab.param,0.0,0.0,0.0,15.927999999999999,590654055.0,7ac5a77d70250668d093017aa941e685,452175.0,1.0,0.0,38.085,7,271779.0,0.0,401133.0,10378.0,1.42,2706.0,10378.0,-1.0,20166.0,0.0,1422820.0,5035.0,590654055.0,37.0,36.409,37.829,0.63,403841.0,False
300.0,ceb1794b37ee7a46798c6a75e6be96ab.param,1.0,0.0,0.0,15.092,590654055.0,7ac5a77d70250668d093017aa941e685,452175.0,1.0,0.0,37.897,7,271779.0,0.0,401133.0,10378.0,1.419,2706.0,10378.0,-1.0,20166.0,0.0,1422820.0,5035.0,590654055.0,37.0,36.179,37.598,0.63,403841.0,False
300.0,ceb1794b37ee7a46798c6a75e6be96ab.param,2.0,0.0,0.0,15.937999999999999,590654055.0,7ac5a77d70250668d093017aa941e685,452175.0,1.0,0.0,37.859,7,271779.0,0.0,401133.0,10378.0,1.4280000000000002,2706.0,10378.0,-1.0,20166.0,0.0,1422820.0,5035.0,590654055.0,37.0,36.179,37.607,0.63,403841.0,False
300.0,f09afe8bb1fa94a49596406bf88166c9.param,0.0,0.0,0.0,43.07100000000001,1918631718.0,fb092ce7d349b2c6f6af74cc8d4fd266,397483.0,1.0,0.0,15.817,7,273533.0,0.0,1121719.0,6398.0,4.039,8510.0,6398.0,-1.0,18099.0,0.0,951176.0,16641.0,1918631718.0,29.0,11.159,15.198,0.42,1130231.0,False
300.0,f09afe8bb1fa94a49596406bf88166c9.param,1.0,0.0,0.0,42.775,1918631718.0,fb092ce7d349b2c6f6af74cc8d4fd266,397483.0,1.0,0.0,15.922,7,273533.0,0.0,1121719.0,6398.0,4.056,8510.0,6398.0,-1.0,18099.0,0.0,951176.0,16641.0,1918631718.0,29.0,11.22,15.276,0.42,1130231.0,False
300.0,f09afe8bb1fa94a49596406bf88166c9.param,2.0,0.0,0.0,39.715,1918631718.0,fb092ce7d349b2c6f6af74cc8d4fd266,397483.0,1.0,0.0,15.831,7,273533.0,0.0,1121719.0,6398.0,4.064,8510.0,6398.0,-1.0,18099.0,0.0,951176.0,16641.0,1918631718.0,29.0,11.127,15.190999999999999,0.42,1130231.0,False
300.0,f3f514a91e7728b0df10399e56f94206.param,0.0,0.0,0.0,17.387,590654055.0,f0967daf470350aaeec7cb13f18b1491,501473.0,1.0,0.0,36.866,7,316935.0,0.0,412774.0,9728.0,1.4369999999999998,2964.0,9728.0,-1.0,21374.0,0.0,1091407.0,5576.0,590654055.0,33.0,35.156,36.593,0.63,415740.0,False
300.0,f3f514a91e7728b0df10399e56f94206.param,1.0,0.0,0.0,15.734000000000002,590654055.0,f0967daf470350aaeec7cb13f18b1491,501473.0,1.0,0.0,37.62300000000001,7,316935.0,0.0,412774.0,9728.0,1.475,2964.0,9728.0,-1.0,21374.0,0.0,1091407.0,5576.0,590654055.0,33.0,35.869,37.344,0.63,415740.0,False
300.0,f3f514a91e7728b0df10399e56f94206.param,2.0,0.0,0.0,16.426,590654055.0,f0967daf470350aaeec7cb13f18b1491,501473.0,1.0,0.0,36.893,7,316935.0,0.0,412774.0,9728.0,1.4809999999999999,2964.0,9728.0,-1.0,21374.0,0.0,1091407.0,5576.0,590654055.0,33.0,35.163000000000004,36.644,0.63,415740.0,False
300.0,55b26376914ebad092e2e305df354383.param,0.0,0.0,0.0,22.295,1470727592.0,475f07ed98d3a37192f23b11e570cd52,232783.0,1.0,0.0,10.787,7,117974.0,0.0,576260.0,6395.0,2.1,4320.0,6395.0,-1.0,15730.0,0.0,743896.0,8349.0,1470727592.0,29.0,8.23,10.33,0.42,580582.0,False
300.0,55b26376914ebad092e2e305df354383.param,1.0,0.0,0.0,22.94,1470727592.0,475f07ed98d3a37192f23b11e570cd52,232783.0,1.0,0.0,10.984000000000002,7,117974.0,0.0,576260.0,6395.0,2.024,4320.0,6395.0,-1.0,15730.0,0.0,743896.0,8349.0,1470727592.0,29.0,8.497,10.520999999999999,0.42,580582.0,False
300.0,55b26376914ebad092e2e305df354383.param,2.0,0.0,0.0,23.503,1470727592.0,475f07ed98d3a37192f23b11e570cd52,232783.0,1.0,0.0,10.782,7,117974.0,0.0,576260.0,6395.0,2.0469999999999997,4320.0,6395.0,-1.0,15730.0,0.0,743896.0,8349.0,1470727592.0,29.0,8.356,10.402999999999999,0.42,580582.0,False
300.0,3a224236b6b589e9f8161cb41fb64421.param,0.0,0.0,0.0,33.936,2028359165.0,a89c473fed5554a6debadd148aa7ec0c,312411.0,1.0,0.0,24.287,7,180787.0,0.0,915871.0,9643.0,3.29,6790.0,9643.0,-1.0,17194.0,0.0,822384.0,13257.0,2028359165.0,32.0,20.462,23.752,0.42,922663.0,False
300.0,3a224236b6b589e9f8161cb41fb64421.param,1.0,0.0,0.0,35.481,2028359165.0,a89c473fed5554a6debadd148aa7ec0c,312411.0,1.0,0.0,24.15,7,180787.0,0.0,915871.0,9643.0,3.261,6790.0,9643.0,-1.0,17194.0,0.0,822384.0,13257.0,2028359165.0,32.0,20.340999999999998,23.601999999999997,0.42,922663.0,False
300.0,3a224236b6b589e9f8161cb41fb64421.param,2.0,0.0,0.0,35.830999999999996,2028359165.0,a89c473fed5554a6debadd148aa7ec0c,312411.0,1.0,0.0,24.413,7,180787.0,0.0,915871.0,9643.0,3.2880000000000003,6790.0,9643.0,-1.0,17194.0,0.0,822384.0,13257.0,2028359165.0,32.0,20.603,23.891,0.42,922663.0,False
300.0,5f169f8946c848c062a4dd468eb064c1.param,0.0,0.0,0.0,68.21600000000001,2136253402.0,0fa89014f99178cfb220d6242b253c67,637424.0,1.0,0.0,24.503,7,420948.0,0.0,1783636.0,11390.0,6.4879999999999995,11440.0,11390.0,-1.0,21673.0,0.0,1413005.0,22501.0,2136253402.0,41.0,17.017,23.505,0.63,1795078.0,False
300.0,5f169f8946c848c062a4dd468eb064c1.param,1.0,0.0,0.0,67.898,2136253402.0,0fa89014f99178cfb220d6242b253c67,637424.0,1.0,0.0,25.587,7,420948.0,0.0,1783636.0,11390.0,6.574,11440.0,11390.0,-1.0,21673.0,0.0,1413005.0,22501.0,2136253402.0,41.0,17.674,24.248,0.63,1795078.0,False
300.0,5f169f8946c848c062a4dd468eb064c1.param,2.0,0.0,0.0,64.77199999999999,2136253402.0,0fa89014f99178cfb220d6242b253c67,637424.0,1.0,0.0,24.541999999999998,7,420948.0,0.0,1783636.0,11390.0,6.468999999999999,11440.0,11390.0,-1.0,21673.0,0.0,1413005.0,22501.0,2136253402.0,41.0,17.128,23.596999999999998,0.63,1795078.0,False
300.0,9fea3b5fddf357019f10d5f61fc8a74b.param,0.0,0.0,0.0,35.162,693280077.0,93a1b95e6a85c27a1093d8bf2fa0735d,71248.0,1.0,0.0,7.037000000000001,7,28853.0,0.0,924509.0,4152.0,3.395,8820.0,4152.0,-1.0,8669.0,0.0,430902.0,17324.0,693280077.0,17.0,2.957,6.352,0.42,933331.0,False
300.0,9fea3b5fddf357019f10d5f61fc8a74b.param,1.0,0.0,0.0,35.85800000000001,693280077.0,93a1b95e6a85c27a1093d8bf2fa0735d,71248.0,1.0,0.0,6.789,7,28853.0,0.0,924509.0,4152.0,3.2939999999999996,8820.0,4152.0,-1.0,8669.0,0.0,430902.0,17324.0,693280077.0,17.0,2.9739999999999998,6.268,0.42,933331.0,False
300.0,9fea3b5fddf357019f10d5f61fc8a74b.param,2.0,0.0,0.0,32.908,693280077.0,93a1b95e6a85c27a1093d8bf2fa0735d,71248.0,1.0,0.0,6.79,7,28853.0,0.0,924509.0,4152.0,3.2769999999999997,8820.0,4152.0,-1.0,8669.0,0.0,430902.0,17324.0,693280077.0,17.0,2.969,6.246,0.42,933331.0,False
300.0,d77b1e8e85636e2a8e697f0467151b32.param,0.0,0.0,0.0,9.497,590654055.0,302498f30620d780dc4c11329c69510a,255015.0,1.0,0.0,3.866,7,202912.0,0.0,217667.0,6211.0,0.752,1500.0,6211.0,-1.0,10470.0,0.0,1072417.0,2622.0,590654055.0,28.0,2.964,3.716,0.28,219169.0,False
300.0,d77b1e8e85636e2a8e697f0467151b32.param,1.0,0.0,0.0,9.21,590654055.0,302498f30620d780dc4c11329c69510a,255015.0,1.0,0.0,3.872,7,202912.0,0.0,217667.0,6211.0,0.7490000000000001,1500.0,6211.0,-1.0,10470.0,0.0,1072417.0,2622.0,590654055.0,28.0,2.9810000000000003,3.73,0.28,219169.0,False
300.0,d77b1e8e85636e2a8e697f0467151b32.param,2.0,0.0,0.0,9.367,590654055.0,302498f30620d780dc4c11329c69510a,255015.0,1.0,0.0,3.8989999999999996,7,202912.0,0.0,217667.0,6211.0,0.7959999999999999,1500.0,6211.0,-1.0,10470.0,0.0,1072417.0,2622.0,590654055.0,28.0,2.9610000000000003,3.7569999999999997,0.28,219169.0,False
300.0,c7380516182e520bfda807e4d9ed529d.param,0.0,0.0,0.0,9.305,1057470620.0,2d45e64ca5032c2c1d7d5acbc6d1484d,152967.0,1.0,0.0,9.306000000000001,7,90256.0,0.0,226943.0,10292.0,0.7829999999999999,1548.0,10292.0,-1.0,11058.0,0.0,1260271.0,2706.0,1057470620.0,36.0,8.362,9.145,0.28,228493.0,False
300.0,c7380516182e520bfda807e4d9ed529d.param,1.0,0.0,0.0,9.472999999999999,1057470620.0,2d45e64ca5032c2c1d7d5acbc6d1484d,152967.0,1.0,0.0,9.416,7,90256.0,0.0,226943.0,10292.0,0.882,1548.0,10292.0,-1.0,11058.0,0.0,1260271.0,2706.0,1057470620.0,36.0,8.371,9.253,0.28,228493.0,False
300.0,c7380516182e520bfda807e4d9ed529d.param,2.0,0.0,0.0,9.937999999999999,1057470620.0,2d45e64ca5032c2c1d7d5acbc6d1484d,152967.0,1.0,0.0,9.324,7,90256.0,0.0,226943.0,10292.0,0.833,1548.0,10292.0,-1.0,11058.0,0.0,1260271.0,2706.0,1057470620.0,36.0,8.331,9.164,0.28,228493.0,False
300.0,e132556b0d38151640e92d05691dbdbe.param,0.0,0.0,0.0,63.479,1918631718.0,e46bb975f458c3c3cc8b36554fe67bdf,498429.0,1.0,0.0,65.844,7,285661.0,0.0,1819157.0,10289.0,6.925,12648.0,10289.0,-1.0,25227.0,0.0,1229246.0,24876.0,1918631718.0,36.0,57.882,64.807,0.63,1831807.0,False
300.0,e132556b0d38151640e92d05691dbdbe.param,1.0,0.0,0.0,67.278,1918631718.0,e46bb975f458c3c3cc8b36554fe67bdf,498429.0,1.0,0.0,64.762,7,285661.0,0.0,1819157.0,10289.0,6.65,12648.0,10289.0,-1.0,25227.0,0.0,1229246.0,24876.0,1918631718.0,36.0,57.162,63.812,0.63,1831807.0,False
300.0,e132556b0d38151640e92d05691dbdbe.param,2.0,0.0,0.0,64.555,1918631718.0,e46bb975f458c3c3cc8b36554fe67bdf,498429.0,1.0,0.0,64.63,7,285661.0,0.0,1819157.0,10289.0,6.638,12648.0,10289.0,-1.0,25227.0,0.0,1229246.0,24876.0,1918631718.0,36.0,56.933,63.57100000000001,0.63,1831807.0,False
300.0,accc739b7443ee6f6c986b29106d30b2.param,0.0,0.0,0.0,66.313,1057470620.0,d8330de8386c61cfc6e64cd8c8931189,475047.0,1.0,0.0,38.624,7,272780.0,0.0,1697169.0,11248.0,6.117000000000001,11100.0,11248.0,-1.0,21580.0,0.0,1280780.0,21820.0,1057470620.0,40.0,31.573,37.69,0.63,1708271.0,False
300.0,accc739b7443ee6f6c986b29106d30b2.param,1.0,0.0,0.0,61.786,1057470620.0,d8330de8386c61cfc6e64cd8c8931189,475047.0,1.0,0.0,38.657,7,272780.0,0.0,1697169.0,11248.0,6.1320000000000014,11100.0,11248.0,-1.0,21580.0,0.0,1280780.0,21820.0,1057470620.0,40.0,31.541,37.673,0.63,1708271.0,False
300.0,accc739b7443ee6f6c986b29106d30b2.param,2.0,0.0,0.0,64.92,1057470620.0,d8330de8386c61cfc6e64cd8c8931189,475047.0,1.0,0.0,38.635,7,272780.0,0.0,1697169.0,11248.0,6.127999999999999,11100.0,11248.0,-1.0,21580.0,0.0,1280780.0,21820.0,1057470620.0,40.0,31.366,37.494,0.63,1708271.0,False
300.0,bb83bd2588db308f9da59945e9f53761.param,0.0,0.0,0.0,30.255,823094821.0,4f61a703e014212b11cd956a5eff2008,178371.0,1.0,0.0,6.5429999999999975,7,134280.0,0.0,867143.0,5700.0,3.1519999999999997,6970.0,5700.0,-1.0,8430.0,0.0,669904.0,13647.0,823094821.0,25.0,2.9,6.0520000000000005,0.42,874115.0,False
300.0,bb83bd2588db308f9da59945e9f53761.param,1.0,0.0,0.0,33.106,823094821.0,4f61a703e014212b11cd956a5eff2008,178371.0,1.0,0.0,6.4860000000000015,7,134280.0,0.0,867143.0,5700.0,3.1239999999999997,6970.0,5700.0,-1.0,8430.0,0.0,669904.0,13647.0,823094821.0,25.0,2.8710000000000004,5.995,0.42,874115.0,False
300.0,bb83bd2588db308f9da59945e9f53761.param,2.0,0.0,0.0,33.266,823094821.0,4f61a703e014212b11cd956a5eff2008,178371.0,1.0,0.0,6.593999999999999,7,134280.0,0.0,867143.0,5700.0,3.1519999999999997,6970.0,5700.0,-1.0,8430.0,0.0,669904.0,13647.0,823094821.0,25.0,2.9160000000000004,6.068,0.42,874115.0,False
300.0,3516b948e6368c1e04e766cb3dbf658f.param,0.0,0.0,0.0,83.95100000000002,1235388569.0,bb4263a2800a62d871e4307e74ca2d31,388808.0,1.0,0.0,40.501999999999995,7,196677.0,0.0,2349199.0,10290.0,8.609,16320.0,10290.0,-1.0,20798.0,0.0,1120049.0,32270.0,1235388569.0,36.0,30.595,39.204,0.94,2365521.0,False
300.0,3516b948e6368c1e04e766cb3dbf658f.param,1.0,0.0,0.0,81.688,1235388569.0,bb4263a2800a62d871e4307e74ca2d31,388808.0,1.0,0.0,40.657,7,196677.0,0.0,2349199.0,10290.0,8.548,16320.0,10290.0,-1.0,20798.0,0.0,1120049.0,32270.0,1235388569.0,36.0,30.734,39.282,0.94,2365521.0,False
300.0,3516b948e6368c1e04e766cb3dbf658f.param,2.0,0.0,0.0,89.781,1235388569.0,bb4263a2800a62d871e4307e74ca2d31,388808.0,1.0,0.0,41.343999999999994,7,196677.0,0.0,2349199.0,10290.0,8.697000000000001,16320.0,10290.0,-1.0,20798.0,0.0,1120049.0,32270.0,1235388569.0,36.0,30.94400000000001,39.641,0.94,2365521.0,False
300.0,971e5d247ffd98140d5d9199460cd7b4.param,0.0,0.0,0.0,29.88,1257636424.0,918f6f9d49db6e3765ddf199538e5cd2,587117.0,1.0,0.0,29.634,7,420910.0,0.0,743336.0,9728.0,2.6439999999999997,5336.0,9728.0,-1.0,22694.0,0.0,1071794.0,10304.0,1257636424.0,33.0,26.427,29.070999999999998,0.63,748674.0,False
300.0,971e5d247ffd98140d5d9199460cd7b4.param,1.0,0.0,0.0,26.903000000000002,1257636424.0,918f6f9d49db6e3765ddf199538e5cd2,587117.0,1.0,0.0,29.215999999999998,7,420910.0,0.0,743336.0,9728.0,2.658,5336.0,9728.0,-1.0,22694.0,0.0,1071794.0,10304.0,1257636424.0,33.0,26.112,28.77,0.63,748674.0,False
300.0,971e5d247ffd98140d5d9199460cd7b4.param,2.0,0.0,0.0,29.177,1257636424.0,918f6f9d49db6e3765ddf199538e5cd2,587117.0,1.0,0.0,29.389,7,420910.0,0.0,743336.0,9728.0,2.716,5336.0,9728.0,-1.0,22694.0,0.0,1071794.0,10304.0,1257636424.0,33.0,26.199,28.915,0.63,748674.0,False
300.0,36fc98d1195ddc35e5ef9eb80f9a3178.param,0.0,0.0,0.0,11.08,270657042.0,de922e3993b845d8d26f86b54003abec,60333.0,1.0,0.0,4.585,7,23653.0,0.0,273115.0,4668.0,1.0290000000000001,2464.0,4668.0,-1.0,7200.0,0.0,367072.0,4684.0,270657042.0,20.0,3.367,4.396,0.19,275581.0,False
300.0,36fc98d1195ddc35e5ef9eb80f9a3178.param,1.0,0.0,0.0,11.058,270657042.0,de922e3993b845d8d26f86b54003abec,60333.0,1.0,0.0,4.493,7,23653.0,0.0,273115.0,4668.0,0.941,2464.0,4668.0,-1.0,7200.0,0.0,367072.0,4684.0,270657042.0,20.0,3.378,4.319,0.19,275581.0,False
300.0,36fc98d1195ddc35e5ef9eb80f9a3178.param,2.0,0.0,0.0,11.106,270657042.0,de922e3993b845d8d26f86b54003abec,60333.0,1.0,0.0,4.482,7,23653.0,0.0,273115.0,4668.0,0.958,2464.0,4668.0,-1.0,7200.0,0.0,367072.0,4684.0,270657042.0,20.0,3.342,4.3,0.19,275581.0,False
300.0,61f5f3058b749cd913e33ba1bf9fcead.param,0.0,0.0,0.0,5.3729999999999976,693280077.0,ec0c7bb235a839b0a24ebe0fd32765ee,267194.0,1.0,0.0,2.9130000000000003,7,223307.0,0.0,115030.0,5676.0,0.38299999999999995,928.0,5676.0,-1.0,10212.0,0.0,577484.0,1507.0,693280077.0,24.0,2.438,2.821,0.28,115960.0,False
300.0,61f5f3058b749cd913e33ba1bf9fcead.param,1.0,0.0,0.0,5.277,693280077.0,ec0c7bb235a839b0a24ebe0fd32765ee,267194.0,1.0,0.0,3.05,7,223307.0,0.0,115030.0,5676.0,0.39,928.0,5676.0,-1.0,10212.0,0.0,577484.0,1507.0,693280077.0,24.0,2.5639999999999996,2.9539999999999997,0.28,115960.0,False
300.0,61f5f3058b749cd913e33ba1bf9fcead.param,2.0,0.0,0.0,5.287999999999999,693280077.0,ec0c7bb235a839b0a24ebe0fd32765ee,267194.0,1.0,0.0,2.984,7,223307.0,0.0,115030.0,5676.0,0.386,928.0,5676.0,-1.0,10212.0,0.0,577484.0,1507.0,693280077.0,24.0,2.502,2.888,0.28,115960.0,False
300.0,97b29b11b39e49b80f3ff828f7a4f470.param,0.0,0.0,0.0,22.785,372553220.0,01fb1b8c1b639348facef99a99343a99,109618.0,1.0,0.0,7.131,7,21392.0,0.0,571223.0,5747.0,2.0,4650.0,5747.0,-1.0,13679.0,0.0,568245.0,8999.0,372553220.0,25.0,4.776,6.776,0.42,575875.0,False
300.0,97b29b11b39e49b80f3ff828f7a4f470.param,1.0,0.0,0.0,21.683000000000003,372553220.0,01fb1b8c1b639348facef99a99343a99,109618.0,1.0,0.0,7.131,7,21392.0,0.0,571223.0,5747.0,2.075,4650.0,5747.0,-1.0,13679.0,0.0,568245.0,8999.0,372553220.0,25.0,4.718,6.7929999999999975,0.42,575875.0,False
300.0,97b29b11b39e49b80f3ff828f7a4f470.param,2.0,0.0,0.0,22.256999999999998,372553220.0,01fb1b8c1b639348facef99a99343a99,109618.0,1.0,0.0,7.04,7,21392.0,0.0,571223.0,5747.0,2.001,4650.0,5747.0,-1.0,13679.0,0.0,568245.0,8999.0,372553220.0,25.0,4.703,6.704,0.42,575875.0,False
300.0,056d65a7bb6760a4c29fabc08869fd2b.param,0.0,0.0,0.0,89.17299999999999,160742207.0,d7be40fc7dd071b61658d43392ae2ed1,412093.0,1.0,0.0,30.116999999999997,7,243325.0,0.0,2448133.0,10378.0,8.931000000000003,16660.0,10378.0,-1.0,21038.0,0.0,1159940.0,32944.0,160742207.0,37.0,19.408,28.339000000000002,0.94,2464795.0,False
300.0,056d65a7bb6760a4c29fabc08869fd2b.param,1.0,0.0,0.0,89.03299999999999,160742207.0,d7be40fc7dd071b61658d43392ae2ed1,412093.0,1.0,0.0,30.315,7,243325.0,0.0,2448133.0,10378.0,9.219,16660.0,10378.0,-1.0,21038.0,0.0,1159940.0,32944.0,160742207.0,37.0,19.619,28.838,0.94,2464795.0,False
300.0,056d65a7bb6760a4c29fabc08869fd2b.param,2.0,0.0,0.0,92.169,160742207.0,d7be40fc7dd071b61658d43392ae2ed1,412093.0,1.0,0.0,30.691,7,243325.0,0.0,2448133.0,10378.0,9.238,16660.0,10378.0,-1.0,21038.0,0.0,1159940.0,32944.0,160742207.0,37.0,19.605,28.843000000000004,0.94,2464795.0,False
300.0,2cf01039b19cea84eef8c942aea32605.param,0.0,0.0,0.0,66.646,1057470620.0,adfea061babbbcd6d2ab38cb3b839bcb,1027996.0,1.0,0.0,45.792,7,849144.0,0.0,1798091.0,11201.0,6.604,12000.0,11201.0,-1.0,23553.0,0.0,1452837.0,23580.0,1057470620.0,40.0,38.199,44.803000000000004,0.63,1810093.0,False
300.0,2cf01039b19cea84eef8c942aea32605.param,1.0,0.0,0.0,68.942,1057470620.0,adfea061babbbcd6d2ab38cb3b839bcb,1027996.0,1.0,0.0,46.951,7,849144.0,0.0,1798091.0,11201.0,6.577999999999999,12000.0,11201.0,-1.0,23553.0,0.0,1452837.0,23580.0,1057470620.0,40.0,39.391999999999996,45.97,0.63,1810093.0,False
300.0,2cf01039b19cea84eef8c942aea32605.param,2.0,0.0,0.0,69.455,1057470620.0,adfea061babbbcd6d2ab38cb3b839bcb,1027996.0,1.0,0.0,46.107,7,849144.0,0.0,1798091.0,11201.0,6.485,12000.0,11201.0,-1.0,23553.0,0.0,1452837.0,23580.0,1057470620.0,40.0,38.608000000000004,45.093,0.63,1810093.0,False
300.0,c73e9bafac569591c4ea47d45cfac20c.param,0.0,0.0,0.0,25.066,1918631718.0,c317cace1f696897aea5f05922a38b1d,536016.0,1.0,0.0,53.56100000000001,7,285741.0,0.0,686103.0,10378.0,2.418,4674.0,10378.0,-1.0,28128.0,0.0,1188294.0,8963.0,1918631718.0,37.0,50.611000000000004,53.028999999999996,0.63,690779.0,False
300.0,c73e9bafac569591c4ea47d45cfac20c.param,1.0,0.0,0.0,26.954,1918631718.0,c317cace1f696897aea5f05922a38b1d,536016.0,1.0,0.0,54.083999999999996,7,285741.0,0.0,686103.0,10378.0,2.411,4674.0,10378.0,-1.0,28128.0,0.0,1188294.0,8963.0,1918631718.0,37.0,51.147,53.558,0.63,690779.0,False
300.0,c73e9bafac569591c4ea47d45cfac20c.param,2.0,0.0,0.0,25.955,1918631718.0,c317cace1f696897aea5f05922a38b1d,536016.0,1.0,0.0,53.715,7,285741.0,0.0,686103.0,10378.0,2.427,4674.0,10378.0,-1.0,28128.0,0.0,1188294.0,8963.0,1918631718.0,37.0,50.772,53.199,0.63,690779.0,False
300.0,92f07d9616904178c202cd6d7e0ae97d.param,0.0,0.0,0.0,24.67,1098776393.0,b5fa5ea89f79c78262185aaccf976cb3,155490.0,1.0,0.0,13.110999999999999,7,74783.0,0.0,674140.0,9770.0,2.347,4784.0,9770.0,-1.0,10492.0,0.0,809025.0,9269.0,1098776393.0,33.0,10.365,12.712,0.28,678926.0,False
300.0,92f07d9616904178c202cd6d7e0ae97d.param,1.0,0.0,0.0,25.136999999999997,1098776393.0,b5fa5ea89f79c78262185aaccf976cb3,155490.0,1.0,0.0,13.306,7,74783.0,0.0,674140.0,9770.0,2.434,4784.0,9770.0,-1.0,10492.0,0.0,809025.0,9269.0,1098776393.0,33.0,10.474,12.908,0.28,678926.0,False
300.0,92f07d9616904178c202cd6d7e0ae97d.param,2.0,0.0,0.0,26.326999999999998,1098776393.0,b5fa5ea89f79c78262185aaccf976cb3,155490.0,1.0,0.0,13.36,7,74783.0,0.0,674140.0,9770.0,2.404,4784.0,9770.0,-1.0,10492.0,0.0,809025.0,9269.0,1098776393.0,33.0,10.54,12.944,0.28,678926.0,False
300.0,d6dbb131b6c4096427e3cdbc24174d58.param,0.0,0.0,0.0,14.671,254168822.0,3becbc5ddc94f9b6bb5b31c91b44936e,398623.0,1.0,0.0,12.213,7,281006.0,0.0,344233.0,9770.0,1.2209999999999999,2444.0,9770.0,-1.0,14750.0,0.0,888435.0,4596.0,254168822.0,33.0,10.770999999999999,11.992,0.42,346679.0,False
300.0,d6dbb131b6c4096427e3cdbc24174d58.param,1.0,0.0,0.0,14.605,254168822.0,3becbc5ddc94f9b6bb5b31c91b44936e,398623.0,1.0,0.0,12.615,7,281006.0,0.0,344233.0,9770.0,1.291,2444.0,9770.0,-1.0,14750.0,0.0,888435.0,4596.0,254168822.0,33.0,11.047,12.338,0.42,346679.0,False
300.0,d6dbb131b6c4096427e3cdbc24174d58.param,2.0,0.0,0.0,14.737,254168822.0,3becbc5ddc94f9b6bb5b31c91b44936e,398623.0,1.0,0.0,12.265,7,281006.0,0.0,344233.0,9770.0,1.229,2444.0,9770.0,-1.0,14750.0,0.0,888435.0,4596.0,254168822.0,33.0,10.815,12.044,0.42,346679.0,False
300.0,ea9e2588afe4504c0be19561db25ccfd.param,0.0,0.0,0.0,32.366,2050821110.0,6c2a0a90709e13abe1e5f8f4fb1c7efd,105396.0,1.0,0.0,8.176,7,29357.0,0.0,845291.0,5600.0,3.0589999999999997,7140.0,5600.0,-1.0,11788.0,0.0,541931.0,13986.0,2050821110.0,24.0,4.506,7.565,0.42,852433.0,False
300.0,ea9e2588afe4504c0be19561db25ccfd.param,1.0,0.0,0.0,30.064,2050821110.0,6c2a0a90709e13abe1e5f8f4fb1c7efd,105396.0,1.0,0.0,7.989,7,29357.0,0.0,845291.0,5600.0,3.0460000000000003,7140.0,5600.0,-1.0,11788.0,0.0,541931.0,13986.0,2050821110.0,24.0,4.447,7.4929999999999986,0.42,852433.0,False
300.0,ea9e2588afe4504c0be19561db25ccfd.param,2.0,0.0,0.0,33.25,2050821110.0,6c2a0a90709e13abe1e5f8f4fb1c7efd,105396.0,1.0,0.0,7.96,7,29357.0,0.0,845291.0,5600.0,2.9939999999999998,7140.0,5600.0,-1.0,11788.0,0.0,541931.0,13986.0,2050821110.0,24.0,4.465,7.459,0.42,852433.0,False
300.0,8dbc47c71dc08cbc8ffa4bf3b92aa057.param,0.0,0.0,0.0,16.611,1571287961.0,bba655d54578f0cd908910c78664f7c7,117047.0,1.0,0.0,5.932,7,59137.0,0.0,448268.0,4665.0,1.5859999999999999,4104.0,4665.0,-1.0,11427.0,0.0,474441.0,7868.0,1571287961.0,20.0,4.062,5.648,0.28,452374.0,False
300.0,8dbc47c71dc08cbc8ffa4bf3b92aa057.param,1.0,0.0,0.0,17.293,1571287961.0,bba655d54578f0cd908910c78664f7c7,117047.0,1.0,0.0,5.912000000000001,7,59137.0,0.0,448268.0,4665.0,1.578,4104.0,4665.0,-1.0,11427.0,0.0,474441.0,7868.0,1571287961.0,20.0,4.04,5.617999999999999,0.28,452374.0,False
300.0,8dbc47c71dc08cbc8ffa4bf3b92aa057.param,2.0,0.0,0.0,18.489,1571287961.0,bba655d54578f0cd908910c78664f7c7,117047.0,1.0,0.0,5.994,7,59137.0,0.0,448268.0,4665.0,1.6,4104.0,4665.0,-1.0,11427.0,0.0,474441.0,7868.0,1571287961.0,20.0,4.117,5.7170000000000005,0.28,452374.0,False
300.0,a78197c32b5c06c92ee4f6e438ee3962.param,0.0,0.0,0.0,64.185,506016928.0,2b00946a2b9d6154ceab470cb0c6cac6,193116.0,1.0,0.0,13.4,7,101687.0,0.0,1764838.0,6395.0,6.478,13376.0,6395.0,-1.0,12625.0,0.0,779461.0,26415.0,506016928.0,29.0,5.914,12.392000000000001,0.63,1778216.0,False
300.0,a78197c32b5c06c92ee4f6e438ee3962.param,1.0,0.0,0.0,63.181999999999995,506016928.0,2b00946a2b9d6154ceab470cb0c6cac6,193116.0,1.0,0.0,13.322000000000001,7,101687.0,0.0,1764838.0,6395.0,6.452999999999999,13376.0,6395.0,-1.0,12625.0,0.0,779461.0,26415.0,506016928.0,29.0,5.916,12.369000000000002,0.63,1778216.0,False
300.0,a78197c32b5c06c92ee4f6e438ee3962.param,2.0,0.0,0.0,60.94,506016928.0,2b00946a2b9d6154ceab470cb0c6cac6,193116.0,1.0,0.0,13.394,7,101687.0,0.0,1764838.0,6395.0,6.465,13376.0,6395.0,-1.0,12625.0,0.0,779461.0,26415.0,506016928.0,29.0,5.95,12.415,0.63,1778216.0,False
300.0,9a031fb141138ee9bc8fad2cc059ee0e.param,0.0,0.0,0.0,15.352,95956545.0,44248c1243ab80fd1cc6608a188cf667,253471.0,1.0,0.0,10.548,7,132954.0,0.0,396383.0,9601.0,1.4609999999999999,2940.0,9601.0,-1.0,13702.0,0.0,785869.0,5574.0,95956545.0,32.0,8.822000000000003,10.283,0.28,399325.0,False
300.0,9a031fb141138ee9bc8fad2cc059ee0e.param,1.0,0.0,0.0,14.85,95956545.0,44248c1243ab80fd1cc6608a188cf667,253471.0,1.0,0.0,10.398,7,132954.0,0.0,396383.0,9601.0,1.392,2940.0,9601.0,-1.0,13702.0,0.0,785869.0,5574.0,95956545.0,32.0,8.759,10.151,0.28,399325.0,False
300.0,9a031fb141138ee9bc8fad2cc059ee0e.param,2.0,0.0,0.0,17.272000000000002,95956545.0,44248c1243ab80fd1cc6608a188cf667,253471.0,1.0,0.0,10.457,7,132954.0,0.0,396383.0,9601.0,1.429,2940.0,9601.0,-1.0,13702.0,0.0,785869.0,5574.0,95956545.0,32.0,8.762,10.191,0.28,399325.0,False
300.0,ba4c3b35debdf0cbd1cf9beea46e68ac.param,0.0,0.0,0.0,14.569,1083416308.0,39c9efd408a82d6f229701dd259a6afb,177017.0,1.0,0.0,7.622000000000001,7,99989.0,0.0,350138.0,5780.0,1.426,2816.0,5780.0,-1.0,11751.0,0.0,568313.0,5355.0,1083416308.0,25.0,5.975,7.401,0.28,352956.0,False
300.0,ba4c3b35debdf0cbd1cf9beea46e68ac.param,1.0,0.0,0.0,14.304,1083416308.0,39c9efd408a82d6f229701dd259a6afb,177017.0,1.0,0.0,7.56,7,99989.0,0.0,350138.0,5780.0,1.225,2816.0,5780.0,-1.0,11751.0,0.0,568313.0,5355.0,1083416308.0,25.0,6.105,7.33,0.28,352956.0,False
300.0,ba4c3b35debdf0cbd1cf9beea46e68ac.param,2.0,0.0,0.0,15.123,1083416308.0,39c9efd408a82d6f229701dd259a6afb,177017.0,1.0,0.0,7.445,7,99989.0,0.0,350138.0,5780.0,1.212,2816.0,5780.0,-1.0,11751.0,0.0,568313.0,5355.0,1083416308.0,25.0,6.013,7.225,0.28,352956.0,False
300.0,ffb2d731edec22edde6bc403f6c68136.param,0.0,0.0,0.0,28.65,1470727592.0,e3ce60cca3479954d133ed4c6ab453d8,115129.0,1.0,0.0,5.394,7,61631.0,0.0,786675.0,5631.0,2.793,6560.0,5631.0,-1.0,8991.0,0.0,527476.0,12842.0,1470727592.0,24.0,2.1590000000000003,4.952,0.42,793237.0,False
300.0,ffb2d731edec22edde6bc403f6c68136.param,1.0,0.0,0.0,30.226,1470727592.0,e3ce60cca3479954d133ed4c6ab453d8,115129.0,1.0,0.0,5.499,7,61631.0,0.0,786675.0,5631.0,2.8,6560.0,5631.0,-1.0,8991.0,0.0,527476.0,12842.0,1470727592.0,24.0,2.244,5.044,0.42,793237.0,False
300.0,ffb2d731edec22edde6bc403f6c68136.param,2.0,0.0,0.0,29.234,1470727592.0,e3ce60cca3479954d133ed4c6ab453d8,115129.0,1.0,0.0,5.412999999999999,7,61631.0,0.0,786675.0,5631.0,2.773,6560.0,5631.0,-1.0,8991.0,0.0,527476.0,12842.0,1470727592.0,24.0,2.191,4.9639999999999995,0.42,793237.0,False
300.0,73a51090daaf16aa8d614ff285bfb6e4.param,0.0,0.0,0.0,64.686,221638566.0,1f030bd3b10356f3c23e96d1ea2ed9c1,573286.0,1.0,0.0,25.064,7,405314.0,0.0,1827053.0,6318.0,6.9579999999999975,14022.0,6318.0,-1.0,22468.0,0.0,1014603.0,27621.0,221638566.0,29.0,16.95,23.908,0.94,1841077.0,False
300.0,73a51090daaf16aa8d614ff285bfb6e4.param,1.0,0.0,0.0,66.885,221638566.0,1f030bd3b10356f3c23e96d1ea2ed9c1,573286.0,1.0,0.0,25.248,7,405314.0,0.0,1827053.0,6318.0,6.755,14022.0,6318.0,-1.0,22468.0,0.0,1014603.0,27621.0,221638566.0,29.0,17.199,23.954,0.94,1841077.0,False
300.0,73a51090daaf16aa8d614ff285bfb6e4.param,2.0,0.0,0.0,67.253,221638566.0,1f030bd3b10356f3c23e96d1ea2ed9c1,573286.0,1.0,0.0,24.471999999999998,7,405314.0,0.0,1827053.0,6318.0,6.7520000000000024,14022.0,6318.0,-1.0,22468.0,0.0,1014603.0,27621.0,221638566.0,29.0,16.713,23.465,0.94,1841077.0,False
300.0,21ba7bf1bed51e1d4137a5d2b4095413.param,0.0,0.0,0.0,40.887,753387864.0,9cccaa3a9aef8053473db18257956058,50654.0,1.0,0.0,5.848,7,13729.0,0.0,1129933.0,4732.0,4.062,10050.0,4732.0,-1.0,7596.0,0.0,445334.0,19811.0,753387864.0,21.0,1.147,5.209,0.63,1139985.0,False
300.0,21ba7bf1bed51e1d4137a5d2b4095413.param,1.0,0.0,0.0,42.451,753387864.0,9cccaa3a9aef8053473db18257956058,50654.0,1.0,0.0,5.9979999999999976,7,13729.0,0.0,1129933.0,4732.0,4.165,10050.0,4732.0,-1.0,7596.0,0.0,445334.0,19811.0,753387864.0,21.0,1.172,5.3370000000000015,0.63,1139985.0,False
300.0,21ba7bf1bed51e1d4137a5d2b4095413.param,2.0,0.0,0.0,41.218,753387864.0,9cccaa3a9aef8053473db18257956058,50654.0,1.0,0.0,5.886,7,13729.0,0.0,1129933.0,4732.0,4.099,10050.0,4732.0,-1.0,7596.0,0.0,445334.0,19811.0,753387864.0,21.0,1.153,5.252000000000002,0.63,1139985.0,False
300.0,37f39e77e4ab35860e338849791d985b.param,0.0,0.0,0.0,52.28100000000001,1057470620.0,33b8cbeda784d576df1fed3078d21d34,604578.0,1.0,0.0,41.74800000000001,7,402699.0,0.0,1417226.0,11296.0,5.1339999999999995,9272.0,11296.0,-1.0,25895.0,0.0,1236777.0,18143.0,1057470620.0,40.0,35.842,40.976000000000006,0.63,1426500.0,False
300.0,37f39e77e4ab35860e338849791d985b.param,1.0,0.0,0.0,53.556999999999995,1057470620.0,33b8cbeda784d576df1fed3078d21d34,604578.0,1.0,0.0,42.21100000000001,7,402699.0,0.0,1417226.0,11296.0,5.148,9272.0,11296.0,-1.0,25895.0,0.0,1236777.0,18143.0,1057470620.0,40.0,36.004,41.152,0.63,1426500.0,False
300.0,37f39e77e4ab35860e338849791d985b.param,2.0,0.0,0.0,57.723,1057470620.0,33b8cbeda784d576df1fed3078d21d34,604578.0,1.0,0.0,42.717,7,402699.0,0.0,1417226.0,11296.0,5.187,9272.0,11296.0,-1.0,25895.0,0.0,1236777.0,18143.0,1057470620.0,40.0,36.512,41.699,0.63,1426500.0,False
300.0,4ee13ffb8d0ec1ceaf1bb37447281f58.param,0.0,0.0,0.0,23.866,506016928.0,50f69b3bf447cdc780efebd082bafde1,117570.0,1.0,0.0,5.348,7,87430.0,0.0,665466.0,4119.0,2.6060000000000003,6536.0,4119.0,-1.0,6042.0,0.0,439816.0,12779.0,506016928.0,17.0,2.248,4.854,0.42,672004.0,False
300.0,4ee13ffb8d0ec1ceaf1bb37447281f58.param,1.0,0.0,0.0,24.369,506016928.0,50f69b3bf447cdc780efebd082bafde1,117570.0,1.0,0.0,4.9,7,87430.0,0.0,665466.0,4119.0,2.376,6536.0,4119.0,-1.0,6042.0,0.0,439816.0,12779.0,506016928.0,17.0,2.137,4.513,0.42,672004.0,False
300.0,4ee13ffb8d0ec1ceaf1bb37447281f58.param,2.0,0.0,0.0,27.054000000000002,506016928.0,50f69b3bf447cdc780efebd082bafde1,117570.0,1.0,0.0,5.186,7,87430.0,0.0,665466.0,4119.0,2.3930000000000002,6536.0,4119.0,-1.0,6042.0,0.0,439816.0,12779.0,506016928.0,17.0,2.272,4.665,0.42,672004.0,False
300.0,62e2738034d51eb1ca2518ead10bb1b8.param,0.0,0.0,0.0,13.357999999999999,270657042.0,4fd369fe34e41e8796aafde2b76104b9,42521.0,1.0,0.0,2.792,7,15009.0,0.0,324490.0,4795.0,1.15,2812.0,4795.0,-1.0,4556.0,0.0,401961.0,5386.0,270657042.0,21.0,1.419,2.569,0.19,327304.0,False
300.0,62e2738034d51eb1ca2518ead10bb1b8.param,1.0,0.0,0.0,13.494000000000002,270657042.0,4fd369fe34e41e8796aafde2b76104b9,42521.0,1.0,0.0,2.8089999999999997,7,15009.0,0.0,324490.0,4795.0,1.198,2812.0,4795.0,-1.0,4556.0,0.0,401961.0,5386.0,270657042.0,21.0,1.403,2.6010000000000004,0.19,327304.0,False
300.0,62e2738034d51eb1ca2518ead10bb1b8.param,2.0,0.0,0.0,12.934000000000001,270657042.0,4fd369fe34e41e8796aafde2b76104b9,42521.0,1.0,0.0,2.832,7,15009.0,0.0,324490.0,4795.0,1.138,2812.0,4795.0,-1.0,4556.0,0.0,401961.0,5386.0,270657042.0,21.0,1.473,2.611,0.19,327304.0,False
300.0,c1fde8776f334c859cdb281cb0bed488.param,0.0,0.0,0.0,11.772,506016928.0,3eb7d0179a6d79f79231227d5fd605fd,36655.0,1.0,0.0,3.016,7,14233.0,0.0,299273.0,4150.0,1.052,2856.0,4150.0,-1.0,6151.0,0.0,332050.0,5446.0,506016928.0,17.0,1.765,2.8169999999999997,0.19,302131.0,False
300.0,c1fde8776f334c859cdb281cb0bed488.param,1.0,0.0,0.0,11.944,506016928.0,3eb7d0179a6d79f79231227d5fd605fd,36655.0,1.0,0.0,2.924,7,14233.0,0.0,299273.0,4150.0,1.032,2856.0,4150.0,-1.0,6151.0,0.0,332050.0,5446.0,506016928.0,17.0,1.706,2.738,0.19,302131.0,False
300.0,c1fde8776f334c859cdb281cb0bed488.param,2.0,0.0,0.0,11.899000000000001,506016928.0,3eb7d0179a6d79f79231227d5fd605fd,36655.0,1.0,0.0,2.891,7,14233.0,0.0,299273.0,4150.0,1.0070000000000001,2856.0,4150.0,-1.0,6151.0,0.0,332050.0,5446.0,506016928.0,17.0,1.695,2.702,0.19,302131.0,False
300.0,f2209196093db16c0e1ccffc86fe7af3.param,0.0,0.0,0.0,41.26,1242281828.0,a84d6e49ed6477b3f22eece89450da24,50939.0,1.0,0.0,8.184,7,6273.0,0.0,1134363.0,4633.0,4.124,10366.0,4633.0,-1.0,7110.0,0.0,421809.0,20445.0,1242281828.0,20.0,3.415,7.539,0.63,1144731.0,False
300.0,f2209196093db16c0e1ccffc86fe7af3.param,1.0,0.0,0.0,41.40600000000001,1242281828.0,a84d6e49ed6477b3f22eece89450da24,50939.0,1.0,0.0,8.32,7,6273.0,0.0,1134363.0,4633.0,4.087,10366.0,4633.0,-1.0,7110.0,0.0,421809.0,20445.0,1242281828.0,20.0,3.571,7.657999999999999,0.63,1144731.0,False
300.0,f2209196093db16c0e1ccffc86fe7af3.param,2.0,0.0,0.0,43.864,1242281828.0,a84d6e49ed6477b3f22eece89450da24,50939.0,1.0,0.0,8.126,7,6273.0,0.0,1134363.0,4633.0,4.136,10366.0,4633.0,-1.0,7110.0,0.0,421809.0,20445.0,1242281828.0,20.0,3.387,7.523,0.63,1144731.0,False
300.0,ba49f12ab41d4271c475e4948758589d.param,0.0,0.0,0.0,21.568,83966730.0,fadf6fbe646adb0abcc699ba21279b54,39785.0,1.0,0.0,4.247,7,8530.0,0.0,558824.0,4177.0,1.965,5328.0,4177.0,-1.0,6152.0,0.0,345856.0,10401.0,83966730.0,17.0,1.953,3.918,0.28,564154.0,False
300.0,ba49f12ab41d4271c475e4948758589d.param,1.0,0.0,0.0,22.057,83966730.0,fadf6fbe646adb0abcc699ba21279b54,39785.0,1.0,0.0,4.364,7,8530.0,0.0,558824.0,4177.0,2.0269999999999997,5328.0,4177.0,-1.0,6152.0,0.0,345856.0,10401.0,83966730.0,17.0,2.0,4.027,0.28,564154.0,False
300.0,ba49f12ab41d4271c475e4948758589d.param,2.0,0.0,0.0,21.185,83966730.0,fadf6fbe646adb0abcc699ba21279b54,39785.0,1.0,0.0,4.244,7,8530.0,0.0,558824.0,4177.0,1.969,5328.0,4177.0,-1.0,6152.0,0.0,345856.0,10401.0,83966730.0,17.0,1.9469999999999998,3.9160000000000004,0.28,564154.0,False
300.0,c0cc3cb80752c8cae8a567aa7598d4aa.param,0.0,0.0,0.0,44.425,506016928.0,f63256fc4804755fc7120fabd50ca021,165121.0,1.0,0.0,14.573,7,49587.0,0.0,1196153.0,6201.0,4.3660000000000005,9504.0,6201.0,-1.0,17441.0,0.0,695426.0,18666.0,506016928.0,28.0,9.538,13.904000000000002,0.63,1205659.0,False
300.0,c0cc3cb80752c8cae8a567aa7598d4aa.param,1.0,0.0,0.0,41.952,506016928.0,f63256fc4804755fc7120fabd50ca021,165121.0,1.0,0.0,14.795,7,49587.0,0.0,1196153.0,6201.0,4.252,9504.0,6201.0,-1.0,17441.0,0.0,695426.0,18666.0,506016928.0,28.0,9.65,13.902000000000001,0.63,1205659.0,False
300.0,c0cc3cb80752c8cae8a567aa7598d4aa.param,2.0,0.0,0.0,43.113,506016928.0,f63256fc4804755fc7120fabd50ca021,165121.0,1.0,0.0,14.509,7,49587.0,0.0,1196153.0,6201.0,4.3389999999999995,9504.0,6201.0,-1.0,17441.0,0.0,695426.0,18666.0,506016928.0,28.0,9.509,13.847999999999999,0.63,1205659.0,False
300.0,4fb489f83300339f94af01b969c1f325.param,0.0,0.0,0.0,46.025,1098776393.0,b9dfa196651d78b229746ba27e39f49d,557159.0,1.0,0.0,27.93,7,379179.0,0.0,1303651.0,11201.0,4.716,8610.0,11201.0,-1.0,22751.0,0.0,1324000.0,16867.0,1098776393.0,40.0,22.465999999999998,27.182,0.63,1312263.0,False
300.0,4fb489f83300339f94af01b969c1f325.param,1.0,0.0,0.0,45.802,1098776393.0,b9dfa196651d78b229746ba27e39f49d,557159.0,1.0,0.0,28.215,7,379179.0,0.0,1303651.0,11201.0,4.678,8610.0,11201.0,-1.0,22751.0,0.0,1324000.0,16867.0,1098776393.0,40.0,22.57800000000001,27.256,0.63,1312263.0,False
300.0,4fb489f83300339f94af01b969c1f325.param,2.0,0.0,0.0,46.004,1098776393.0,b9dfa196651d78b229746ba27e39f49d,557159.0,1.0,0.0,27.815,7,379179.0,0.0,1303651.0,11201.0,4.675,8610.0,11201.0,-1.0,22751.0,0.0,1324000.0,16867.0,1098776393.0,40.0,22.397,27.072,0.63,1312263.0,False
300.0,876c6467204e8ca8aabecbfbd3b45139.param,0.0,0.0,0.0,53.552,1257636424.0,9ef519512deba8d6aed73314371d9cda,886195.0,1.0,0.0,22.396,7,721274.0,0.0,1450518.0,6281.0,5.2360000000000015,11264.0,6281.0,-1.0,20945.0,0.0,1111706.0,22103.0,1257636424.0,28.0,16.395,21.631,0.63,1461784.0,False
300.0,876c6467204e8ca8aabecbfbd3b45139.param,1.0,0.0,0.0,54.713,1257636424.0,9ef519512deba8d6aed73314371d9cda,886195.0,1.0,0.0,23.125999999999998,7,721274.0,0.0,1450518.0,6281.0,5.2360000000000015,11264.0,6281.0,-1.0,20945.0,0.0,1111706.0,22103.0,1257636424.0,28.0,17.05,22.285999999999998,0.63,1461784.0,False
300.0,876c6467204e8ca8aabecbfbd3b45139.param,2.0,0.0,0.0,53.059,1257636424.0,9ef519512deba8d6aed73314371d9cda,886195.0,1.0,0.0,22.967,7,721274.0,0.0,1450518.0,6281.0,5.294,11264.0,6281.0,-1.0,20945.0,0.0,1111706.0,22103.0,1257636424.0,28.0,16.855,22.149,0.63,1461784.0,False
300.0,10049dd55bf99f7dbc88dc007745262f.param,0.0,0.0,0.0,10.014,254168822.0,7f182bd5a3ff43bacc9bacf808b762ca,137161.0,1.0,0.0,5.76,7,74961.0,0.0,244655.0,6202.0,0.898,1944.0,6202.0,-1.0,7144.0,0.0,569471.0,3636.0,254168822.0,28.0,4.707,5.605,0.19,246601.0,False
300.0,10049dd55bf99f7dbc88dc007745262f.param,1.0,0.0,0.0,10.68,254168822.0,7f182bd5a3ff43bacc9bacf808b762ca,137161.0,1.0,0.0,5.686,7,74961.0,0.0,244655.0,6202.0,0.8390000000000001,1944.0,6202.0,-1.0,7144.0,0.0,569471.0,3636.0,254168822.0,28.0,4.6819999999999995,5.521,0.19,246601.0,False
300.0,10049dd55bf99f7dbc88dc007745262f.param,2.0,0.0,0.0,10.062999999999999,254168822.0,7f182bd5a3ff43bacc9bacf808b762ca,137161.0,1.0,0.0,5.78,7,74961.0,0.0,244655.0,6202.0,0.8370000000000001,1944.0,6202.0,-1.0,7144.0,0.0,569471.0,3636.0,254168822.0,28.0,4.774,5.6110000000000015,0.19,246601.0,False
300.0,222abd76a7db47e3d5cbf580e108b101.param,0.0,0.0,0.0,46.498999999999995,1802391418.0,a349cbbcc41292a6fcd0b425c51d9f07,155904.0,1.0,0.0,11.265,7,54672.0,0.0,1271220.0,6277.0,4.56,9976.0,6277.0,-1.0,15627.0,0.0,654342.0,19639.0,1802391418.0,28.0,5.989,10.549000000000001,0.63,1281198.0,False
300.0,222abd76a7db47e3d5cbf580e108b101.param,1.0,0.0,0.0,45.978,1802391418.0,a349cbbcc41292a6fcd0b425c51d9f07,155904.0,1.0,0.0,11.255,7,54672.0,0.0,1271220.0,6277.0,4.593999999999999,9976.0,6277.0,-1.0,15627.0,0.0,654342.0,19639.0,1802391418.0,28.0,5.96,10.554,0.63,1281198.0,False
300.0,222abd76a7db47e3d5cbf580e108b101.param,2.0,0.0,0.0,48.61,1802391418.0,a349cbbcc41292a6fcd0b425c51d9f07,155904.0,1.0,0.0,11.515999999999998,7,54672.0,0.0,1271220.0,6277.0,4.546,9976.0,6277.0,-1.0,15627.0,0.0,654342.0,19639.0,1802391418.0,28.0,6.0,10.546,0.63,1281198.0,False
300.0,d8b978c6119710e61692eb0c8ed59509.param,0.0,0.0,0.0,37.368,1571287961.0,cca182e3340439026b22c167fbce16eb,428579.0,1.0,0.0,48.187,7,233192.0,0.0,1060587.0,9602.0,3.7760000000000002,7956.0,9602.0,-1.0,23784.0,0.0,989616.0,15530.0,1571287961.0,32.0,43.593999999999994,47.37,0.63,1068545.0,False
300.0,d8b978c6119710e61692eb0c8ed59509.param,1.0,0.0,0.0,41.972,1571287961.0,cca182e3340439026b22c167fbce16eb,428579.0,1.0,0.0,48.703,7,233192.0,0.0,1060587.0,9602.0,3.819,7956.0,9602.0,-1.0,23784.0,0.0,989616.0,15530.0,1571287961.0,32.0,44.045,47.864,0.63,1068545.0,False
300.0,d8b978c6119710e61692eb0c8ed59509.param,2.0,0.0,0.0,40.281,1571287961.0,cca182e3340439026b22c167fbce16eb,428579.0,1.0,0.0,48.17100000000001,7,233192.0,0.0,1060587.0,9602.0,3.818,7956.0,9602.0,-1.0,23784.0,0.0,989616.0,15530.0,1571287961.0,32.0,43.765,47.583,0.63,1068545.0,False
300.0,f019c54ca541e1449e1424c6aa46d35e.param,0.0,0.0,0.0,5.039,95956545.0,f81da49fb80c453257ad34a54f01de74,325465.0,1.0,0.0,10.404000000000002,16,256354.0,0.0,110972.0,9638.0,0.384,777.0,9638.0,-1.0,8634.0,0.0,1292255.0,1161.0,95956545.0,32.0,9.902999999999999,10.287,0.28,111751.0,False
300.0,f019c54ca541e1449e1424c6aa46d35e.param,1.0,0.0,0.0,4.997,95956545.0,f81da49fb80c453257ad34a54f01de74,325465.0,1.0,0.0,9.964,16,256354.0,0.0,110972.0,9638.0,0.3670000000000001,777.0,9638.0,-1.0,8634.0,0.0,1292255.0,1161.0,95956545.0,32.0,9.492,9.859,0.28,111751.0,False
300.0,f019c54ca541e1449e1424c6aa46d35e.param,2.0,0.0,0.0,5.069,95956545.0,f81da49fb80c453257ad34a54f01de74,325465.0,1.0,0.0,10.068,16,256354.0,0.0,110972.0,9638.0,0.3720000000000001,777.0,9638.0,-1.0,8634.0,0.0,1292255.0,1161.0,95956545.0,32.0,9.593,9.965,0.28,111751.0,False
300.0,fc2d899db36a3003ebbcd92cad9223b0.param,0.0,0.0,0.0,23.079,1923385776.0,45347372f9a3a2b8cf4647d3e25473e1,268618.0,1.0,0.0,8.27,7,161067.0,0.0,596698.0,6354.0,2.075,4576.0,6354.0,-1.0,14846.0,0.0,741399.0,8865.0,1923385776.0,29.0,5.846,7.921,0.42,601276.0,False
300.0,fc2d899db36a3003ebbcd92cad9223b0.param,1.0,0.0,0.0,22.89,1923385776.0,45347372f9a3a2b8cf4647d3e25473e1,268618.0,1.0,0.0,8.218,7,161067.0,0.0,596698.0,6354.0,2.1,4576.0,6354.0,-1.0,14846.0,0.0,741399.0,8865.0,1923385776.0,29.0,5.7520000000000024,7.852,0.42,601276.0,False
300.0,fc2d899db36a3003ebbcd92cad9223b0.param,2.0,0.0,0.0,23.92,1923385776.0,45347372f9a3a2b8cf4647d3e25473e1,268618.0,1.0,0.0,8.621,7,161067.0,0.0,596698.0,6354.0,2.266,4576.0,6354.0,-1.0,14846.0,0.0,741399.0,8865.0,1923385776.0,29.0,5.965,8.231,0.42,601276.0,False
300.0,94211d2a9b412d1df1f93eb8fa322afa.param,0.0,0.0,0.0,11.558,270657042.0,e98fabea37e3c547de161895c622bf3d,122065.0,1.0,0.0,6.251,16,58504.0,0.0,287981.0,6359.0,1.026,2196.0,6359.0,-1.0,10661.0,0.0,708001.0,4086.0,270657042.0,29.0,5.05,6.0760000000000005,0.28,290179.0,False
300.0,94211d2a9b412d1df1f93eb8fa322afa.param,1.0,0.0,0.0,11.824000000000002,270657042.0,e98fabea37e3c547de161895c622bf3d,122065.0,1.0,0.0,6.187,16,58504.0,0.0,287981.0,6359.0,1.1179999999999999,2196.0,6359.0,-1.0,10661.0,0.0,708001.0,4086.0,270657042.0,29.0,4.879,5.997000000000001,0.28,290179.0,False
300.0,94211d2a9b412d1df1f93eb8fa322afa.param,2.0,0.0,0.0,12.561,270657042.0,e98fabea37e3c547de161895c622bf3d,122065.0,1.0,0.0,5.975,16,58504.0,0.0,287981.0,6359.0,0.988,2196.0,6359.0,-1.0,10661.0,0.0,708001.0,4086.0,270657042.0,29.0,4.803999999999999,5.7920000000000025,0.28,290179.0,False
300.0,867c000858982af2c7444466a304af04.param,0.0,0.0,0.0,44.92100000000001,1057470620.0,9f0c6b66f0a2c4b16d4586c7f0d5cf1f,47998.0,1.0,0.0,6.432,7,10529.0,0.0,1197734.0,4795.0,4.2589999999999995,10388.0,4795.0,-1.0,10369.0,0.0,575693.0,20412.0,1057470620.0,21.0,1.5119999999999998,5.771,0.63,1208124.0,False
300.0,867c000858982af2c7444466a304af04.param,1.0,0.0,0.0,43.685,1057470620.0,9f0c6b66f0a2c4b16d4586c7f0d5cf1f,47998.0,1.0,0.0,6.535,7,10529.0,0.0,1197734.0,4795.0,4.289,10388.0,4795.0,-1.0,10369.0,0.0,575693.0,20412.0,1057470620.0,21.0,1.5630000000000002,5.852,0.63,1208124.0,False
300.0,867c000858982af2c7444466a304af04.param,2.0,0.0,0.0,46.58600000000001,1057470620.0,9f0c6b66f0a2c4b16d4586c7f0d5cf1f,47998.0,1.0,0.0,6.651,7,10529.0,0.0,1197734.0,4795.0,4.436,10388.0,4795.0,-1.0,10369.0,0.0,575693.0,20412.0,1057470620.0,21.0,1.5390000000000001,5.975,0.63,1208124.0,False
300.0,f0b6a6311818b4dd8f5227b40762bd4a.param,0.0,0.0,0.0,29.389,1057470620.0,06e32fa6c681b1eebcf6413f59da484f,194540.0,1.0,0.0,7.715,7,133688.0,0.0,758679.0,4733.0,2.7089999999999996,6758.0,4733.0,-1.0,10648.0,0.0,590923.0,13161.0,1057470620.0,21.0,4.5569999999999995,7.266,0.42,765439.0,False
300.0,f0b6a6311818b4dd8f5227b40762bd4a.param,1.0,0.0,0.0,26.97300000000001,1057470620.0,06e32fa6c681b1eebcf6413f59da484f,194540.0,1.0,0.0,7.6770000000000005,7,133688.0,0.0,758679.0,4733.0,2.72,6758.0,4733.0,-1.0,10648.0,0.0,590923.0,13161.0,1057470620.0,21.0,4.529,7.249,0.42,765439.0,False
300.0,f0b6a6311818b4dd8f5227b40762bd4a.param,2.0,0.0,0.0,27.741999999999997,1057470620.0,06e32fa6c681b1eebcf6413f59da484f,194540.0,1.0,0.0,7.77,7,133688.0,0.0,758679.0,4733.0,2.716,6758.0,4733.0,-1.0,10648.0,0.0,590923.0,13161.0,1057470620.0,21.0,4.588,7.3039999999999985,0.42,765439.0,False
300.0,8fafcc4984fc93de8a9182509b2a0a65.param,0.0,0.0,0.0,60.254,1057470620.0,7f235d6104dbb02bb0c21f7970eb9d28,1039328.0,1.0,0.0,51.125,7,804660.0,0.0,1619938.0,11313.0,5.952000000000001,10496.0,11313.0,-1.0,30513.0,0.0,1746736.0,20570.0,1057470620.0,41.0,44.181999999999995,50.13399999999999,0.63,1630436.0,False
300.0,8fafcc4984fc93de8a9182509b2a0a65.param,1.0,0.0,0.0,62.132,1057470620.0,7f235d6104dbb02bb0c21f7970eb9d28,1039328.0,1.0,0.0,51.34,7,804660.0,0.0,1619938.0,11313.0,5.994,10496.0,11313.0,-1.0,30513.0,0.0,1746736.0,20570.0,1057470620.0,41.0,44.42100000000001,50.415,0.63,1630436.0,False
300.0,8fafcc4984fc93de8a9182509b2a0a65.param,2.0,0.0,0.0,57.463,1057470620.0,7f235d6104dbb02bb0c21f7970eb9d28,1039328.0,1.0,0.0,50.975,7,804660.0,0.0,1619938.0,11313.0,5.827000000000001,10496.0,11313.0,-1.0,30513.0,0.0,1746736.0,20570.0,1057470620.0,41.0,44.18600000000001,50.01300000000001,0.63,1630436.0,False
300.0,d0bc402d6d4e2f421314981899e705da.param,0.0,0.0,0.0,50.715,1057470620.0,2cc7811580e68816e7c6ad2aa091ea03,366415.0,1.0,0.0,22.811999999999998,7,203893.0,0.0,1429534.0,9601.0,5.138999999999999,10600.0,9601.0,-1.0,17301.0,0.0,902634.0,20835.0,1057470620.0,32.0,16.865,22.004,0.63,1440136.0,False
300.0,d0bc402d6d4e2f421314981899e705da.param,1.0,0.0,0.0,54.398,1057470620.0,2cc7811580e68816e7c6ad2aa091ea03,366415.0,1.0,0.0,22.927,7,203893.0,0.0,1429534.0,9601.0,5.3020000000000005,10600.0,9601.0,-1.0,17301.0,0.0,902634.0,20835.0,1057470620.0,32.0,16.795,22.096999999999998,0.63,1440136.0,False
300.0,d0bc402d6d4e2f421314981899e705da.param,2.0,0.0,0.0,54.753,1057470620.0,2cc7811580e68816e7c6ad2aa091ea03,366415.0,1.0,0.0,22.892,7,203893.0,0.0,1429534.0,9601.0,5.222,10600.0,9601.0,-1.0,17301.0,0.0,902634.0,20835.0,1057470620.0,32.0,16.857,22.079,0.63,1440136.0,False
300.0,d62c2a52625c21dd4bc4370bcd02db43.param,0.0,0.0,0.0,39.558,554543104.0,a14719eecafc7609f413376aefb8ee61,610886.0,1.0,0.0,23.199,7,439566.0,0.0,1090145.0,11248.0,3.9419999999999997,7128.0,11248.0,-1.0,16679.0,0.0,1259489.0,13926.0,554543104.0,40.0,18.646,22.588,0.42,1097275.0,False
300.0,d62c2a52625c21dd4bc4370bcd02db43.param,1.0,0.0,0.0,41.431000000000004,554543104.0,a14719eecafc7609f413376aefb8ee61,610886.0,1.0,0.0,23.285999999999998,7,439566.0,0.0,1090145.0,11248.0,4.006,7128.0,11248.0,-1.0,16679.0,0.0,1259489.0,13926.0,554543104.0,40.0,18.619,22.625,0.42,1097275.0,False
300.0,d62c2a52625c21dd4bc4370bcd02db43.param,2.0,0.0,0.0,42.29,554543104.0,a14719eecafc7609f413376aefb8ee61,610886.0,1.0,0.0,23.868000000000002,7,439566.0,0.0,1090145.0,11248.0,3.9619999999999997,7128.0,11248.0,-1.0,16679.0,0.0,1259489.0,13926.0,554543104.0,40.0,19.105,23.066999999999997,0.42,1097275.0,False
300.0,d52ad8a9dee13cb147c0b0d6d29d8a1a.param,0.0,0.0,0.0,14.56,1257636424.0,6e19d92d498ddaa5e8bc547d48c6624c,230915.0,1.0,0.0,5.598,16,163570.0,0.0,334565.0,6203.0,1.148,2580.0,6203.0,-1.0,11391.0,0.0,761458.0,4806.0,1257636424.0,28.0,4.223,5.371,0.28,337147.0,False
300.0,d52ad8a9dee13cb147c0b0d6d29d8a1a.param,1.0,0.0,0.0,13.489,1257636424.0,6e19d92d498ddaa5e8bc547d48c6624c,230915.0,1.0,0.0,5.537000000000001,16,163570.0,0.0,334565.0,6203.0,1.2429999999999999,2580.0,6203.0,-1.0,11391.0,0.0,761458.0,4806.0,1257636424.0,28.0,4.065,5.308,0.28,337147.0,False
300.0,d52ad8a9dee13cb147c0b0d6d29d8a1a.param,2.0,0.0,0.0,13.517000000000001,1257636424.0,6e19d92d498ddaa5e8bc547d48c6624c,230915.0,1.0,0.0,5.45,16,163570.0,0.0,334565.0,6203.0,1.179,2580.0,6203.0,-1.0,11391.0,0.0,761458.0,4806.0,1257636424.0,28.0,4.051,5.23,0.28,337147.0,False
300.0,b6b46bc646920ea1298e9f12b19fab10.param,0.0,0.0,0.0,41.869,254168822.0,de17ff209187e7800ed75235d781e3f3,155683.0,1.0,0.0,11.234000000000002,7,70696.0,0.0,1142607.0,6200.0,4.132,9072.0,6200.0,-1.0,9804.0,0.0,677169.0,17848.0,254168822.0,28.0,6.265,10.397,0.63,1151681.0,False
300.0,b6b46bc646920ea1298e9f12b19fab10.param,1.0,0.0,0.0,39.91,254168822.0,de17ff209187e7800ed75235d781e3f3,155683.0,1.0,0.0,10.972999999999999,7,70696.0,0.0,1142607.0,6200.0,4.1739999999999995,9072.0,6200.0,-1.0,9804.0,0.0,677169.0,17848.0,254168822.0,28.0,6.135,10.309000000000001,0.63,1151681.0,False
300.0,b6b46bc646920ea1298e9f12b19fab10.param,2.0,0.0,0.0,42.067,254168822.0,de17ff209187e7800ed75235d781e3f3,155683.0,1.0,0.0,11.042,7,70696.0,0.0,1142607.0,6200.0,4.1739999999999995,9072.0,6200.0,-1.0,9804.0,0.0,677169.0,17848.0,254168822.0,28.0,6.234,10.408,0.63,1151681.0,False
300.0,a2bb37bd1970b7fe11a8b59cb1f3a6f3.param,0.0,0.0,0.0,32.981,1139903203.0,918a4220714c79df8447385ba98899e4,473184.0,1.0,0.0,15.347000000000001,16,318688.0,0.0,869702.0,10378.0,3.173,5829.0,10378.0,-1.0,17590.0,0.0,1085670.0,11274.0,1139903203.0,37.0,11.687000000000001,14.86,0.42,875533.0,False
300.0,a2bb37bd1970b7fe11a8b59cb1f3a6f3.param,1.0,0.0,0.0,33.836999999999996,1139903203.0,918a4220714c79df8447385ba98899e4,473184.0,1.0,0.0,15.599,16,318688.0,0.0,869702.0,10378.0,3.108,5829.0,10378.0,-1.0,17590.0,0.0,1085670.0,11274.0,1139903203.0,37.0,11.807,14.915,0.42,875533.0,False
300.0,a2bb37bd1970b7fe11a8b59cb1f3a6f3.param,2.0,0.0,0.0,31.285,1139903203.0,918a4220714c79df8447385ba98899e4,473184.0,1.0,0.0,15.565,16,318688.0,0.0,869702.0,10378.0,3.188,5829.0,10378.0,-1.0,17590.0,0.0,1085670.0,11274.0,1139903203.0,37.0,11.853,15.040999999999999,0.42,875533.0,False
300.0,44fed91bbf02c3af539328e6662bf914.param,0.0,0.0,0.0,42.702,95956545.0,d9c43aa2662ca790933d45bd47b93ca6,330212.0,1.0,0.0,16.794,7,182475.0,0.0,1120392.0,6239.0,4.067,8800.0,6239.0,-1.0,19253.0,0.0,800898.0,17233.0,95956545.0,28.0,12.050999999999998,16.118,0.63,1129194.0,False
300.0,44fed91bbf02c3af539328e6662bf914.param,1.0,0.0,0.0,39.288000000000004,95956545.0,d9c43aa2662ca790933d45bd47b93ca6,330212.0,1.0,0.0,17.149,7,182475.0,0.0,1120392.0,6239.0,4.169,8800.0,6239.0,-1.0,19253.0,0.0,800898.0,17233.0,95956545.0,28.0,12.255999999999998,16.425,0.63,1129194.0,False
300.0,44fed91bbf02c3af539328e6662bf914.param,2.0,0.0,0.0,43.808,95956545.0,d9c43aa2662ca790933d45bd47b93ca6,330212.0,1.0,0.0,16.464000000000002,7,182475.0,0.0,1120392.0,6239.0,4.0569999999999995,8800.0,6239.0,-1.0,19253.0,0.0,800898.0,17233.0,95956545.0,28.0,11.776,15.833,0.63,1129194.0,False
300.0,85b90a483e5d2ab64757532083d99628.param,0.0,0.0,0.0,55.008,1083416308.0,fe551a5893bdd265af188d5fa3d20116,248595.0,1.0,0.0,34.137,7,49781.0,0.0,1530975.0,10246.0,5.5429999999999975,10864.0,10246.0,-1.0,22705.0,0.0,939099.0,21384.0,1083416308.0,36.0,27.691,33.234,0.63,1541841.0,False
300.0,85b90a483e5d2ab64757532083d99628.param,1.0,0.0,0.0,51.287,1083416308.0,fe551a5893bdd265af188d5fa3d20116,248595.0,1.0,0.0,34.418,7,49781.0,0.0,1530975.0,10246.0,5.557,10864.0,10246.0,-1.0,22705.0,0.0,939099.0,21384.0,1083416308.0,36.0,27.743000000000002,33.3,0.63,1541841.0,False
300.0,85b90a483e5d2ab64757532083d99628.param,2.0,0.0,0.0,58.24,1083416308.0,fe551a5893bdd265af188d5fa3d20116,248595.0,1.0,0.0,34.073,7,49781.0,0.0,1530975.0,10246.0,5.54,10864.0,10246.0,-1.0,22705.0,0.0,939099.0,21384.0,1083416308.0,36.0,27.656,33.196,0.63,1541841.0,False
300.0,8b3ad6188dc92a4335827c8e01628c0f.param,0.0,0.0,0.0,30.160999999999998,182366586.0,ddfabe5b38b4b682a06594c7488b5b50,42785.0,1.0,0.0,5.28,16,5629.0,0.0,777719.0,4697.0,2.852,7056.0,4697.0,-1.0,6656.0,0.0,398755.0,13752.0,182366586.0,20.0,1.972,4.824,0.42,784777.0,False
300.0,8b3ad6188dc92a4335827c8e01628c0f.param,1.0,0.0,0.0,30.259,182366586.0,ddfabe5b38b4b682a06594c7488b5b50,42785.0,1.0,0.0,5.155,16,5629.0,0.0,777719.0,4697.0,2.778,7056.0,4697.0,-1.0,6656.0,0.0,398755.0,13752.0,182366586.0,20.0,1.9269999999999998,4.705,0.42,784777.0,False
300.0,8b3ad6188dc92a4335827c8e01628c0f.param,2.0,0.0,0.0,28.372,182366586.0,ddfabe5b38b4b682a06594c7488b5b50,42785.0,1.0,0.0,5.166,16,5629.0,0.0,777719.0,4697.0,2.755,7056.0,4697.0,-1.0,6656.0,0.0,398755.0,13752.0,182366586.0,20.0,1.9580000000000002,4.713,0.42,784777.0,False
300.0,f77193d98d97a8df35aba3d3d50b907e.param,0.0,0.0,0.0,30.724,646920589.0,54d1b70773da0a9fe869d0d032dbd219,147687.0,1.0,0.0,7.645,16,81623.0,0.0,782368.0,5742.0,2.7430000000000003,6401.0,5742.0,-1.0,10051.0,0.0,583726.0,12436.0,646920589.0,25.0,4.4460000000000015,7.189,0.42,788771.0,False
300.0,f77193d98d97a8df35aba3d3d50b907e.param,1.0,0.0,0.0,30.475,646920589.0,54d1b70773da0a9fe869d0d032dbd219,147687.0,1.0,0.0,7.657999999999999,16,81623.0,0.0,782368.0,5742.0,2.739,6401.0,5742.0,-1.0,10051.0,0.0,583726.0,12436.0,646920589.0,25.0,4.45,7.189,0.42,788771.0,False
300.0,f77193d98d97a8df35aba3d3d50b907e.param,2.0,0.0,0.0,31.21,646920589.0,54d1b70773da0a9fe869d0d032dbd219,147687.0,1.0,0.0,7.851,16,81623.0,0.0,782368.0,5742.0,2.819,6401.0,5742.0,-1.0,10051.0,0.0,583726.0,12436.0,646920589.0,25.0,4.463,7.282,0.42,788771.0,False
300.0,5fef6050cdd12ec4963b342a00b8769f.param,0.0,0.0,0.0,44.066,335975281.0,70c00a88f72471f88503a44864fa527e,141376.0,1.0,0.0,11.17,16,43749.0,0.0,1235411.0,6354.0,4.55,9308.0,6354.0,-1.0,13047.0,0.0,794988.0,18196.0,335975281.0,29.0,5.888999999999999,10.439,0.63,1244721.0,False
300.0,5fef6050cdd12ec4963b342a00b8769f.param,1.0,0.0,0.0,47.254,335975281.0,70c00a88f72471f88503a44864fa527e,141376.0,1.0,0.0,11.065999999999999,16,43749.0,0.0,1235411.0,6354.0,4.433,9308.0,6354.0,-1.0,13047.0,0.0,794988.0,18196.0,335975281.0,29.0,5.952000000000001,10.385,0.63,1244721.0,False
300.0,5fef6050cdd12ec4963b342a00b8769f.param,2.0,0.0,0.0,45.29,335975281.0,70c00a88f72471f88503a44864fa527e,141376.0,1.0,0.0,11.384,16,43749.0,0.0,1235411.0,6354.0,4.438,9308.0,6354.0,-1.0,13047.0,0.0,794988.0,18196.0,335975281.0,29.0,6.01,10.448,0.63,1244721.0,False
300.0,fece5a92f820b73659733b9639b82885.param,0.0,0.0,0.0,15.578,1242281828.0,3ce62eb7fc6596d16859fda38d950c68,578917.0,1.0,0.0,27.616999999999997,16,423261.0,0.0,385501.0,9649.0,1.3459999999999999,2750.0,9649.0,-1.0,16709.0,0.0,1196921.0,5062.0,1242281828.0,32.0,26.015,27.361,0.42,388253.0,False
300.0,fece5a92f820b73659733b9639b82885.param,1.0,0.0,0.0,16.124000000000002,1242281828.0,3ce62eb7fc6596d16859fda38d950c68,578917.0,1.0,0.0,27.144000000000002,16,423261.0,0.0,385501.0,9649.0,1.355,2750.0,9649.0,-1.0,16709.0,0.0,1196921.0,5062.0,1242281828.0,32.0,25.538,26.893,0.42,388253.0,False
300.0,fece5a92f820b73659733b9639b82885.param,2.0,0.0,0.0,15.119000000000002,1242281828.0,3ce62eb7fc6596d16859fda38d950c68,578917.0,1.0,0.0,27.235,16,423261.0,0.0,385501.0,9649.0,1.413,2750.0,9649.0,-1.0,16709.0,0.0,1196921.0,5062.0,1242281828.0,32.0,25.573,26.986,0.42,388253.0,False
300.0,b7c1926b06d5191f5f23b3654f7eea8a.param,0.0,0.0,0.0,25.93,1883039101.0,a8308bbcaf6eac9602067ab53213f2d0,34224.0,1.0,0.0,5.5889999999999995,16,5055.0,0.0,698036.0,4057.0,2.437,7105.0,4057.0,-1.0,5727.0,0.0,307300.0,13850.0,1883039101.0,16.0,2.735,5.1720000000000015,0.42,705143.0,False
300.0,b7c1926b06d5191f5f23b3654f7eea8a.param,1.0,0.0,0.0,28.017,1883039101.0,a8308bbcaf6eac9602067ab53213f2d0,34224.0,1.0,0.0,5.693,16,5055.0,0.0,698036.0,4057.0,2.458,7105.0,4057.0,-1.0,5727.0,0.0,307300.0,13850.0,1883039101.0,16.0,2.74,5.1979999999999995,0.42,705143.0,False
300.0,b7c1926b06d5191f5f23b3654f7eea8a.param,2.0,0.0,0.0,26.566999999999997,1883039101.0,a8308bbcaf6eac9602067ab53213f2d0,34224.0,1.0,0.0,5.647,16,5055.0,0.0,698036.0,4057.0,2.447,7105.0,4057.0,-1.0,5727.0,0.0,307300.0,13850.0,1883039101.0,16.0,2.763,5.21,0.42,705143.0,False
300.0,b24ff19d000a151b6659a6c65e6c35c6.param,0.0,0.0,0.0,34.348,590654055.0,8ec00e2dee94338998ce4b717ac08e06,642094.0,1.0,0.0,20.331,16,447576.0,0.0,897578.0,10244.0,3.319,6266.0,10244.0,-1.0,19491.0,0.0,826723.0,12097.0,590654055.0,36.0,16.415,19.734,0.42,903846.0,False
300.0,b24ff19d000a151b6659a6c65e6c35c6.param,1.0,0.0,0.0,35.589,590654055.0,8ec00e2dee94338998ce4b717ac08e06,642094.0,1.0,0.0,19.788,16,447576.0,0.0,897578.0,10244.0,3.187,6266.0,10244.0,-1.0,19491.0,0.0,826723.0,12097.0,590654055.0,36.0,16.051,19.238,0.42,903846.0,False
300.0,b24ff19d000a151b6659a6c65e6c35c6.param,2.0,0.0,0.0,36.052,590654055.0,8ec00e2dee94338998ce4b717ac08e06,642094.0,1.0,0.0,19.762,16,447576.0,0.0,897578.0,10244.0,3.181,6266.0,10244.0,-1.0,19491.0,0.0,826723.0,12097.0,590654055.0,36.0,16.062,19.243,0.42,903846.0,False
300.0,e5fa51f4b48f9d73b966b1eb0389e73c.param,0.0,0.0,0.0,80.595,2136253402.0,58ba53c7b85165c5e0fde77719f84d13,801828.0,1.0,0.0,28.087,7,588114.0,0.0,2181113.0,11341.0,7.909,14124.0,11341.0,-1.0,18240.0,0.0,1440815.0,27864.0,2136253402.0,41.0,18.962,26.871,0.94,2195239.0,False
300.0,e5fa51f4b48f9d73b966b1eb0389e73c.param,1.0,0.0,0.0,79.472,2136253402.0,58ba53c7b85165c5e0fde77719f84d13,801828.0,1.0,0.0,28.296999999999997,7,588114.0,0.0,2181113.0,11341.0,7.992000000000001,14124.0,11341.0,-1.0,18240.0,0.0,1440815.0,27864.0,2136253402.0,41.0,19.147000000000002,27.139,0.94,2195239.0,False
300.0,e5fa51f4b48f9d73b966b1eb0389e73c.param,2.0,0.0,0.0,79.631,2136253402.0,58ba53c7b85165c5e0fde77719f84d13,801828.0,1.0,0.0,28.660999999999998,7,588114.0,0.0,2181113.0,11341.0,7.943,14124.0,11341.0,-1.0,18240.0,0.0,1440815.0,27864.0,2136253402.0,41.0,19.467,27.41,0.94,2195239.0,False
300.0,3202e56149cbd27d0de3bdbd879f81e3.param,0.0,0.0,0.0,13.300999999999998,83966730.0,4eb35a7233a7b6186fd80b6d5f2be735,102441.0,1.0,0.0,3.612,16,56802.0,0.0,306949.0,5706.0,1.0490000000000002,2544.0,5706.0,-1.0,7702.0,0.0,503108.0,4806.0,83966730.0,25.0,2.355,3.404,0.19,309495.0,False
300.0,3202e56149cbd27d0de3bdbd879f81e3.param,1.0,0.0,0.0,12.232000000000001,83966730.0,4eb35a7233a7b6186fd80b6d5f2be735,102441.0,1.0,0.0,3.6180000000000003,16,56802.0,0.0,306949.0,5706.0,1.054,2544.0,5706.0,-1.0,7702.0,0.0,503108.0,4806.0,83966730.0,25.0,2.359,3.4130000000000003,0.19,309495.0,False
300.0,3202e56149cbd27d0de3bdbd879f81e3.param,2.0,0.0,0.0,13.005999999999998,83966730.0,4eb35a7233a7b6186fd80b6d5f2be735,102441.0,1.0,0.0,3.611,16,56802.0,0.0,306949.0,5706.0,1.061,2544.0,5706.0,-1.0,7702.0,0.0,503108.0,4806.0,83966730.0,25.0,2.35,3.411,0.19,309495.0,False
300.0,f96e501784f98c21890b02a2712e89bd.param,0.0,0.0,0.0,41.375,590654055.0,6c41ad837b8de2e867fd51f29845ee51,424172.0,1.0,0.0,13.390999999999998,16,320519.0,0.0,1160774.0,6355.0,4.209,8844.0,6355.0,-1.0,12899.0,0.0,822353.0,17259.0,590654055.0,29.0,8.513,12.722000000000001,0.63,1169620.0,False
300.0,f96e501784f98c21890b02a2712e89bd.param,1.0,0.0,0.0,41.101000000000006,590654055.0,6c41ad837b8de2e867fd51f29845ee51,424172.0,1.0,0.0,13.46,16,320519.0,0.0,1160774.0,6355.0,4.178999999999999,8844.0,6355.0,-1.0,12899.0,0.0,822353.0,17259.0,590654055.0,29.0,8.651,12.83,0.63,1169620.0,False
300.0,f96e501784f98c21890b02a2712e89bd.param,2.0,0.0,0.0,41.038000000000004,590654055.0,6c41ad837b8de2e867fd51f29845ee51,424172.0,1.0,0.0,13.585,16,320519.0,0.0,1160774.0,6355.0,4.272,8844.0,6355.0,-1.0,12899.0,0.0,822353.0,17259.0,590654055.0,29.0,8.612,12.884,0.63,1169620.0,False
300.0,a41351309b1ab4b5310538c23b8dec0e.param,0.0,0.0,0.0,57.486000000000004,1234135464.0,6818c148f20d3602c6904d8442835bbd,1325040.0,1.0,0.0,22.748,16,1159624.0,0.0,1501349.0,10202.0,5.575,10704.0,10202.0,-1.0,20890.0,0.0,1466376.0,20934.0,1234135464.0,36.0,16.118,21.693,0.63,1512055.0,False
300.0,a41351309b1ab4b5310538c23b8dec0e.param,1.0,0.0,0.0,56.299,1234135464.0,6818c148f20d3602c6904d8442835bbd,1325040.0,1.0,0.0,22.155,16,1159624.0,0.0,1501349.0,10202.0,5.454,10704.0,10202.0,-1.0,20890.0,0.0,1466376.0,20934.0,1234135464.0,36.0,15.81,21.264,0.63,1512055.0,False
300.0,a41351309b1ab4b5310538c23b8dec0e.param,2.0,0.0,0.0,57.068999999999996,1234135464.0,6818c148f20d3602c6904d8442835bbd,1325040.0,1.0,0.0,22.903000000000002,16,1159624.0,0.0,1501349.0,10202.0,5.624,10704.0,10202.0,-1.0,20890.0,0.0,1466376.0,20934.0,1234135464.0,36.0,16.343,21.967,0.63,1512055.0,False
300.0,3df40218b019eea866b53a1349c0d0e2.param,0.0,0.0,0.0,17.197,1145031130.0,782091ebe9820d7b9a36893845a70a79,183126.0,0.0,0.0,18.542,16,99100.0,0.0,24875.0,74582.0,0.209,450.0,74582.0,-1.0,1126.0,0.0,1189706.0,774.0,1145031130.0,198.0,18.268,18.477,0.02,25327.0,False
300.0,3df40218b019eea866b53a1349c0d0e2.param,1.0,0.0,0.0,17.298,1145031130.0,782091ebe9820d7b9a36893845a70a79,183126.0,0.0,0.0,18.555999999999997,16,99100.0,0.0,24875.0,74582.0,0.204,450.0,74582.0,-1.0,1126.0,0.0,1189706.0,774.0,1145031130.0,198.0,18.282,18.486,0.02,25327.0,False
300.0,3df40218b019eea866b53a1349c0d0e2.param,2.0,0.0,0.0,16.323,1145031130.0,782091ebe9820d7b9a36893845a70a79,183126.0,0.0,0.0,18.627,16,99100.0,0.0,24875.0,74582.0,0.221,450.0,74582.0,-1.0,1126.0,0.0,1189706.0,774.0,1145031130.0,198.0,18.333,18.554000000000002,0.02,25327.0,False
300.0,ebfb38d0b486754d6704faf1ad393db8.param,0.0,0.0,0.0,20.514,1234135464.0,87112391ec645a0a5d62f0fcfdcad2ff,344052.0,1.0,0.0,13.921,16,249444.0,0.0,521414.0,9683.0,1.8769999999999998,3801.0,9683.0,-1.0,11577.0,0.0,796113.0,7272.0,1234135464.0,32.0,11.722000000000001,13.599,0.28,525217.0,False
300.0,ebfb38d0b486754d6704faf1ad393db8.param,1.0,0.0,0.0,20.974,1234135464.0,87112391ec645a0a5d62f0fcfdcad2ff,344052.0,1.0,0.0,13.923,16,249444.0,0.0,521414.0,9683.0,1.848,3801.0,9683.0,-1.0,11577.0,0.0,796113.0,7272.0,1234135464.0,32.0,11.758,13.606,0.28,525217.0,False
300.0,ebfb38d0b486754d6704faf1ad393db8.param,2.0,0.0,0.0,19.996,1234135464.0,87112391ec645a0a5d62f0fcfdcad2ff,344052.0,1.0,0.0,14.049000000000001,16,249444.0,0.0,521414.0,9683.0,1.861,3801.0,9683.0,-1.0,11577.0,0.0,796113.0,7272.0,1234135464.0,32.0,11.818,13.679,0.28,525217.0,False
300.0,ff29c8f9c07b239fedaec27dbf4ce49d.param,0.0,0.0,0.0,26.436999999999998,34754393.0,f3d1d4ca883c371ba7d63d483205b752,738066.0,1.0,0.0,18.517,16,577636.0,0.0,705458.0,9689.0,2.511,5140.0,9689.0,-1.0,20692.0,0.0,1154345.0,9839.0,34754393.0,32.0,15.597999999999999,18.109,0.63,710600.0,False
300.0,ff29c8f9c07b239fedaec27dbf4ce49d.param,1.0,0.0,0.0,27.747,34754393.0,f3d1d4ca883c371ba7d63d483205b752,738066.0,1.0,0.0,18.941,16,577636.0,0.0,705458.0,9689.0,2.542,5140.0,9689.0,-1.0,20692.0,0.0,1154345.0,9839.0,34754393.0,32.0,15.963,18.505,0.63,710600.0,False
300.0,ff29c8f9c07b239fedaec27dbf4ce49d.param,2.0,0.0,0.0,27.436999999999998,34754393.0,f3d1d4ca883c371ba7d63d483205b752,738066.0,1.0,0.0,18.692,16,577636.0,0.0,705458.0,9689.0,2.529,5140.0,9689.0,-1.0,20692.0,0.0,1154345.0,9839.0,34754393.0,32.0,15.75,18.279,0.63,710600.0,False
300.0,f8df5f5150968e8beed02c87bc2ab666.param,0.0,0.0,0.0,48.923,1258716603.0,b74008be0325cad2ec6f7245773178d7,145452.0,1.0,0.0,11.414000000000001,16,62056.0,0.0,1375341.0,6314.0,4.935,10602.0,6314.0,-1.0,11916.0,0.0,710519.0,20766.0,1258716603.0,29.0,5.704,10.639000000000001,0.63,1385945.0,False
300.0,f8df5f5150968e8beed02c87bc2ab666.param,1.0,0.0,0.0,52.261,1258716603.0,b74008be0325cad2ec6f7245773178d7,145452.0,1.0,0.0,11.52,16,62056.0,0.0,1375341.0,6314.0,4.993,10602.0,6314.0,-1.0,11916.0,0.0,710519.0,20766.0,1258716603.0,29.0,5.7479999999999976,10.741,0.63,1385945.0,False
300.0,f8df5f5150968e8beed02c87bc2ab666.param,2.0,0.0,0.0,50.833999999999996,1258716603.0,b74008be0325cad2ec6f7245773178d7,145452.0,1.0,0.0,11.622,16,62056.0,0.0,1375341.0,6314.0,5.0760000000000005,10602.0,6314.0,-1.0,11916.0,0.0,710519.0,20766.0,1258716603.0,29.0,5.774,10.85,0.63,1385945.0,False
300.0,3c59340fb353a585970ae15583e52dc2.param,0.0,0.0,0.0,56.973,1923385776.0,a57d0a5f452ca7c70598933298856b8d,117666.0,1.0,0.0,19.51,16,28935.0,0.0,1539936.0,9683.0,5.517,11222.0,9683.0,-1.0,12179.0,0.0,788807.0,21991.0,1923385776.0,32.0,13.142999999999999,18.66,0.63,1551160.0,False
300.0,3c59340fb353a585970ae15583e52dc2.param,1.0,0.0,0.0,54.824,1923385776.0,a57d0a5f452ca7c70598933298856b8d,117666.0,1.0,0.0,19.619,16,28935.0,0.0,1539936.0,9683.0,5.585,11222.0,9683.0,-1.0,12179.0,0.0,788807.0,21991.0,1923385776.0,32.0,13.17,18.755,0.63,1551160.0,False
300.0,3c59340fb353a585970ae15583e52dc2.param,2.0,0.0,0.0,55.907,1923385776.0,a57d0a5f452ca7c70598933298856b8d,117666.0,1.0,0.0,19.885,16,28935.0,0.0,1539936.0,9683.0,5.511,11222.0,9683.0,-1.0,12179.0,0.0,788807.0,21991.0,1923385776.0,32.0,13.247,18.758,0.63,1551160.0,False
300.0,411eb8af67a987b6d330a3f7c487347c.param,0.0,0.0,0.0,12.133,1083416308.0,6732a6804ca993c75d2230e00285cf0d,67307.0,1.0,0.0,2.8560000000000003,16,32151.0,0.0,317486.0,4761.0,1.089,2805.0,4761.0,-1.0,5599.0,0.0,454109.0,5316.0,1083416308.0,21.0,1.5719999999999998,2.661,0.19,320293.0,False
300.0,411eb8af67a987b6d330a3f7c487347c.param,1.0,0.0,0.0,12.585999999999999,1083416308.0,6732a6804ca993c75d2230e00285cf0d,67307.0,1.0,0.0,2.846,16,32151.0,0.0,317486.0,4761.0,1.09,2805.0,4761.0,-1.0,5599.0,0.0,454109.0,5316.0,1083416308.0,21.0,1.5490000000000002,2.639,0.19,320293.0,False
300.0,411eb8af67a987b6d330a3f7c487347c.param,2.0,0.0,0.0,12.665999999999999,1083416308.0,6732a6804ca993c75d2230e00285cf0d,67307.0,1.0,0.0,2.853,16,32151.0,0.0,317486.0,4761.0,1.095,2805.0,4761.0,-1.0,5599.0,0.0,454109.0,5316.0,1083416308.0,21.0,1.547,2.642,0.19,320293.0,False
300.0,964d1ae550e8b1567ec8e3803e14c5da.param,0.0,0.0,0.0,30.546999999999997,693280077.0,f829d6e24208c2ac23a88658b51e03b2,44195.0,1.0,0.0,6.485,16,10764.0,0.0,841538.0,4114.0,3.0069999999999997,8307.0,4114.0,-1.0,7395.0,0.0,417446.0,16182.0,693280077.0,17.0,2.998,6.005,0.42,849847.0,False
300.0,964d1ae550e8b1567ec8e3803e14c5da.param,1.0,0.0,0.0,32.586999999999996,693280077.0,f829d6e24208c2ac23a88658b51e03b2,44195.0,1.0,0.0,6.296,16,10764.0,0.0,841538.0,4114.0,2.9730000000000003,8307.0,4114.0,-1.0,7395.0,0.0,417446.0,16182.0,693280077.0,17.0,2.846,5.819,0.42,849847.0,False
300.0,964d1ae550e8b1567ec8e3803e14c5da.param,2.0,0.0,0.0,31.77,693280077.0,f829d6e24208c2ac23a88658b51e03b2,44195.0,1.0,0.0,6.551,16,10764.0,0.0,841538.0,4114.0,3.074,8307.0,4114.0,-1.0,7395.0,0.0,417446.0,16182.0,693280077.0,17.0,2.8989999999999996,5.973,0.42,849847.0,False
300.0,f48c0154c055dd2d9e427d94e5cc96fd.param,0.0,0.0,0.0,47.817,1098776393.0,708fbd1c114bc2be87fa8584d647b87c,375688.0,1.0,0.0,19.898,16,201676.0,0.0,1229664.0,11247.0,4.447,8159.0,11247.0,-1.0,14947.0,0.0,1171486.0,15901.0,1098776393.0,40.0,14.494000000000002,18.941,0.42,1237825.0,False
300.0,f48c0154c055dd2d9e427d94e5cc96fd.param,1.0,0.0,0.0,46.345,1098776393.0,708fbd1c114bc2be87fa8584d647b87c,375688.0,1.0,0.0,19.302,16,201676.0,0.0,1229664.0,11247.0,4.493,8159.0,11247.0,-1.0,14947.0,0.0,1171486.0,15901.0,1098776393.0,40.0,13.859000000000002,18.352,0.42,1237825.0,False
300.0,f48c0154c055dd2d9e427d94e5cc96fd.param,2.0,0.0,0.0,45.782,1098776393.0,708fbd1c114bc2be87fa8584d647b87c,375688.0,1.0,0.0,19.032,16,201676.0,0.0,1229664.0,11247.0,4.4319999999999995,8159.0,11247.0,-1.0,14947.0,0.0,1171486.0,15901.0,1098776393.0,40.0,13.89,18.322,0.42,1237825.0,False
300.0,9feb6f2064b86f090bb3887f069a4d0d.param,0.0,0.0,0.0,56.856,1918631718.0,ecdf08349e588a6e426d86611ea99c61,1753980.0,1.0,0.0,45.99100000000001,16,1460176.0,0.0,1588655.0,11246.0,5.747000000000001,10537.0,11246.0,-1.0,28702.0,0.0,1816631.0,20570.0,1918631718.0,40.0,39.332,45.07899999999999,0.63,1599194.0,False
300.0,9feb6f2064b86f090bb3887f069a4d0d.param,1.0,0.0,0.0,59.806999999999995,1918631718.0,ecdf08349e588a6e426d86611ea99c61,1753980.0,1.0,0.0,46.327,16,1460176.0,0.0,1588655.0,11246.0,5.846,10537.0,11246.0,-1.0,28702.0,0.0,1816631.0,20570.0,1918631718.0,40.0,39.584,45.43,0.63,1599194.0,False
300.0,9feb6f2064b86f090bb3887f069a4d0d.param,2.0,0.0,0.0,58.303000000000004,1918631718.0,ecdf08349e588a6e426d86611ea99c61,1753980.0,1.0,0.0,47.368,16,1460176.0,0.0,1588655.0,11246.0,5.801,10537.0,11246.0,-1.0,28702.0,0.0,1816631.0,20570.0,1918631718.0,40.0,40.391,46.192,0.63,1599194.0,False
300.0,9847d0c027bbaccb1847a48fd98a95ac.param,0.0,0.0,0.0,19.816,1405409883.0,bf8240ebab4400b73bf28850df5213e7,479987.0,1.0,0.0,18.702,16,351909.0,0.0,517721.0,10200.0,1.913,3654.0,10200.0,-1.0,14274.0,0.0,980643.0,6954.0,1405409883.0,36.0,16.495,18.408,0.28,521377.0,False
300.0,9847d0c027bbaccb1847a48fd98a95ac.param,1.0,0.0,0.0,22.34,1405409883.0,bf8240ebab4400b73bf28850df5213e7,479987.0,1.0,0.0,18.74,16,351909.0,0.0,517721.0,10200.0,1.8319999999999999,3654.0,10200.0,-1.0,14274.0,0.0,980643.0,6954.0,1405409883.0,36.0,16.5,18.332,0.28,521377.0,False
300.0,9847d0c027bbaccb1847a48fd98a95ac.param,2.0,0.0,0.0,20.781999999999996,1405409883.0,bf8240ebab4400b73bf28850df5213e7,479987.0,1.0,0.0,18.979,16,351909.0,0.0,517721.0,10200.0,1.827,3654.0,10200.0,-1.0,14274.0,0.0,980643.0,6954.0,1405409883.0,36.0,16.749000000000002,18.576,0.28,521377.0,False
300.0,a1d4e09d3abf0a4eca987babbe1df4ca.param,0.0,0.0,0.0,4.526,1571287961.0,56bea4f6315e2760e7813fe0e2d55dc5,40512.0,1.0,0.0,1.0070000000000001,16,23131.0,0.0,102074.0,4749.0,0.337,693.0,4749.0,-1.0,4210.0,0.0,459169.0,1035.0,1571287961.0,21.0,0.583,0.92,0.12,102769.0,False
300.0,a1d4e09d3abf0a4eca987babbe1df4ca.param,1.0,0.0,0.0,4.368,1571287961.0,56bea4f6315e2760e7813fe0e2d55dc5,40512.0,1.0,0.0,1.016,16,23131.0,0.0,102074.0,4749.0,0.33899999999999997,693.0,4749.0,-1.0,4210.0,0.0,459169.0,1035.0,1571287961.0,21.0,0.593,0.932,0.12,102769.0,False
300.0,a1d4e09d3abf0a4eca987babbe1df4ca.param,2.0,0.0,0.0,4.8919999999999995,1571287961.0,56bea4f6315e2760e7813fe0e2d55dc5,40512.0,1.0,0.0,1.09,16,23131.0,0.0,102074.0,4749.0,0.345,693.0,4749.0,-1.0,4210.0,0.0,459169.0,1035.0,1571287961.0,21.0,0.652,0.997,0.12,102769.0,False
300.0,813211425de754d47420bda81be7c3af.param,0.0,0.0,0.0,24.767,2028359165.0,6eea3db077bd9bf8eaa05b42bd7e3446,121169.0,1.0,0.0,7.084,16,64163.0,0.0,629615.0,5705.0,2.215,5216.0,5705.0,-1.0,8619.0,0.0,530237.0,10096.0,2028359165.0,25.0,4.478,6.693,0.28,634833.0,False
300.0,813211425de754d47420bda81be7c3af.param,1.0,0.0,0.0,24.913,2028359165.0,6eea3db077bd9bf8eaa05b42bd7e3446,121169.0,1.0,0.0,7.195,16,64163.0,0.0,629615.0,5705.0,2.256,5216.0,5705.0,-1.0,8619.0,0.0,530237.0,10096.0,2028359165.0,25.0,4.5310000000000015,6.787000000000001,0.28,634833.0,False
300.0,813211425de754d47420bda81be7c3af.param,2.0,0.0,0.0,23.53,2028359165.0,6eea3db077bd9bf8eaa05b42bd7e3446,121169.0,1.0,0.0,7.357,16,64163.0,0.0,629615.0,5705.0,2.48,5216.0,5705.0,-1.0,8619.0,0.0,530237.0,10096.0,2028359165.0,25.0,4.507,6.987,0.28,634833.0,False
300.0,be934c0585611c7f00126ccfde3651ad.param,0.0,0.0,0.0,58.477,590654055.0,d59b05cb90233bf3ed363987947439aa,543520.0,1.0,0.0,35.81800000000001,16,401814.0,0.0,1496309.0,10244.0,5.3,10335.0,10244.0,-1.0,20525.0,0.0,1244853.0,20160.0,590654055.0,36.0,29.392,34.692,0.63,1506646.0,False
300.0,be934c0585611c7f00126ccfde3651ad.param,1.0,0.0,0.0,56.532,590654055.0,d59b05cb90233bf3ed363987947439aa,543520.0,1.0,0.0,35.929,16,401814.0,0.0,1496309.0,10244.0,5.558,10335.0,10244.0,-1.0,20525.0,0.0,1244853.0,20160.0,590654055.0,36.0,29.401999999999997,34.96,0.63,1506646.0,False
300.0,be934c0585611c7f00126ccfde3651ad.param,2.0,0.0,0.0,55.54,590654055.0,d59b05cb90233bf3ed363987947439aa,543520.0,1.0,0.0,35.317,16,401814.0,0.0,1496309.0,10244.0,5.36,10335.0,10244.0,-1.0,20525.0,0.0,1244853.0,20160.0,590654055.0,36.0,29.127,34.486999999999995,0.63,1506646.0,False
300.0,c561707c3f0ff054acd49c4f7f7f9eae.param,0.0,0.0,0.0,63.62,590654055.0,75976bc57b2bf4bc1e945db5a903cea4,932855.0,1.0,0.0,33.088,16,679407.0,0.0,1812740.0,10333.0,6.737,12393.0,10333.0,-1.0,26782.0,0.0,1347047.0,24273.0,590654055.0,37.0,25.165,31.901999999999997,0.63,1825135.0,False
300.0,c561707c3f0ff054acd49c4f7f7f9eae.param,1.0,0.0,0.0,66.131,590654055.0,75976bc57b2bf4bc1e945db5a903cea4,932855.0,1.0,0.0,32.978,16,679407.0,0.0,1812740.0,10333.0,6.662999999999999,12393.0,10333.0,-1.0,26782.0,0.0,1347047.0,24273.0,590654055.0,37.0,24.947,31.61,0.63,1825135.0,False
300.0,c561707c3f0ff054acd49c4f7f7f9eae.param,2.0,0.0,0.0,65.822,590654055.0,75976bc57b2bf4bc1e945db5a903cea4,932855.0,1.0,0.0,32.196,16,679407.0,0.0,1812740.0,10333.0,6.681,12393.0,10333.0,-1.0,26782.0,0.0,1347047.0,24273.0,590654055.0,37.0,24.514,31.195,0.63,1825135.0,False
300.0,573a8627b23c29141b9965518a1ea628.param,0.0,0.0,0.0,67.408,1057470620.0,85e46ce3d6bf24d9bfac2fa2884cad56,690391.0,1.0,0.0,46.623999999999995,16,420492.0,0.0,1795796.0,10200.0,6.565,12801.0,10200.0,-1.0,30857.0,0.0,1200559.0,25077.0,1057470620.0,36.0,39.082,45.647,0.94,1808599.0,False
300.0,573a8627b23c29141b9965518a1ea628.param,1.0,0.0,0.0,67.695,1057470620.0,85e46ce3d6bf24d9bfac2fa2884cad56,690391.0,1.0,0.0,46.58,16,420492.0,0.0,1795796.0,10200.0,6.57,12801.0,10200.0,-1.0,30857.0,0.0,1200559.0,25077.0,1057470620.0,36.0,39.054,45.623999999999995,0.94,1808599.0,False
300.0,573a8627b23c29141b9965518a1ea628.param,2.0,0.0,0.0,68.73899999999999,1057470620.0,85e46ce3d6bf24d9bfac2fa2884cad56,690391.0,1.0,0.0,47.551,16,420492.0,0.0,1795796.0,10200.0,6.6110000000000015,12801.0,10200.0,-1.0,30857.0,0.0,1200559.0,25077.0,1057470620.0,36.0,39.613,46.224,0.94,1808599.0,False
300.0,1ec21c7d8e15d35901cd608efade836b.param,0.0,0.0,0.0,7.9570000000000025,1802391418.0,840184d141e902b5e1102ebf0d15ce66,170663.0,1.0,0.0,4.115,16,99615.0,0.0,185276.0,6359.0,0.635,1323.0,6359.0,-1.0,10528.0,0.0,722813.0,2346.0,1802391418.0,29.0,3.3539999999999996,3.989,0.28,186601.0,False
300.0,1ec21c7d8e15d35901cd608efade836b.param,1.0,0.0,0.0,7.822999999999999,1802391418.0,840184d141e902b5e1102ebf0d15ce66,170663.0,1.0,0.0,4.122,16,99615.0,0.0,185276.0,6359.0,0.657,1323.0,6359.0,-1.0,10528.0,0.0,722813.0,2346.0,1802391418.0,29.0,3.34,3.997,0.28,186601.0,False
300.0,1ec21c7d8e15d35901cd608efade836b.param,2.0,0.0,0.0,8.241,1802391418.0,840184d141e902b5e1102ebf0d15ce66,170663.0,1.0,0.0,4.131,16,99615.0,0.0,185276.0,6359.0,0.665,1323.0,6359.0,-1.0,10528.0,0.0,722813.0,2346.0,1802391418.0,29.0,3.3360000000000003,4.001,0.28,186601.0,False
300.0,9038037b7d7e09779716658ee51f043a.param,0.0,0.0,0.0,33.558,1470727592.0,6b21a85c237e97e3f49fe31a0038e148,74892.0,1.0,0.0,4.76,16,36583.0,0.0,862808.0,4601.0,3.103,8046.0,4601.0,-1.0,6875.0,0.0,413521.0,15711.0,1470727592.0,20.0,1.165,4.268,0.42,870856.0,False
300.0,9038037b7d7e09779716658ee51f043a.param,1.0,0.0,0.0,31.336,1470727592.0,6b21a85c237e97e3f49fe31a0038e148,74892.0,1.0,0.0,4.773,16,36583.0,0.0,862808.0,4601.0,3.1039999999999996,8046.0,4601.0,-1.0,6875.0,0.0,413521.0,15711.0,1470727592.0,20.0,1.158,4.262,0.42,870856.0,False
300.0,9038037b7d7e09779716658ee51f043a.param,2.0,0.0,0.0,33.852,1470727592.0,6b21a85c237e97e3f49fe31a0038e148,74892.0,1.0,0.0,4.734,16,36583.0,0.0,862808.0,4601.0,3.0860000000000003,8046.0,4601.0,-1.0,6875.0,0.0,413521.0,15711.0,1470727592.0,20.0,1.148,4.234,0.42,870856.0,False
300.0,82716a7451af0bb025940cb2be8712d2.param,0.0,0.0,0.0,12.297,1802391418.0,cceef901d850b35d607d358a08e3fc19,106504.0,1.0,0.0,4.211,16,46921.0,0.0,306962.0,5673.0,1.0590000000000002,2576.0,5673.0,-1.0,9670.0,0.0,391733.0,4867.0,1802391418.0,24.0,2.947,4.006,0.28,309540.0,False
300.0,82716a7451af0bb025940cb2be8712d2.param,1.0,0.0,0.0,12.120999999999999,1802391418.0,cceef901d850b35d607d358a08e3fc19,106504.0,1.0,0.0,4.2860000000000005,16,46921.0,0.0,306962.0,5673.0,1.05,2576.0,5673.0,-1.0,9670.0,0.0,391733.0,4867.0,1802391418.0,24.0,2.977,4.027,0.28,309540.0,False
300.0,82716a7451af0bb025940cb2be8712d2.param,2.0,0.0,0.0,13.401,1802391418.0,cceef901d850b35d607d358a08e3fc19,106504.0,1.0,0.0,4.229,16,46921.0,0.0,306962.0,5673.0,1.065,2576.0,5673.0,-1.0,9670.0,0.0,391733.0,4867.0,1802391418.0,24.0,2.952,4.0169999999999995,0.28,309540.0,False
300.0,2389afb57cc1c7542bfddc76320706af.param,0.0,0.0,0.0,34.354,1405409883.0,cafee5687b884e8627e5cc696133ec55,27130.0,1.0,0.0,5.34,16,4404.0,0.0,903440.0,4140.0,3.214,8792.0,4140.0,-1.0,4865.0,0.0,365147.0,17185.0,1405409883.0,17.0,1.6130000000000002,4.827,0.42,912234.0,False
300.0,2389afb57cc1c7542bfddc76320706af.param,1.0,0.0,0.0,33.906,1405409883.0,cafee5687b884e8627e5cc696133ec55,27130.0,1.0,0.0,5.4910000000000005,16,4404.0,0.0,903440.0,4140.0,3.323,8792.0,4140.0,-1.0,4865.0,0.0,365147.0,17185.0,1405409883.0,17.0,1.6380000000000001,4.961,0.42,912234.0,False
300.0,2389afb57cc1c7542bfddc76320706af.param,2.0,0.0,0.0,35.647,1405409883.0,cafee5687b884e8627e5cc696133ec55,27130.0,1.0,0.0,5.407,16,4404.0,0.0,903440.0,4140.0,3.255,8792.0,4140.0,-1.0,4865.0,0.0,365147.0,17185.0,1405409883.0,17.0,1.626,4.881,0.42,912234.0,False
300.0,400673ca8ff3edef3535b5791da29758.param,0.0,0.0,0.0,27.249000000000002,1139903203.0,7cd565be8773ec2fbf5015faaba2a0c8,55868.0,1.0,0.0,5.572,16,8270.0,0.0,682809.0,4696.0,2.419,6194.0,4696.0,-1.0,8276.0,0.0,419260.0,12034.0,1139903203.0,20.0,2.7430000000000003,5.162000000000001,0.42,689005.0,False
300.0,400673ca8ff3edef3535b5791da29758.param,1.0,0.0,0.0,25.006,1139903203.0,7cd565be8773ec2fbf5015faaba2a0c8,55868.0,1.0,0.0,5.4979999999999976,16,8270.0,0.0,682809.0,4696.0,2.394,6194.0,4696.0,-1.0,8276.0,0.0,419260.0,12034.0,1139903203.0,20.0,2.7119999999999997,5.106,0.42,689005.0,False
300.0,400673ca8ff3edef3535b5791da29758.param,2.0,0.0,0.0,25.945999999999998,1139903203.0,7cd565be8773ec2fbf5015faaba2a0c8,55868.0,1.0,0.0,5.4879999999999995,16,8270.0,0.0,682809.0,4696.0,2.396,6194.0,4696.0,-1.0,8276.0,0.0,419260.0,12034.0,1139903203.0,20.0,2.7,5.096,0.42,689005.0,False
300.0,0faee3ca8e450721dd5b73cb48656439.param,0.0,0.0,0.0,94.939,221638566.0,c69177ea21e1c900a62eddd0e6b9573a,467061.0,1.0,0.0,52.667,16,225669.0,0.0,2494417.0,10200.0,9.271,17593.0,10200.0,-1.0,29414.0,0.0,1261137.0,34610.0,221638566.0,36.0,42.113,51.38399999999999,0.94,2512012.0,False
300.0,0faee3ca8e450721dd5b73cb48656439.param,1.0,0.0,0.0,89.92200000000004,221638566.0,c69177ea21e1c900a62eddd0e6b9573a,467061.0,1.0,0.0,53.476000000000006,16,225669.0,0.0,2494417.0,10200.0,9.467,17593.0,10200.0,-1.0,29414.0,0.0,1261137.0,34610.0,221638566.0,36.0,42.343999999999994,51.81100000000001,0.94,2512012.0,False
300.0,0faee3ca8e450721dd5b73cb48656439.param,2.0,0.0,0.0,90.569,221638566.0,c69177ea21e1c900a62eddd0e6b9573a,467061.0,1.0,0.0,53.163999999999994,16,225669.0,0.0,2494417.0,10200.0,9.146,17593.0,10200.0,-1.0,29414.0,0.0,1261137.0,34610.0,221638566.0,36.0,42.56399999999999,51.71,0.94,2512012.0,False
300.0,8e69ece5afd42db3ce1e7ed475eaaf08.param,0.0,0.0,0.0,31.459,1979567522.0,79f6a5bebef4db2a07b7f0b55f45d68c,96704.0,1.0,0.0,6.25,16,42097.0,0.0,807482.0,4600.0,2.969,7527.0,4600.0,-1.0,9809.0,0.0,463468.0,14652.0,1979567522.0,20.0,2.801,5.77,0.42,815011.0,False
300.0,8e69ece5afd42db3ce1e7ed475eaaf08.param,1.0,0.0,0.0,29.509,1979567522.0,79f6a5bebef4db2a07b7f0b55f45d68c,96704.0,1.0,0.0,6.56,16,42097.0,0.0,807482.0,4600.0,2.948,7527.0,4600.0,-1.0,9809.0,0.0,463468.0,14652.0,1979567522.0,20.0,2.971,5.919,0.42,815011.0,False
300.0,8e69ece5afd42db3ce1e7ed475eaaf08.param,2.0,0.0,0.0,30.913,1979567522.0,79f6a5bebef4db2a07b7f0b55f45d68c,96704.0,1.0,0.0,6.3320000000000025,16,42097.0,0.0,807482.0,4600.0,2.9810000000000003,7527.0,4600.0,-1.0,9809.0,0.0,463468.0,14652.0,1979567522.0,20.0,2.846,5.827000000000001,0.42,815011.0,False
300.0,911e1a0f8b4680f2864fa59b12973cad.param,0.0,0.0,0.0,36.634,1145031130.0,166819eebf4b26841a062b29ba473f8b,162267.0,1.0,0.0,11.115,16,104371.0,0.0,961485.0,4141.0,3.536,9350.0,4141.0,-1.0,12822.0,0.0,592876.0,18190.0,1145031130.0,17.0,7.041,10.577,0.63,970837.0,False
300.0,911e1a0f8b4680f2864fa59b12973cad.param,1.0,0.0,0.0,37.93,1145031130.0,166819eebf4b26841a062b29ba473f8b,162267.0,1.0,0.0,11.097999999999999,16,104371.0,0.0,961485.0,4141.0,3.4189999999999996,9350.0,4141.0,-1.0,12822.0,0.0,592876.0,18190.0,1145031130.0,17.0,7.1110000000000015,10.53,0.63,970837.0,False
300.0,911e1a0f8b4680f2864fa59b12973cad.param,2.0,0.0,0.0,35.856,1145031130.0,166819eebf4b26841a062b29ba473f8b,162267.0,1.0,0.0,11.200999999999999,16,104371.0,0.0,961485.0,4141.0,3.46,9350.0,4141.0,-1.0,12822.0,0.0,592876.0,18190.0,1145031130.0,17.0,7.151,10.610999999999999,0.63,970837.0,False
300.0,a37d28d43d69aa0103e8f6c03a25328d.param,0.0,0.0,0.0,9.747,1057470620.0,aa2ca781c7974c380d55fc39c66769f2,58687.0,1.0,0.0,3.281,16,26181.0,0.0,216250.0,6316.0,0.7290000000000001,1395.0,6316.0,-1.0,4961.0,0.0,739655.0,2361.0,1057470620.0,29.0,2.403,3.1319999999999997,0.12,217647.0,False
300.0,a37d28d43d69aa0103e8f6c03a25328d.param,1.0,0.0,0.0,9.147,1057470620.0,aa2ca781c7974c380d55fc39c66769f2,58687.0,1.0,0.0,3.3480000000000003,16,26181.0,0.0,216250.0,6316.0,0.73,1395.0,6316.0,-1.0,4961.0,0.0,739655.0,2361.0,1057470620.0,29.0,2.481,3.2110000000000003,0.12,217647.0,False
300.0,a37d28d43d69aa0103e8f6c03a25328d.param,2.0,0.0,0.0,9.49,1057470620.0,aa2ca781c7974c380d55fc39c66769f2,58687.0,1.0,0.0,3.264,16,26181.0,0.0,216250.0,6316.0,0.727,1395.0,6316.0,-1.0,4961.0,0.0,739655.0,2361.0,1057470620.0,29.0,2.3930000000000002,3.12,0.12,217647.0,False
300.0,589bbf864478462408d49f56b3acebc9.param,0.0,0.0,0.0,48.122,182366586.0,bf18b80887e1862ba5b2c8176793744a,113336.0,1.0,0.0,9.465,16,48243.0,0.0,1211771.0,6314.0,4.511,9450.0,6314.0,-1.0,10389.0,0.0,685787.0,18480.0,182366586.0,29.0,4.255,8.766,0.63,1221223.0,False
300.0,589bbf864478462408d49f56b3acebc9.param,1.0,0.0,0.0,43.276,182366586.0,bf18b80887e1862ba5b2c8176793744a,113336.0,1.0,0.0,9.77,16,48243.0,0.0,1211771.0,6314.0,4.525,9450.0,6314.0,-1.0,10389.0,0.0,685787.0,18480.0,182366586.0,29.0,4.328,8.853,0.63,1221223.0,False
300.0,589bbf864478462408d49f56b3acebc9.param,2.0,0.0,0.0,47.108999999999995,182366586.0,bf18b80887e1862ba5b2c8176793744a,113336.0,1.0,0.0,9.154,16,48243.0,0.0,1211771.0,6314.0,4.349,9450.0,6314.0,-1.0,10389.0,0.0,685787.0,18480.0,182366586.0,29.0,4.135,8.484,0.63,1221223.0,False
300.0,3631b5ebf342811f42ca903194874739.param,0.0,0.0,0.0,19.525,254168822.0,93e72a9e2b69072aac6caa15042763b4,180697.0,1.0,0.0,6.087999999999999,16,118492.0,0.0,487880.0,6277.0,1.725,3806.0,6277.0,-1.0,9246.0,0.0,666401.0,7291.0,254168822.0,28.0,4.064,5.789,0.28,491688.0,False
300.0,3631b5ebf342811f42ca903194874739.param,1.0,0.0,0.0,20.491,254168822.0,93e72a9e2b69072aac6caa15042763b4,180697.0,1.0,0.0,6.452000000000001,16,118492.0,0.0,487880.0,6277.0,1.7519999999999998,3806.0,6277.0,-1.0,9246.0,0.0,666401.0,7291.0,254168822.0,28.0,4.297,6.0489999999999995,0.28,491688.0,False
300.0,3631b5ebf342811f42ca903194874739.param,2.0,0.0,0.0,20.067,254168822.0,93e72a9e2b69072aac6caa15042763b4,180697.0,1.0,0.0,6.442,16,118492.0,0.0,487880.0,6277.0,1.7990000000000002,3806.0,6277.0,-1.0,9246.0,0.0,666401.0,7291.0,254168822.0,28.0,4.2589999999999995,6.058,0.28,491688.0,False
300.0,9f516f1949bb094c061b924b07b9239e.param,0.0,0.0,0.0,27.148000000000003,1234135464.0,c0623388e7da9be81df83325517b04f8,65655.0,1.0,0.0,5.4270000000000005,16,23797.0,0.0,602312.0,5782.0,2.1390000000000002,4929.0,5782.0,-1.0,5637.0,0.0,516256.0,9531.0,1234135464.0,25.0,2.924,5.063,0.28,607243.0,False
300.0,9f516f1949bb094c061b924b07b9239e.param,1.0,0.0,0.0,25.605999999999998,1234135464.0,c0623388e7da9be81df83325517b04f8,65655.0,1.0,0.0,5.441,16,23797.0,0.0,602312.0,5782.0,2.138,4929.0,5782.0,-1.0,5637.0,0.0,516256.0,9531.0,1234135464.0,25.0,2.9419999999999997,5.08,0.28,607243.0,False
300.0,9f516f1949bb094c061b924b07b9239e.param,2.0,0.0,0.0,24.976999999999997,1234135464.0,c0623388e7da9be81df83325517b04f8,65655.0,1.0,0.0,5.526,16,23797.0,0.0,602312.0,5782.0,2.225,4929.0,5782.0,-1.0,5637.0,0.0,516256.0,9531.0,1234135464.0,25.0,2.929,5.154,0.28,607243.0,False
300.0,7ee038a2d306328bf29f3cc3ddd33ea0.param,0.0,0.0,0.0,60.011,2050821110.0,c1f139ded61ea79bd6b96752d20d9217,358796.0,1.0,0.0,18.922,16,218781.0,0.0,1573054.0,10287.0,5.771,10868.0,10287.0,-1.0,15899.0,0.0,1099664.0,21271.0,2050821110.0,36.0,12.305,18.076,0.63,1583924.0,False
300.0,7ee038a2d306328bf29f3cc3ddd33ea0.param,1.0,0.0,0.0,59.508,2050821110.0,c1f139ded61ea79bd6b96752d20d9217,358796.0,1.0,0.0,19.017,16,218781.0,0.0,1573054.0,10287.0,5.769,10868.0,10287.0,-1.0,15899.0,0.0,1099664.0,21271.0,2050821110.0,36.0,12.399000000000001,18.168,0.63,1583924.0,False
300.0,7ee038a2d306328bf29f3cc3ddd33ea0.param,2.0,0.0,0.0,60.224,2050821110.0,c1f139ded61ea79bd6b96752d20d9217,358796.0,1.0,0.0,18.882,16,218781.0,0.0,1573054.0,10287.0,5.62,10868.0,10287.0,-1.0,15899.0,0.0,1099664.0,21271.0,2050821110.0,36.0,12.39,18.01,0.63,1583924.0,False
300.0,356667c28689cc2615ddddc6ad11e53e.param,0.0,0.0,0.0,70.832,693280077.0,dbe41a4a8711034a2f33cec21271328f,538592.0,1.0,0.0,21.188000000000002,16,393932.0,0.0,1906407.0,6355.0,6.968,14355.0,6355.0,-1.0,21668.0,0.0,1207495.0,28158.0,693280077.0,29.0,12.8,19.768,0.94,1920764.0,False
300.0,356667c28689cc2615ddddc6ad11e53e.param,1.0,0.0,0.0,74.65,693280077.0,dbe41a4a8711034a2f33cec21271328f,538592.0,1.0,0.0,20.439,16,393932.0,0.0,1906407.0,6355.0,6.99,14355.0,6355.0,-1.0,21668.0,0.0,1207495.0,28158.0,693280077.0,29.0,12.357999999999999,19.348,0.94,1920764.0,False
300.0,356667c28689cc2615ddddc6ad11e53e.param,2.0,0.0,0.0,70.865,693280077.0,dbe41a4a8711034a2f33cec21271328f,538592.0,1.0,0.0,20.39,16,393932.0,0.0,1906407.0,6355.0,6.987,14355.0,6355.0,-1.0,21668.0,0.0,1207495.0,28158.0,693280077.0,29.0,12.345,19.332,0.94,1920764.0,False
300.0,a38985b17ca7f54344b29181a8584654.param,0.0,0.0,0.0,39.629,221638566.0,3cf644f4e2f736070d13e95b88c6e4be,32417.0,1.0,0.0,5.4860000000000015,16,6949.0,0.0,988954.0,2396.0,3.696,10373.0,2396.0,-1.0,7023.0,0.0,397347.0,20248.0,221638566.0,13.0,1.2,4.896,0.63,999329.0,False
300.0,a38985b17ca7f54344b29181a8584654.param,1.0,0.0,0.0,38.814,221638566.0,3cf644f4e2f736070d13e95b88c6e4be,32417.0,1.0,0.0,5.396,16,6949.0,0.0,988954.0,2396.0,3.574,10373.0,2396.0,-1.0,7023.0,0.0,397347.0,20248.0,221638566.0,13.0,1.206,4.78,0.63,999329.0,False
300.0,a38985b17ca7f54344b29181a8584654.param,2.0,0.0,0.0,37.565,221638566.0,3cf644f4e2f736070d13e95b88c6e4be,32417.0,1.0,0.0,5.35,16,6949.0,0.0,988954.0,2396.0,3.5810000000000004,10373.0,2396.0,-1.0,7023.0,0.0,397347.0,20248.0,221638566.0,13.0,1.205,4.7860000000000005,0.63,999329.0,False
300.0,5c79d1d9a7223b0aa7f24b9abb13ee2f.param,0.0,0.0,0.0,66.735,1923385776.0,78183648c628ae246cad88b11b0ab63c,283685.0,1.0,0.0,31.37,16,137978.0,0.0,1776813.0,9641.0,6.485,13090.0,9641.0,-1.0,19526.0,0.0,959108.0,25694.0,1923385776.0,32.0,23.899,30.384,0.63,1789905.0,False
300.0,5c79d1d9a7223b0aa7f24b9abb13ee2f.param,1.0,0.0,0.0,66.869,1923385776.0,78183648c628ae246cad88b11b0ab63c,283685.0,1.0,0.0,31.680999999999997,16,137978.0,0.0,1776813.0,9641.0,6.534,13090.0,9641.0,-1.0,19526.0,0.0,959108.0,25694.0,1923385776.0,32.0,24.099,30.63300000000001,0.63,1789905.0,False
300.0,5c79d1d9a7223b0aa7f24b9abb13ee2f.param,2.0,0.0,0.0,65.721,1923385776.0,78183648c628ae246cad88b11b0ab63c,283685.0,1.0,0.0,31.796999999999997,16,137978.0,0.0,1776813.0,9641.0,6.6670000000000025,13090.0,9641.0,-1.0,19526.0,0.0,959108.0,25694.0,1923385776.0,32.0,23.997,30.664,0.63,1789905.0,False
300.0,d0799a9d39f0850315a55b0ab4917638.param,0.0,0.0,0.0,41.919,1918631718.0,d4eb6bec6facc78eea7e7846b2f86fbb,90494.0,1.0,0.0,7.834,16,35840.0,0.0,1110779.0,5776.0,4.15,8976.0,5776.0,-1.0,10021.0,0.0,576183.0,17532.0,1918631718.0,25.0,3.043,7.193,0.42,1119757.0,False
300.0,d0799a9d39f0850315a55b0ab4917638.param,1.0,0.0,0.0,40.059,1918631718.0,d4eb6bec6facc78eea7e7846b2f86fbb,90494.0,1.0,0.0,7.6320000000000014,16,35840.0,0.0,1110779.0,5776.0,4.023,8976.0,5776.0,-1.0,10021.0,0.0,576183.0,17532.0,1918631718.0,25.0,3.003,7.026,0.42,1119757.0,False
300.0,d0799a9d39f0850315a55b0ab4917638.param,2.0,0.0,0.0,43.577,1918631718.0,d4eb6bec6facc78eea7e7846b2f86fbb,90494.0,1.0,0.0,7.676,16,35840.0,0.0,1110779.0,5776.0,4.03,8976.0,5776.0,-1.0,10021.0,0.0,576183.0,17532.0,1918631718.0,25.0,3.037,7.067,0.42,1119757.0,False
300.0,6074526f967671a9c7cc808bdb4dbadb.param,0.0,0.0,0.0,72.445,1470727592.0,753db110b7097a429da56b9c743772e0,245984.0,1.0,0.0,31.109,16,105842.0,0.0,1887353.0,10287.0,6.912000000000001,13041.0,10287.0,-1.0,15704.0,0.0,730768.0,25596.0,1470727592.0,36.0,23.154,30.066,0.63,1900396.0,False
300.0,6074526f967671a9c7cc808bdb4dbadb.param,1.0,0.0,0.0,72.32,1470727592.0,753db110b7097a429da56b9c743772e0,245984.0,1.0,0.0,31.971,16,105842.0,0.0,1887353.0,10287.0,6.894,13041.0,10287.0,-1.0,15704.0,0.0,730768.0,25596.0,1470727592.0,36.0,23.8,30.69400000000001,0.63,1900396.0,False
300.0,6074526f967671a9c7cc808bdb4dbadb.param,2.0,0.0,0.0,65.192,1470727592.0,753db110b7097a429da56b9c743772e0,245984.0,1.0,0.0,30.837,16,105842.0,0.0,1887353.0,10287.0,6.945,13041.0,10287.0,-1.0,15704.0,0.0,730768.0,25596.0,1470727592.0,36.0,22.866999999999997,29.811999999999998,0.63,1900396.0,False
300.0,9d8011d62fbdace0c9682b0a56eb9c1a.param,0.0,0.0,0.0,14.245,475179535.0,1a3d50324cac59bb9942ba8ecda87fc5,107476.0,1.0,0.0,3.767,16,56070.0,0.0,346735.0,6315.0,1.185,2674.0,6315.0,-1.0,7947.0,0.0,588881.0,5024.0,475179535.0,29.0,2.364,3.549,0.19,349411.0,False
300.0,9d8011d62fbdace0c9682b0a56eb9c1a.param,1.0,0.0,0.0,15.002,475179535.0,1a3d50324cac59bb9942ba8ecda87fc5,107476.0,1.0,0.0,3.968,16,56070.0,0.0,346735.0,6315.0,1.25,2674.0,6315.0,-1.0,7947.0,0.0,588881.0,5024.0,475179535.0,29.0,2.461,3.7110000000000003,0.19,349411.0,False
300.0,9d8011d62fbdace0c9682b0a56eb9c1a.param,2.0,0.0,0.0,14.567,475179535.0,1a3d50324cac59bb9942ba8ecda87fc5,107476.0,1.0,0.0,3.865,16,56070.0,0.0,346735.0,6315.0,1.2770000000000001,2674.0,6315.0,-1.0,7947.0,0.0,588881.0,5024.0,475179535.0,29.0,2.367,3.6439999999999997,0.19,349411.0,False
300.0,1a9658e08918a7701123bae3cad3fdfa.param,0.0,0.0,0.0,22.046999999999997,2136253402.0,18852e8f99013b25a897e8f3aa558c72,239391.0,1.0,0.0,15.668,16,116005.0,0.0,539408.0,10334.0,1.895,3690.0,10334.0,-1.0,13240.0,0.0,1050569.0,7023.0,2136253402.0,37.0,13.452,15.347000000000001,0.42,543100.0,False
300.0,1a9658e08918a7701123bae3cad3fdfa.param,1.0,0.0,0.0,21.9,2136253402.0,18852e8f99013b25a897e8f3aa558c72,239391.0,1.0,0.0,15.559000000000001,16,116005.0,0.0,539408.0,10334.0,1.9,3690.0,10334.0,-1.0,13240.0,0.0,1050569.0,7023.0,2136253402.0,37.0,13.335999999999999,15.235999999999999,0.42,543100.0,False
300.0,1a9658e08918a7701123bae3cad3fdfa.param,2.0,0.0,0.0,21.877,2136253402.0,18852e8f99013b25a897e8f3aa558c72,239391.0,1.0,0.0,15.585999999999999,16,116005.0,0.0,539408.0,10334.0,1.9340000000000002,3690.0,10334.0,-1.0,13240.0,0.0,1050569.0,7023.0,2136253402.0,37.0,13.334000000000001,15.267999999999999,0.42,543100.0,False
300.0,8ee114f3baa9833ce2ff8acd1c2f17dc.param,0.0,0.0,0.0,32.989000000000004,1242281828.0,366bdf70fb2ddb89fd36203824f6f8de,101084.0,1.0,0.0,7.03,16,56449.0,0.0,882220.0,4796.0,3.1460000000000004,7590.0,4796.0,-1.0,8477.0,0.0,485025.0,14799.0,1242281828.0,21.0,3.375,6.521,0.42,889812.0,False
300.0,8ee114f3baa9833ce2ff8acd1c2f17dc.param,1.0,0.0,0.0,35.016999999999996,1242281828.0,366bdf70fb2ddb89fd36203824f6f8de,101084.0,1.0,0.0,7.095,16,56449.0,0.0,882220.0,4796.0,3.178,7590.0,4796.0,-1.0,8477.0,0.0,485025.0,14799.0,1242281828.0,21.0,3.424,6.602,0.42,889812.0,False
300.0,8ee114f3baa9833ce2ff8acd1c2f17dc.param,2.0,0.0,0.0,32.308,1242281828.0,366bdf70fb2ddb89fd36203824f6f8de,101084.0,1.0,0.0,7.1560000000000015,16,56449.0,0.0,882220.0,4796.0,3.17,7590.0,4796.0,-1.0,8477.0,0.0,485025.0,14799.0,1242281828.0,21.0,3.455,6.625,0.42,889812.0,False
300.0,880c13fc9e1ae18f82e743ba707577a8.param,0.0,0.0,0.0,39.827,1923385776.0,ea0b6a94665d8ac21d3756d7beb9b650,54621.0,1.0,0.0,6.8629999999999995,16,27908.0,0.0,1101111.0,4173.0,4.016,10564.0,4173.0,-1.0,5168.0,0.0,365695.0,20696.0,1923385776.0,17.0,2.18,6.1960000000000015,0.63,1111677.0,False
300.0,880c13fc9e1ae18f82e743ba707577a8.param,1.0,0.0,0.0,39.396,1923385776.0,ea0b6a94665d8ac21d3756d7beb9b650,54621.0,1.0,0.0,6.669,16,27908.0,0.0,1101111.0,4173.0,3.9160000000000004,10564.0,4173.0,-1.0,5168.0,0.0,365695.0,20696.0,1923385776.0,17.0,2.14,6.056,0.63,1111677.0,False
300.0,880c13fc9e1ae18f82e743ba707577a8.param,2.0,0.0,0.0,42.726000000000006,1923385776.0,ea0b6a94665d8ac21d3756d7beb9b650,54621.0,1.0,0.0,6.6960000000000015,16,27908.0,0.0,1101111.0,4173.0,3.968,10564.0,4173.0,-1.0,5168.0,0.0,365695.0,20696.0,1923385776.0,17.0,2.128,6.096,0.63,1111677.0,False
300.0,bebd2cfe5e0562ebe11dc365507fd898.param,0.0,0.0,0.0,29.53,372553220.0,abd42e56a88429e3fd71858395a1cc72,1257329.0,1.0,0.0,44.24,16,1001051.0,0.0,758570.0,11382.0,2.681,4935.0,11382.0,-1.0,27149.0,0.0,1610258.0,9459.0,372553220.0,41.0,41.132,43.813,0.63,763507.0,False
300.0,bebd2cfe5e0562ebe11dc365507fd898.param,1.0,0.0,0.0,27.938000000000002,372553220.0,abd42e56a88429e3fd71858395a1cc72,1257329.0,1.0,0.0,44.233999999999995,16,1001051.0,0.0,758570.0,11382.0,2.6839999999999997,4935.0,11382.0,-1.0,27149.0,0.0,1610258.0,9459.0,372553220.0,41.0,41.111999999999995,43.79600000000001,0.63,763507.0,False
300.0,bebd2cfe5e0562ebe11dc365507fd898.param,2.0,0.0,0.0,30.611,372553220.0,abd42e56a88429e3fd71858395a1cc72,1257329.0,1.0,0.0,44.466,16,1001051.0,0.0,758570.0,11382.0,2.7060000000000004,4935.0,11382.0,-1.0,27149.0,0.0,1610258.0,9459.0,372553220.0,41.0,41.31399999999999,44.02,0.63,763507.0,False
300.0,5a074a62937cbcb2e921ae7f17a0123b.param,0.0,0.0,0.0,63.18899999999999,2028359165.0,5f0d550ce17e8a0855ee46cf86f15745,219793.0,1.0,0.0,13.019,16,152625.0,0.0,1798602.0,5779.0,6.568,14535.0,5779.0,-1.0,11870.0,0.0,745018.0,28563.0,2028359165.0,25.0,5.095,11.663,0.94,1813139.0,False
300.0,5a074a62937cbcb2e921ae7f17a0123b.param,1.0,0.0,0.0,65.562,2028359165.0,5f0d550ce17e8a0855ee46cf86f15745,219793.0,1.0,0.0,12.957,16,152625.0,0.0,1798602.0,5779.0,6.7070000000000025,14535.0,5779.0,-1.0,11870.0,0.0,745018.0,28563.0,2028359165.0,25.0,4.989,11.696,0.94,1813139.0,False
300.0,5a074a62937cbcb2e921ae7f17a0123b.param,2.0,0.0,0.0,66.166,2028359165.0,5f0d550ce17e8a0855ee46cf86f15745,219793.0,1.0,0.0,12.392999999999999,16,152625.0,0.0,1798602.0,5779.0,6.513999999999999,14535.0,5779.0,-1.0,11870.0,0.0,745018.0,28563.0,2028359165.0,25.0,4.898,11.412,0.94,1813139.0,False
300.0,3d9e7b6df6df75811f47376afe3f163c.param,0.0,0.0,0.0,15.799000000000001,1918631718.0,80ca4f9f47ad868aacfeb806fd036f4b,604087.0,1.0,0.0,12.74,16,479796.0,0.0,397402.0,6355.0,1.3980000000000001,3029.0,6355.0,-1.0,18500.0,0.0,915972.0,5674.0,1918631718.0,29.0,11.057,12.455,0.42,400433.0,False
300.0,3d9e7b6df6df75811f47376afe3f163c.param,1.0,0.0,0.0,14.975,1918631718.0,80ca4f9f47ad868aacfeb806fd036f4b,604087.0,1.0,0.0,12.970999999999998,16,479796.0,0.0,397402.0,6355.0,1.456,3029.0,6355.0,-1.0,18500.0,0.0,915972.0,5674.0,1918631718.0,29.0,11.255999999999998,12.712,0.42,400433.0,False
300.0,3d9e7b6df6df75811f47376afe3f163c.param,2.0,0.0,0.0,15.562999999999999,1918631718.0,80ca4f9f47ad868aacfeb806fd036f4b,604087.0,1.0,0.0,12.831,16,479796.0,0.0,397402.0,6355.0,1.36,3029.0,6355.0,-1.0,18500.0,0.0,915972.0,5674.0,1918631718.0,29.0,11.224,12.584000000000001,0.42,400433.0,False
300.0,8918e76cfcec0657c7d7950a1794604c.param,0.0,0.0,0.0,34.745,34754393.0,cc1053904c320751424e88c99eb8d7e7,723934.0,1.0,0.0,27.334,16,544046.0,0.0,908497.0,9640.0,3.236,6692.0,9640.0,-1.0,23640.0,0.0,1176900.0,12946.0,34754393.0,32.0,23.59800000000001,26.834,0.63,915191.0,False
300.0,8918e76cfcec0657c7d7950a1794604c.param,1.0,0.0,0.0,35.51300000000001,34754393.0,cc1053904c320751424e88c99eb8d7e7,723934.0,1.0,0.0,27.674,16,544046.0,0.0,908497.0,9640.0,3.299,6692.0,9640.0,-1.0,23640.0,0.0,1176900.0,12946.0,34754393.0,32.0,23.688000000000002,26.987,0.63,915191.0,False
300.0,8918e76cfcec0657c7d7950a1794604c.param,2.0,0.0,0.0,35.037,34754393.0,cc1053904c320751424e88c99eb8d7e7,723934.0,1.0,0.0,27.375,16,544046.0,0.0,908497.0,9640.0,3.242,6692.0,9640.0,-1.0,23640.0,0.0,1176900.0,12946.0,34754393.0,32.0,23.618000000000002,26.86,0.63,915191.0,False
300.0,ecf255cfa79dc1390125d72e88196842.param,0.0,0.0,0.0,26.146,2050821110.0,66cf787f8a80b5be8d18613f3e295643,198461.0,1.0,0.0,20.5,16,76817.0,0.0,690892.0,9729.0,2.443,4775.0,9729.0,-1.0,15865.0,0.0,827933.0,9193.0,2050821110.0,33.0,17.65,20.093,0.42,695669.0,False
300.0,ecf255cfa79dc1390125d72e88196842.param,1.0,0.0,0.0,25.813000000000002,2050821110.0,66cf787f8a80b5be8d18613f3e295643,198461.0,1.0,0.0,20.488000000000003,16,76817.0,0.0,690892.0,9729.0,2.46,4775.0,9729.0,-1.0,15865.0,0.0,827933.0,9193.0,2050821110.0,33.0,17.607,20.067,0.42,695669.0,False
300.0,ecf255cfa79dc1390125d72e88196842.param,2.0,0.0,0.0,24.984,2050821110.0,66cf787f8a80b5be8d18613f3e295643,198461.0,1.0,0.0,20.715,16,76817.0,0.0,690892.0,9729.0,2.474,4775.0,9729.0,-1.0,15865.0,0.0,827933.0,9193.0,2050821110.0,33.0,17.855999999999995,20.33,0.42,695669.0,False
300.0,c0ddd6d536dd36939b31e12d969323ca.param,0.0,0.0,0.0,13.89,1405409883.0,75176500370f4e623938b7d40126ca3f,271816.0,1.0,0.0,38.791,16,112140.0,0.0,333491.0,11800.0,1.215,2150.0,11800.0,-1.0,15853.0,0.0,1393415.0,3952.0,1405409883.0,44.0,37.292,38.507,0.42,335643.0,False
300.0,c0ddd6d536dd36939b31e12d969323ca.param,1.0,0.0,0.0,13.395,1405409883.0,75176500370f4e623938b7d40126ca3f,271816.0,1.0,0.0,38.674,16,112140.0,0.0,333491.0,11800.0,1.158,2150.0,11800.0,-1.0,15853.0,0.0,1393415.0,3952.0,1405409883.0,44.0,37.246,38.404,0.42,335643.0,False
300.0,c0ddd6d536dd36939b31e12d969323ca.param,2.0,0.0,0.0,13.133,1405409883.0,75176500370f4e623938b7d40126ca3f,271816.0,1.0,0.0,38.116,16,112140.0,0.0,333491.0,11800.0,1.261,2150.0,11800.0,-1.0,15853.0,0.0,1393415.0,3952.0,1405409883.0,44.0,36.58,37.841,0.42,335643.0,False
300.0,f607d46ec11afe04a6635e1e747bca97.param,0.0,0.0,0.0,7.004,823094821.0,beff4a1b17225ff751cd13073d2229d2,53941.0,1.0,0.0,2.407,16,17610.0,0.0,151307.0,4690.0,0.564,1338.0,4690.0,-1.0,8279.0,0.0,528746.0,2328.0,823094821.0,20.0,1.7209999999999999,2.285,0.28,152647.0,False
300.0,f607d46ec11afe04a6635e1e747bca97.param,1.0,0.0,0.0,7.03,823094821.0,beff4a1b17225ff751cd13073d2229d2,53941.0,1.0,0.0,2.298,16,17610.0,0.0,151307.0,4690.0,0.515,1338.0,4690.0,-1.0,8279.0,0.0,528746.0,2328.0,823094821.0,20.0,1.669,2.184,0.28,152647.0,False
300.0,f607d46ec11afe04a6635e1e747bca97.param,2.0,0.0,0.0,7.597,823094821.0,beff4a1b17225ff751cd13073d2229d2,53941.0,1.0,0.0,2.4290000000000003,16,17610.0,0.0,151307.0,4690.0,0.5529999999999999,1338.0,4690.0,-1.0,8279.0,0.0,528746.0,2328.0,823094821.0,20.0,1.739,2.292,0.28,152647.0,False
300.0,b55bae1f323148019db34cc9c08d6b4b.param,0.0,0.0,0.0,22.016,693280077.0,48178459263f06caf4bfce1b01513700,65920.0,1.0,0.0,4.231,16,30318.0,0.0,574814.0,4140.0,2.117,5592.0,4140.0,-1.0,8414.0,0.0,455441.0,10767.0,693280077.0,17.0,1.7830000000000001,3.9,0.28,580408.0,False
300.0,b55bae1f323148019db34cc9c08d6b4b.param,1.0,0.0,0.0,21.91800000000001,693280077.0,48178459263f06caf4bfce1b01513700,65920.0,1.0,0.0,4.1739999999999995,16,30318.0,0.0,574814.0,4140.0,2.065,5592.0,4140.0,-1.0,8414.0,0.0,455441.0,10767.0,693280077.0,17.0,1.775,3.84,0.28,580408.0,False
300.0,b55bae1f323148019db34cc9c08d6b4b.param,2.0,0.0,0.0,25.579,693280077.0,48178459263f06caf4bfce1b01513700,65920.0,1.0,0.0,4.352,16,30318.0,0.0,574814.0,4140.0,2.134,5592.0,4140.0,-1.0,8414.0,0.0,455441.0,10767.0,693280077.0,17.0,1.87,4.004,0.28,580408.0,False
300.0,928666ecc0a7811fd6c441352737063c.param,0.0,0.0,0.0,81.73,823094821.0,d8e36adc22ce83a5a79cac0dd03da7a2,245555.0,1.0,0.0,19.772000000000002,16,140346.0,0.0,2150792.0,11341.0,7.815,14129.0,11341.0,-1.0,8979.0,0.0,1237943.0,27751.0,823094821.0,41.0,10.417,18.232,0.63,2164923.0,False
300.0,928666ecc0a7811fd6c441352737063c.param,1.0,0.0,0.0,79.859,823094821.0,d8e36adc22ce83a5a79cac0dd03da7a2,245555.0,1.0,0.0,20.038,16,140346.0,0.0,2150792.0,11341.0,8.26,14129.0,11341.0,-1.0,8979.0,0.0,1237943.0,27751.0,823094821.0,41.0,10.286,18.546,0.63,2164923.0,False
300.0,928666ecc0a7811fd6c441352737063c.param,2.0,0.0,0.0,76.993,823094821.0,d8e36adc22ce83a5a79cac0dd03da7a2,245555.0,1.0,0.0,19.375,16,140346.0,0.0,2150792.0,11341.0,7.983,14129.0,11341.0,-1.0,8979.0,0.0,1237943.0,27751.0,823094821.0,41.0,10.231,18.214000000000002,0.63,2164923.0,False
300.0,982f07b05aa788dcb221cf0f46a98a28.param,0.0,0.0,0.0,16.078,1242281828.0,542a1f973acf07aa33832f9c02c3438c,503942.0,1.0,0.0,11.446,16,402688.0,0.0,395004.0,6277.0,1.3940000000000001,3081.0,6277.0,-1.0,15424.0,0.0,877154.0,5772.0,1242281828.0,28.0,9.761000000000001,11.155,0.42,398087.0,False
300.0,982f07b05aa788dcb221cf0f46a98a28.param,1.0,0.0,0.0,16.099,1242281828.0,542a1f973acf07aa33832f9c02c3438c,503942.0,1.0,0.0,10.964,16,402688.0,0.0,395004.0,6277.0,1.401,3081.0,6277.0,-1.0,15424.0,0.0,877154.0,5772.0,1242281828.0,28.0,9.305,10.706,0.42,398087.0,False
300.0,982f07b05aa788dcb221cf0f46a98a28.param,2.0,0.0,0.0,15.763,1242281828.0,542a1f973acf07aa33832f9c02c3438c,503942.0,1.0,0.0,10.864,16,402688.0,0.0,395004.0,6277.0,1.355,3081.0,6277.0,-1.0,15424.0,0.0,877154.0,5772.0,1242281828.0,28.0,9.267999999999999,10.623,0.42,398087.0,False
300.0,a6fb6cef21abb3da58a08c431abe1820.param,0.0,0.0,0.0,39.726,83966730.0,93d8d3c89284576dce9902ea5e16c965,39606.0,1.0,0.0,5.5070000000000014,16,10043.0,0.0,1000523.0,4756.0,3.556,8721.0,4756.0,-1.0,5243.0,0.0,476596.0,17046.0,83966730.0,21.0,1.392,4.948,0.42,1009246.0,False
300.0,a6fb6cef21abb3da58a08c431abe1820.param,1.0,0.0,0.0,38.17,83966730.0,93d8d3c89284576dce9902ea5e16c965,39606.0,1.0,0.0,5.544,16,10043.0,0.0,1000523.0,4756.0,3.572,8721.0,4756.0,-1.0,5243.0,0.0,476596.0,17046.0,83966730.0,21.0,1.402,4.974,0.42,1009246.0,False
300.0,a6fb6cef21abb3da58a08c431abe1820.param,2.0,0.0,0.0,38.607,83966730.0,93d8d3c89284576dce9902ea5e16c965,39606.0,1.0,0.0,5.8370000000000015,16,10043.0,0.0,1000523.0,4756.0,3.662,8721.0,4756.0,-1.0,5243.0,0.0,476596.0,17046.0,83966730.0,21.0,1.465,5.127000000000002,0.42,1009246.0,False
300.0,b366bbc99f4b12f6958260432db8f433.param,0.0,0.0,0.0,42.94300000000001,600810857.0,59b670d7e2ac185a0b5fc33f1d453880,173994.0,1.0,0.0,10.568,16,100566.0,0.0,1136851.0,5636.0,4.052,9653.0,5636.0,-1.0,9616.0,0.0,601470.0,18868.0,600810857.0,24.0,5.85,9.902000000000001,0.63,1146506.0,False
300.0,b366bbc99f4b12f6958260432db8f433.param,1.0,0.0,0.0,40.841,600810857.0,59b670d7e2ac185a0b5fc33f1d453880,173994.0,1.0,0.0,10.477,16,100566.0,0.0,1136851.0,5636.0,4.062,9653.0,5636.0,-1.0,9616.0,0.0,601470.0,18868.0,600810857.0,24.0,5.7860000000000005,9.847999999999999,0.63,1146506.0,False
300.0,b366bbc99f4b12f6958260432db8f433.param,2.0,0.0,0.0,40.871,600810857.0,59b670d7e2ac185a0b5fc33f1d453880,173994.0,1.0,0.0,10.93,16,100566.0,0.0,1136851.0,5636.0,4.15,9653.0,5636.0,-1.0,9616.0,0.0,601470.0,18868.0,600810857.0,24.0,6.108,10.258,0.63,1146506.0,False
300.0,a6ff37b0cef2bdd5134de774a2ccfcdd.param,0.0,0.0,0.0,6.654,1571287961.0,8393d24413bbef74835533a68bb2d8c2,94226.0,1.0,0.0,3.9930000000000003,16,50173.0,0.0,145011.0,5791.0,0.505,1025.0,5791.0,-1.0,6694.0,0.0,814334.0,1732.0,1571287961.0,25.0,3.367,3.872,0.19,146038.0,False
300.0,a6ff37b0cef2bdd5134de774a2ccfcdd.param,1.0,0.0,0.0,6.461,1571287961.0,8393d24413bbef74835533a68bb2d8c2,94226.0,1.0,0.0,3.9010000000000002,16,50173.0,0.0,145011.0,5791.0,0.494,1025.0,5791.0,-1.0,6694.0,0.0,814334.0,1732.0,1571287961.0,25.0,3.2910000000000004,3.785,0.19,146038.0,False
300.0,a6ff37b0cef2bdd5134de774a2ccfcdd.param,2.0,0.0,0.0,6.848,1571287961.0,8393d24413bbef74835533a68bb2d8c2,94226.0,1.0,0.0,3.87,16,50173.0,0.0,145011.0,5791.0,0.486,1025.0,5791.0,-1.0,6694.0,0.0,814334.0,1732.0,1571287961.0,25.0,3.264,3.75,0.19,146038.0,False
300.0,86aef175e49750375aaf5bf4f54ac0c2.param,0.0,0.0,0.0,64.173,95956545.0,cb8aacf9d841f04e1de29981fd45faa0,191481.0,1.0,0.0,13.575999999999999,16,116988.0,0.0,1733260.0,6317.0,6.386,13359.0,6317.0,-1.0,11925.0,0.0,755883.0,26229.0,95956545.0,29.0,6.218999999999999,12.605,0.63,1746621.0,False
300.0,86aef175e49750375aaf5bf4f54ac0c2.param,1.0,0.0,0.0,59.283,95956545.0,cb8aacf9d841f04e1de29981fd45faa0,191481.0,1.0,0.0,13.142000000000001,16,116988.0,0.0,1733260.0,6317.0,6.33,13359.0,6317.0,-1.0,11925.0,0.0,755883.0,26229.0,95956545.0,29.0,5.902,12.232000000000001,0.63,1746621.0,False
300.0,86aef175e49750375aaf5bf4f54ac0c2.param,2.0,0.0,0.0,63.31100000000001,95956545.0,cb8aacf9d841f04e1de29981fd45faa0,191481.0,1.0,0.0,13.337,16,116988.0,0.0,1733260.0,6317.0,6.38,13359.0,6317.0,-1.0,11925.0,0.0,755883.0,26229.0,95956545.0,29.0,5.9879999999999995,12.368,0.63,1746621.0,False
300.0,099cc4db78f534b541e03b3d21476677.param,0.0,0.0,0.0,10.376,693280077.0,97577e6b642ea8b1d33752ad721497d9,38722.0,1.0,0.0,2.237,16,15060.0,0.0,236018.0,4680.0,0.848,1800.0,4680.0,-1.0,5124.0,0.0,575649.0,3243.0,693280077.0,20.0,1.2309999999999999,2.079,0.12,237820.0,False
300.0,099cc4db78f534b541e03b3d21476677.param,1.0,0.0,0.0,10.14,693280077.0,97577e6b642ea8b1d33752ad721497d9,38722.0,1.0,0.0,2.3040000000000003,16,15060.0,0.0,236018.0,4680.0,0.8059999999999999,1800.0,4680.0,-1.0,5124.0,0.0,575649.0,3243.0,693280077.0,20.0,1.298,2.104,0.12,237820.0,False
300.0,099cc4db78f534b541e03b3d21476677.param,2.0,0.0,0.0,10.128,693280077.0,97577e6b642ea8b1d33752ad721497d9,38722.0,1.0,0.0,2.2030000000000003,16,15060.0,0.0,236018.0,4680.0,0.812,1800.0,4680.0,-1.0,5124.0,0.0,575649.0,3243.0,693280077.0,20.0,1.218,2.03,0.12,237820.0,False
300.0,55af68f15fe32e43da610c5d90806a4a.param,0.0,0.0,0.0,64.493,862094683.0,eed36c0957dd56489482909eb549ef83,240374.0,1.0,0.0,24.666,16,93381.0,0.0,1699028.0,10378.0,6.197,11385.0,10378.0,-1.0,16139.0,0.0,1115437.0,22299.0,862094683.0,37.0,17.254,23.451,0.63,1710415.0,False
300.0,55af68f15fe32e43da610c5d90806a4a.param,1.0,0.0,0.0,61.506,862094683.0,eed36c0957dd56489482909eb549ef83,240374.0,1.0,0.0,24.362,16,93381.0,0.0,1699028.0,10378.0,6.1670000000000025,11385.0,10378.0,-1.0,16139.0,0.0,1115437.0,22299.0,862094683.0,37.0,16.987000000000002,23.154,0.63,1710415.0,False
300.0,55af68f15fe32e43da610c5d90806a4a.param,2.0,0.0,0.0,62.803000000000004,862094683.0,eed36c0957dd56489482909eb549ef83,240374.0,1.0,0.0,24.115,16,93381.0,0.0,1699028.0,10378.0,6.192,11385.0,10378.0,-1.0,16139.0,0.0,1115437.0,22299.0,862094683.0,37.0,16.997,23.189,0.63,1710415.0,False
300.0,5aa281057d97f045673ea5f22f4a03c2.param,0.0,0.0,0.0,10.378,2050821110.0,10cb7e6c762de60a6aba0ff8875bf688,129419.0,1.0,0.0,11.215,16,52027.0,0.0,267178.0,9643.0,0.907,1970.0,9643.0,-1.0,8667.0,0.0,604645.0,3619.0,2050821110.0,32.0,10.145,11.052,0.19,269150.0,False
300.0,5aa281057d97f045673ea5f22f4a03c2.param,1.0,0.0,0.0,11.110999999999999,2050821110.0,10cb7e6c762de60a6aba0ff8875bf688,129419.0,1.0,0.0,11.386,16,52027.0,0.0,267178.0,9643.0,0.932,1970.0,9643.0,-1.0,8667.0,0.0,604645.0,3619.0,2050821110.0,32.0,10.264000000000001,11.196,0.19,269150.0,False
300.0,5aa281057d97f045673ea5f22f4a03c2.param,2.0,0.0,0.0,10.006,2050821110.0,10cb7e6c762de60a6aba0ff8875bf688,129419.0,1.0,0.0,11.484000000000002,16,52027.0,0.0,267178.0,9643.0,1.018,1970.0,9643.0,-1.0,8667.0,0.0,604645.0,3619.0,2050821110.0,32.0,10.287,11.305,0.19,269150.0,False
300.0,23179b628ad596b0808644865ee42008.param,0.0,0.0,0.0,16.947,1083416308.0,7468f04f245e5fd2514f6388ed0e42bf,52177.0,1.0,0.0,4.455,16,20541.0,0.0,424920.0,4795.0,1.6540000000000001,3657.0,4795.0,-1.0,5950.0,0.0,327121.0,7011.0,1083416308.0,21.0,2.521,4.175,0.19,428579.0,False
300.0,23179b628ad596b0808644865ee42008.param,1.0,0.0,0.0,17.677,1083416308.0,7468f04f245e5fd2514f6388ed0e42bf,52177.0,1.0,0.0,4.131,16,20541.0,0.0,424920.0,4795.0,1.4680000000000002,3657.0,4795.0,-1.0,5950.0,0.0,327121.0,7011.0,1083416308.0,21.0,2.416,3.884,0.19,428579.0,False
300.0,23179b628ad596b0808644865ee42008.param,2.0,0.0,0.0,17.977,1083416308.0,7468f04f245e5fd2514f6388ed0e42bf,52177.0,1.0,0.0,4.183,16,20541.0,0.0,424920.0,4795.0,1.472,3657.0,4795.0,-1.0,5950.0,0.0,327121.0,7011.0,1083416308.0,21.0,2.423,3.895,0.19,428579.0,False
300.0,3cadb3807e2a210325a234888d281fbd.param,0.0,0.0,0.0,7.2,1242281828.0,52b9ec4cda612b7fe7378e7bbb34b602,86314.0,1.0,0.0,3.73,16,56361.0,0.0,166184.0,4662.0,0.606,1530.0,4662.0,-1.0,5791.0,0.0,454596.0,2805.0,1242281828.0,20.0,3.002,3.608,0.19,167716.0,False
300.0,3cadb3807e2a210325a234888d281fbd.param,1.0,0.0,0.0,7.187,1242281828.0,52b9ec4cda612b7fe7378e7bbb34b602,86314.0,1.0,0.0,3.891,16,56361.0,0.0,166184.0,4662.0,0.5710000000000001,1530.0,4662.0,-1.0,5791.0,0.0,454596.0,2805.0,1242281828.0,20.0,3.195,3.766,0.19,167716.0,False
300.0,3cadb3807e2a210325a234888d281fbd.param,2.0,0.0,0.0,6.829,1242281828.0,52b9ec4cda612b7fe7378e7bbb34b602,86314.0,1.0,0.0,3.6860000000000004,16,56361.0,0.0,166184.0,4662.0,0.562,1530.0,4662.0,-1.0,5791.0,0.0,454596.0,2805.0,1242281828.0,20.0,3.009,3.571,0.19,167716.0,False
300.0,38650beb2ce576c812a3ef6ac5621787.param,0.0,0.0,0.0,8.602,83966730.0,0c86965f1076a157bbc19067fe8e2d08,154742.0,1.0,0.0,5.221,16,102688.0,0.0,202728.0,6203.0,0.8059999999999999,1512.0,6203.0,-1.0,7826.0,0.0,908018.0,2721.0,83966730.0,28.0,4.261,5.067,0.28,204242.0,False
300.0,38650beb2ce576c812a3ef6ac5621787.param,1.0,0.0,0.0,8.863,83966730.0,0c86965f1076a157bbc19067fe8e2d08,154742.0,1.0,0.0,5.215,16,102688.0,0.0,202728.0,6203.0,0.698,1512.0,6203.0,-1.0,7826.0,0.0,908018.0,2721.0,83966730.0,28.0,4.374,5.072,0.28,204242.0,False
300.0,38650beb2ce576c812a3ef6ac5621787.param,2.0,0.0,0.0,9.035,83966730.0,0c86965f1076a157bbc19067fe8e2d08,154742.0,1.0,0.0,5.17,16,102688.0,0.0,202728.0,6203.0,0.68,1512.0,6203.0,-1.0,7826.0,0.0,908018.0,2721.0,83966730.0,28.0,4.35,5.03,0.28,204242.0,False
300.0,af0a6d4f3f8e41dd411ac993d1c5e5ad.param,0.0,0.0,0.0,18.488,34754393.0,77b548095c60ada9b464a6f90c187bab,492963.0,1.0,0.0,14.025,16,369434.0,0.0,449327.0,10285.0,1.594,3012.0,10285.0,-1.0,15406.0,0.0,996243.0,5616.0,34754393.0,36.0,12.149000000000001,13.743,0.42,452341.0,False
300.0,af0a6d4f3f8e41dd411ac993d1c5e5ad.param,1.0,0.0,0.0,19.489,34754393.0,77b548095c60ada9b464a6f90c187bab,492963.0,1.0,0.0,14.164000000000001,16,369434.0,0.0,449327.0,10285.0,1.584,3012.0,10285.0,-1.0,15406.0,0.0,996243.0,5616.0,34754393.0,36.0,12.242,13.825999999999999,0.42,452341.0,False
300.0,af0a6d4f3f8e41dd411ac993d1c5e5ad.param,2.0,0.0,0.0,18.072,34754393.0,77b548095c60ada9b464a6f90c187bab,492963.0,1.0,0.0,14.057,16,369434.0,0.0,449327.0,10285.0,1.568,3012.0,10285.0,-1.0,15406.0,0.0,996243.0,5616.0,34754393.0,36.0,12.222999999999999,13.790999999999999,0.42,452341.0,False
300.0,05e1a93acf56766caa36729883ed69ed.param,0.0,0.0,0.0,97.179,1571287961.0,e44eff5a6bc1e45d6180d1c9778f7d8e,1151821.0,1.0,0.0,51.68600000000001,16,909143.0,0.0,2477396.0,10335.0,9.146,16933.0,10335.0,-1.0,29367.0,0.0,1770791.0,33263.0,1571287961.0,37.0,41.207,50.353,0.94,2494331.0,False
300.0,05e1a93acf56766caa36729883ed69ed.param,1.0,0.0,0.0,92.025,1571287961.0,e44eff5a6bc1e45d6180d1c9778f7d8e,1151821.0,1.0,0.0,51.617,16,909143.0,0.0,2477396.0,10335.0,9.263,16933.0,10335.0,-1.0,29367.0,0.0,1770791.0,33263.0,1571287961.0,37.0,40.795,50.058,0.94,2494331.0,False
300.0,05e1a93acf56766caa36729883ed69ed.param,2.0,0.0,0.0,92.461,1571287961.0,e44eff5a6bc1e45d6180d1c9778f7d8e,1151821.0,1.0,0.0,51.176,16,909143.0,0.0,2477396.0,10335.0,9.335,16933.0,10335.0,-1.0,29367.0,0.0,1770791.0,33263.0,1571287961.0,37.0,39.985,49.32,0.94,2494331.0,False
300.0,53a3b10a6d39a1f0633d42a0b8cc93a7.param,0.0,0.0,0.0,14.177999999999999,1405409883.0,6107d3b8dd0a533e244b2357f2c6e7bf,182863.0,1.0,0.0,12.748,16,74177.0,0.0,334931.0,9780.0,1.16,2340.0,9780.0,-1.0,13303.0,0.0,875642.0,4356.0,1405409883.0,33.0,11.39,12.55,0.28,337273.0,False
300.0,53a3b10a6d39a1f0633d42a0b8cc93a7.param,1.0,0.0,0.0,14.148,1405409883.0,6107d3b8dd0a533e244b2357f2c6e7bf,182863.0,1.0,0.0,13.032,16,74177.0,0.0,334931.0,9780.0,1.1440000000000001,2340.0,9780.0,-1.0,13303.0,0.0,875642.0,4356.0,1405409883.0,33.0,11.597000000000001,12.741,0.28,337273.0,False
300.0,53a3b10a6d39a1f0633d42a0b8cc93a7.param,2.0,0.0,0.0,13.157,1405409883.0,6107d3b8dd0a533e244b2357f2c6e7bf,182863.0,1.0,0.0,12.782,16,74177.0,0.0,334931.0,9780.0,1.172,2340.0,9780.0,-1.0,13303.0,0.0,875642.0,4356.0,1405409883.0,33.0,11.405999999999999,12.578,0.28,337273.0,False
300.0,f6a9922fc219371dd62d3d64f513f435.param,0.0,0.0,0.0,28.273000000000003,1923385776.0,db15ce6cf3eeb2c55077d1b3e5ef1f0b,214870.0,1.0,0.0,13.479000000000001,16,122242.0,0.0,753176.0,9641.0,2.661,5550.0,9641.0,-1.0,9643.0,0.0,768390.0,10737.0,1923385776.0,32.0,10.238999999999999,12.9,0.42,758728.0,False
300.0,f6a9922fc219371dd62d3d64f513f435.param,1.0,0.0,0.0,29.065,1923385776.0,db15ce6cf3eeb2c55077d1b3e5ef1f0b,214870.0,1.0,0.0,13.56,16,122242.0,0.0,753176.0,9641.0,2.668,5550.0,9641.0,-1.0,9643.0,0.0,768390.0,10737.0,1923385776.0,32.0,10.315,12.982999999999999,0.42,758728.0,False
300.0,f6a9922fc219371dd62d3d64f513f435.param,2.0,0.0,0.0,27.773000000000003,1923385776.0,db15ce6cf3eeb2c55077d1b3e5ef1f0b,214870.0,1.0,0.0,13.253,16,122242.0,0.0,753176.0,9641.0,2.668,5550.0,9641.0,-1.0,9643.0,0.0,768390.0,10737.0,1923385776.0,32.0,10.148,12.815999999999999,0.42,758728.0,False
300.0,2b9f5024001a051a59314cacbe0b17e8.param,0.0,0.0,0.0,49.475,1235388569.0,89ac209255e5d8256fcda2e8b2e1a507,112273.0,1.0,0.0,12.597999999999999,16,21984.0,0.0,1299418.0,5706.0,4.688,10759.0,5706.0,-1.0,14333.0,0.0,633968.0,21059.0,1235388569.0,25.0,7.178,11.866,0.63,1310179.0,False
300.0,2b9f5024001a051a59314cacbe0b17e8.param,1.0,0.0,0.0,49.218,1235388569.0,89ac209255e5d8256fcda2e8b2e1a507,112273.0,1.0,0.0,13.047,16,21984.0,0.0,1299418.0,5706.0,4.7669999999999995,10759.0,5706.0,-1.0,14333.0,0.0,633968.0,21059.0,1235388569.0,25.0,7.313,12.08,0.63,1310179.0,False
300.0,2b9f5024001a051a59314cacbe0b17e8.param,2.0,0.0,0.0,48.352,1235388569.0,89ac209255e5d8256fcda2e8b2e1a507,112273.0,1.0,0.0,12.589,16,21984.0,0.0,1299418.0,5706.0,4.654,10759.0,5706.0,-1.0,14333.0,0.0,633968.0,21059.0,1235388569.0,25.0,7.186,11.84,0.63,1310179.0,False
300.0,5270155d690360dab58e1b470ef17ea7.param,0.0,0.0,0.0,32.512,270657042.0,7566a690bf7175049d1309451aee1af1,59215.0,1.0,0.0,7.191,16,5168.0,0.0,878920.0,4795.0,3.153,7560.0,4795.0,-1.0,9848.0,0.0,503770.0,14721.0,270657042.0,21.0,3.522,6.675,0.42,886482.0,False
300.0,5270155d690360dab58e1b470ef17ea7.param,1.0,0.0,0.0,32.564,270657042.0,7566a690bf7175049d1309451aee1af1,59215.0,1.0,0.0,7.1739999999999995,16,5168.0,0.0,878920.0,4795.0,3.2060000000000004,7560.0,4795.0,-1.0,9848.0,0.0,503770.0,14721.0,270657042.0,21.0,3.455,6.6610000000000005,0.42,886482.0,False
300.0,5270155d690360dab58e1b470ef17ea7.param,2.0,0.0,0.0,34.13,270657042.0,7566a690bf7175049d1309451aee1af1,59215.0,1.0,0.0,7.2570000000000014,16,5168.0,0.0,878920.0,4795.0,3.161,7560.0,4795.0,-1.0,9848.0,0.0,503770.0,14721.0,270657042.0,21.0,3.5810000000000004,6.742000000000001,0.42,886482.0,False
300.0,947c519055ac35bb731937204fc0d266.param,0.0,0.0,0.0,48.113,1979567522.0,d96ee750db95bd1ed4cb6c0368a8c496,1170914.0,1.0,0.0,33.667,16,971637.0,0.0,1334516.0,11249.0,4.845,8853.0,11249.0,-1.0,21424.0,0.0,1459923.0,17253.0,1979567522.0,40.0,28.093000000000004,32.938,0.63,1343371.0,False
300.0,947c519055ac35bb731937204fc0d266.param,1.0,0.0,0.0,49.543,1979567522.0,d96ee750db95bd1ed4cb6c0368a8c496,1170914.0,1.0,0.0,34.227,16,971637.0,0.0,1334516.0,11249.0,4.806,8853.0,11249.0,-1.0,21424.0,0.0,1459923.0,17253.0,1979567522.0,40.0,28.43,33.236,0.63,1343371.0,False
300.0,947c519055ac35bb731937204fc0d266.param,2.0,0.0,0.0,52.69,1979567522.0,d96ee750db95bd1ed4cb6c0368a8c496,1170914.0,1.0,0.0,33.574,16,971637.0,0.0,1334516.0,11249.0,4.842,8853.0,11249.0,-1.0,21424.0,0.0,1459923.0,17253.0,1979567522.0,40.0,27.976,32.818000000000005,0.63,1343371.0,False
300.0,5acf53328f53703eb5ee3288a3efea11.param,0.0,0.0,0.0,26.494,590654055.0,1d7568c0248fe34ea65f4db0bda529d7,546657.0,1.0,0.0,29.366,16,369201.0,0.0,662084.0,10332.0,2.392,4482.0,10332.0,-1.0,22467.0,0.0,1221427.0,8541.0,590654055.0,37.0,26.581999999999997,28.974,0.63,666568.0,False
300.0,5acf53328f53703eb5ee3288a3efea11.param,1.0,0.0,0.0,24.866,590654055.0,1d7568c0248fe34ea65f4db0bda529d7,546657.0,1.0,0.0,29.153000000000002,16,369201.0,0.0,662084.0,10332.0,2.3930000000000002,4482.0,10332.0,-1.0,22467.0,0.0,1221427.0,8541.0,590654055.0,37.0,26.38,28.773000000000003,0.63,666568.0,False
300.0,5acf53328f53703eb5ee3288a3efea11.param,2.0,0.0,0.0,26.191999999999997,590654055.0,1d7568c0248fe34ea65f4db0bda529d7,546657.0,1.0,0.0,29.427,16,369201.0,0.0,662084.0,10332.0,2.4019999999999997,4482.0,10332.0,-1.0,22467.0,0.0,1221427.0,8541.0,590654055.0,37.0,26.523000000000003,28.925,0.63,666568.0,False
300.0,638c867046eca01fa57da212f4a82591.param,0.0,0.0,0.0,22.267,83966730.0,2064416ff74944d6ff317d8c995072b8,29592.0,1.0,0.0,4.027,16,7534.0,0.0,596294.0,4115.0,2.101,5891.0,4115.0,-1.0,4466.0,0.0,303095.0,11452.0,83966730.0,17.0,1.558,3.659,0.28,602187.0,False
300.0,638c867046eca01fa57da212f4a82591.param,1.0,0.0,0.0,24.121,83966730.0,2064416ff74944d6ff317d8c995072b8,29592.0,1.0,0.0,3.988,16,7534.0,0.0,596294.0,4115.0,2.072,5891.0,4115.0,-1.0,4466.0,0.0,303095.0,11452.0,83966730.0,17.0,1.564,3.636,0.28,602187.0,False
300.0,638c867046eca01fa57da212f4a82591.param,2.0,0.0,0.0,21.647,83966730.0,2064416ff74944d6ff317d8c995072b8,29592.0,1.0,0.0,4.133,16,7534.0,0.0,596294.0,4115.0,2.2,5891.0,4115.0,-1.0,4466.0,0.0,303095.0,11452.0,83966730.0,17.0,1.5619999999999998,3.762,0.28,602187.0,False
300.0,d8e0991db153700fc6f942a70d96d0d8.param,0.0,0.0,0.0,9.431000000000001,270657042.0,b00a777e8b57a5de5b31e3574b437178,188983.0,1.0,0.0,6.178,16,113763.0,0.0,221458.0,6200.0,0.755,1770.0,6200.0,-1.0,8025.0,0.0,704676.0,3249.0,270657042.0,28.0,5.27,6.025,0.28,223230.0,False
300.0,d8e0991db153700fc6f942a70d96d0d8.param,1.0,0.0,0.0,8.904,270657042.0,b00a777e8b57a5de5b31e3574b437178,188983.0,1.0,0.0,6.2920000000000025,16,113763.0,0.0,221458.0,6200.0,0.765,1770.0,6200.0,-1.0,8025.0,0.0,704676.0,3249.0,270657042.0,28.0,5.329,6.093999999999999,0.28,223230.0,False
300.0,d8e0991db153700fc6f942a70d96d0d8.param,2.0,0.0,0.0,9.968,270657042.0,b00a777e8b57a5de5b31e3574b437178,188983.0,1.0,0.0,6.153,16,113763.0,0.0,221458.0,6200.0,0.753,1770.0,6200.0,-1.0,8025.0,0.0,704676.0,3249.0,270657042.0,28.0,5.237,5.99,0.28,223230.0,False
300.0,b1fed41c662b810a67f17347ca208a34.param,0.0,0.0,0.0,35.304,1145031130.0,dddd7c5c364721446e581e0daafabdbe,134273.0,1.0,0.0,9.205,16,54273.0,0.0,976102.0,6355.0,3.463,7439.0,6355.0,-1.0,9837.0,0.0,694218.0,14494.0,1145031130.0,29.0,5.191,8.654,0.42,983543.0,False
300.0,b1fed41c662b810a67f17347ca208a34.param,1.0,0.0,0.0,38.84,1145031130.0,dddd7c5c364721446e581e0daafabdbe,134273.0,1.0,0.0,9.285,16,54273.0,0.0,976102.0,6355.0,3.517,7439.0,6355.0,-1.0,9837.0,0.0,694218.0,14494.0,1145031130.0,29.0,5.224,8.741,0.42,983543.0,False
300.0,b1fed41c662b810a67f17347ca208a34.param,2.0,0.0,0.0,36.228,1145031130.0,dddd7c5c364721446e581e0daafabdbe,134273.0,1.0,0.0,9.498,16,54273.0,0.0,976102.0,6355.0,3.662,7439.0,6355.0,-1.0,9837.0,0.0,694218.0,14494.0,1145031130.0,29.0,5.285,8.947000000000003,0.42,983543.0,False
300.0,80402835d130022a9820ca0328640cdb.param,0.0,0.0,0.0,26.706,554543104.0,82567eb0ddd934469a18a97cbc0d7e78,452448.0,1.0,0.0,10.811,16,353674.0,0.0,664778.0,4600.0,2.376,6195.0,4600.0,-1.0,18958.0,0.0,669015.0,11889.0,554543104.0,20.0,8.043,10.419,0.42,670975.0,False
300.0,80402835d130022a9820ca0328640cdb.param,1.0,0.0,0.0,26.342,554543104.0,82567eb0ddd934469a18a97cbc0d7e78,452448.0,1.0,0.0,11.002,16,353674.0,0.0,664778.0,4600.0,2.365,6195.0,4600.0,-1.0,18958.0,0.0,669015.0,11889.0,554543104.0,20.0,8.131,10.495999999999999,0.42,670975.0,False
300.0,80402835d130022a9820ca0328640cdb.param,2.0,0.0,0.0,27.061,554543104.0,82567eb0ddd934469a18a97cbc0d7e78,452448.0,1.0,0.0,10.806,16,353674.0,0.0,664778.0,4600.0,2.359,6195.0,4600.0,-1.0,18958.0,0.0,669015.0,11889.0,554543104.0,20.0,8.056000000000001,10.415,0.42,670975.0,False
300.0,85c2d2f2fd6238e8bf0bbcfd97821631.param,0.0,0.0,0.0,45.715,1979567522.0,392343cac160474425071bd0f3847641,1230464.0,1.0,0.0,40.064,16,1010641.0,0.0,1190648.0,10245.0,4.285,8310.0,10245.0,-1.0,26823.0,0.0,1613782.0,16119.0,1979567522.0,36.0,34.897,39.181999999999995,0.63,1198960.0,False
300.0,85c2d2f2fd6238e8bf0bbcfd97821631.param,1.0,0.0,0.0,45.37300000000001,1979567522.0,392343cac160474425071bd0f3847641,1230464.0,1.0,0.0,39.749,16,1010641.0,0.0,1190648.0,10245.0,4.412,8310.0,10245.0,-1.0,26823.0,0.0,1613782.0,16119.0,1979567522.0,36.0,34.648,39.06,0.63,1198960.0,False
300.0,85c2d2f2fd6238e8bf0bbcfd97821631.param,2.0,0.0,0.0,44.026,1979567522.0,392343cac160474425071bd0f3847641,1230464.0,1.0,0.0,39.44,16,1010641.0,0.0,1190648.0,10245.0,4.381,8310.0,10245.0,-1.0,26823.0,0.0,1613782.0,16119.0,1979567522.0,36.0,34.398,38.779,0.63,1198960.0,False
300.0,45f3b2d841eff242a2cd183a0c58dc4d.param,0.0,0.0,0.0,12.07,1257636424.0,cb83e972327eb9d2905a18c416e2bee1,397649.0,1.0,0.0,7.037999999999999,16,306007.0,0.0,286539.0,6347.0,0.982,2136.0,6347.0,-1.0,14376.0,0.0,1169800.0,3852.0,1257636424.0,29.0,5.855,6.8370000000000015,0.42,288677.0,False
300.0,45f3b2d841eff242a2cd183a0c58dc4d.param,1.0,0.0,0.0,12.334000000000001,1257636424.0,cb83e972327eb9d2905a18c416e2bee1,397649.0,1.0,0.0,6.939,16,306007.0,0.0,286539.0,6347.0,1.038,2136.0,6347.0,-1.0,14376.0,0.0,1169800.0,3852.0,1257636424.0,29.0,5.716,6.754,0.42,288677.0,False
300.0,45f3b2d841eff242a2cd183a0c58dc4d.param,2.0,0.0,0.0,11.808,1257636424.0,cb83e972327eb9d2905a18c416e2bee1,397649.0,1.0,0.0,7.165,16,306007.0,0.0,286539.0,6347.0,0.978,2136.0,6347.0,-1.0,14376.0,0.0,1169800.0,3852.0,1257636424.0,29.0,5.9220000000000015,6.9,0.42,288677.0,False
300.0,96344359b1d56ff7726ed1408e74685f.param,0.0,0.0,0.0,34.958,746355495.0,105f1555a0a751dc7e0f04bcb6daeac7,58724.0,1.0,0.0,6.517,16,27814.0,0.0,924810.0,4197.0,3.285,8745.0,4197.0,-1.0,5882.0,0.0,388299.0,17091.0,746355495.0,17.0,2.716,6.001,0.42,933557.0,False
300.0,96344359b1d56ff7726ed1408e74685f.param,1.0,0.0,0.0,36.153,746355495.0,105f1555a0a751dc7e0f04bcb6daeac7,58724.0,1.0,0.0,6.624,16,27814.0,0.0,924810.0,4197.0,3.3360000000000003,8745.0,4197.0,-1.0,5882.0,0.0,388299.0,17091.0,746355495.0,17.0,2.759,6.095,0.42,933557.0,False
300.0,96344359b1d56ff7726ed1408e74685f.param,2.0,0.0,0.0,34.162,746355495.0,105f1555a0a751dc7e0f04bcb6daeac7,58724.0,1.0,0.0,6.545,16,27814.0,0.0,924810.0,4197.0,3.34,8745.0,4197.0,-1.0,5882.0,0.0,388299.0,17091.0,746355495.0,17.0,2.6910000000000003,6.0310000000000015,0.42,933557.0,False
300.0,7c8d5058b5b148685018d3330ac42f68.param,0.0,0.0,0.0,46.451,1258716603.0,88c1fc74539b95c7cf6f4c03c6091625,236726.0,1.0,0.0,37.705,16,73550.0,0.0,1179845.0,9764.0,4.287,8505.0,9764.0,-1.0,20379.0,0.0,855582.0,16596.0,1258716603.0,33.0,32.705999999999996,36.993,0.42,1188352.0,False
300.0,7c8d5058b5b148685018d3330ac42f68.param,1.0,0.0,0.0,45.732,1258716603.0,88c1fc74539b95c7cf6f4c03c6091625,236726.0,1.0,0.0,38.038000000000004,16,73550.0,0.0,1179845.0,9764.0,4.39,8505.0,9764.0,-1.0,20379.0,0.0,855582.0,16596.0,1258716603.0,33.0,32.933,37.323,0.42,1188352.0,False
300.0,7c8d5058b5b148685018d3330ac42f68.param,2.0,0.0,0.0,45.64100000000001,1258716603.0,88c1fc74539b95c7cf6f4c03c6091625,236726.0,1.0,0.0,38.366,16,73550.0,0.0,1179845.0,9764.0,4.215,8505.0,9764.0,-1.0,20379.0,0.0,855582.0,16596.0,1258716603.0,33.0,33.265,37.48,0.42,1188352.0,False
300.0,ea7bd7600bcbe337da419744986a2765.param,0.0,0.0,0.0,57.674,1057470620.0,0de5065acd069a7fe3531e09636de5c0,1334842.0,1.0,0.0,23.916999999999998,16,1087096.0,0.0,1554609.0,10332.0,5.848,10520.0,10332.0,-1.0,27287.0,0.0,1804067.0,20530.0,1057470620.0,37.0,17.2,23.048000000000002,0.63,1565131.0,False
300.0,ea7bd7600bcbe337da419744986a2765.param,1.0,0.0,0.0,60.771,1057470620.0,0de5065acd069a7fe3531e09636de5c0,1334842.0,1.0,0.0,23.63,16,1087096.0,0.0,1554609.0,10332.0,5.64,10520.0,10332.0,-1.0,27287.0,0.0,1804067.0,20530.0,1057470620.0,37.0,17.134,22.774,0.63,1565131.0,False
300.0,ea7bd7600bcbe337da419744986a2765.param,2.0,0.0,0.0,58.872,1057470620.0,0de5065acd069a7fe3531e09636de5c0,1334842.0,1.0,0.0,23.791999999999998,16,1087096.0,0.0,1554609.0,10332.0,5.718,10520.0,10332.0,-1.0,27287.0,0.0,1804067.0,20530.0,1057470620.0,37.0,17.129,22.846999999999998,0.63,1565131.0,False
300.0,40381a7c5087f4ca968ce41333deeb15.param,0.0,0.0,0.0,23.34,746355495.0,a0e27018a2877d46d8108b4fcd752b8b,41881.0,1.0,0.0,3.5439999999999996,16,11849.0,0.0,621829.0,4663.0,2.181,5720.0,4663.0,-1.0,5249.0,0.0,372349.0,11110.0,746355495.0,20.0,1.001,3.182,0.28,627551.0,False
300.0,40381a7c5087f4ca968ce41333deeb15.param,1.0,0.0,0.0,23.581,746355495.0,a0e27018a2877d46d8108b4fcd752b8b,41881.0,1.0,0.0,3.657,16,11849.0,0.0,621829.0,4663.0,2.267,5720.0,4663.0,-1.0,5249.0,0.0,372349.0,11110.0,746355495.0,20.0,1.02,3.287,0.28,627551.0,False
300.0,40381a7c5087f4ca968ce41333deeb15.param,2.0,0.0,0.0,24.996,746355495.0,a0e27018a2877d46d8108b4fcd752b8b,41881.0,1.0,0.0,3.667,16,11849.0,0.0,621829.0,4663.0,2.294,5720.0,4663.0,-1.0,5249.0,0.0,372349.0,11110.0,746355495.0,20.0,1.01,3.304,0.28,627551.0,False
300.0,62b5368b71f5a58af6d0df94093218da.param,0.0,0.0,0.0,44.582,590654055.0,e0c9fdc8773e633247e101b6bfd149f5,286865.0,1.0,0.0,12.369000000000002,16,164073.0,0.0,1144189.0,6316.0,4.093999999999999,8920.0,6316.0,-1.0,19028.0,0.0,801259.0,17390.0,590654055.0,29.0,7.6229999999999976,11.717,0.63,1153111.0,False
300.0,62b5368b71f5a58af6d0df94093218da.param,1.0,0.0,0.0,40.698,590654055.0,e0c9fdc8773e633247e101b6bfd149f5,286865.0,1.0,0.0,12.827,16,164073.0,0.0,1144189.0,6316.0,4.133,8920.0,6316.0,-1.0,19028.0,0.0,801259.0,17390.0,590654055.0,29.0,7.831,11.964,0.63,1153111.0,False
300.0,62b5368b71f5a58af6d0df94093218da.param,2.0,0.0,0.0,43.87600000000001,590654055.0,e0c9fdc8773e633247e101b6bfd149f5,286865.0,1.0,0.0,12.552,16,164073.0,0.0,1144189.0,6316.0,4.224,8920.0,6316.0,-1.0,19028.0,0.0,801259.0,17390.0,590654055.0,29.0,7.655,11.879000000000001,0.63,1153111.0,False
300.0,da23055718a39734c4c353a6c30d342b.param,0.0,0.0,0.0,41.155,1405409883.0,8f9abbb2969c26b0408cc621023646d2,64045.0,1.0,0.0,8.657,16,16589.0,0.0,1148630.0,4762.0,4.17,10143.0,4762.0,-1.0,8010.0,0.0,431687.0,19860.0,1405409883.0,21.0,3.82,7.99,0.63,1158775.0,False
300.0,da23055718a39734c4c353a6c30d342b.param,1.0,0.0,0.0,43.419,1405409883.0,8f9abbb2969c26b0408cc621023646d2,64045.0,1.0,0.0,8.817,16,16589.0,0.0,1148630.0,4762.0,4.315,10143.0,4762.0,-1.0,8010.0,0.0,431687.0,19860.0,1405409883.0,21.0,3.827,8.142000000000001,0.63,1158775.0,False
300.0,da23055718a39734c4c353a6c30d342b.param,2.0,0.0,0.0,41.934,1405409883.0,8f9abbb2969c26b0408cc621023646d2,64045.0,1.0,0.0,8.507,16,16589.0,0.0,1148630.0,4762.0,4.09,10143.0,4762.0,-1.0,8010.0,0.0,431687.0,19860.0,1405409883.0,21.0,3.8,7.89,0.63,1158775.0,False
300.0,9c8685614d2fcc8ed75e3df0b278a590.param,0.0,0.0,0.0,26.112,506016928.0,dbbc4862fd8b3f90538b5568be12c528,410389.0,1.0,0.0,9.69,16,309935.0,0.0,662897.0,6356.0,2.438,4994.0,6356.0,-1.0,11673.0,0.0,656672.0,9586.0,506016928.0,29.0,6.859,9.297,0.28,667893.0,False
300.0,9c8685614d2fcc8ed75e3df0b278a590.param,1.0,0.0,0.0,24.721999999999998,506016928.0,dbbc4862fd8b3f90538b5568be12c528,410389.0,1.0,0.0,9.672,16,309935.0,0.0,662897.0,6356.0,2.356,4994.0,6356.0,-1.0,11673.0,0.0,656672.0,9586.0,506016928.0,29.0,6.925,9.281,0.28,667893.0,False
300.0,9c8685614d2fcc8ed75e3df0b278a590.param,2.0,0.0,0.0,24.976,506016928.0,dbbc4862fd8b3f90538b5568be12c528,410389.0,1.0,0.0,9.507,16,309935.0,0.0,662897.0,6356.0,2.3680000000000003,4994.0,6356.0,-1.0,11673.0,0.0,656672.0,9586.0,506016928.0,29.0,6.755,9.123,0.28,667893.0,False
300.0,902f37d04b6af4dd50620fbce6af0b97.param,0.0,0.0,0.0,42.757,1258716603.0,e481b523c7ef7f2bfcb07b675e02de89,89648.0,1.0,0.0,9.599,16,27550.0,0.0,1176854.0,5706.0,4.526,9747.0,5706.0,-1.0,8303.0,0.0,572541.0,19071.0,1258716603.0,25.0,4.396,8.922,0.63,1186603.0,False
300.0,902f37d04b6af4dd50620fbce6af0b97.param,1.0,0.0,0.0,42.49,1258716603.0,e481b523c7ef7f2bfcb07b675e02de89,89648.0,1.0,0.0,9.783,16,27550.0,0.0,1176854.0,5706.0,4.4239999999999995,9747.0,5706.0,-1.0,8303.0,0.0,572541.0,19071.0,1258716603.0,25.0,4.513,8.937000000000003,0.63,1186603.0,False
300.0,902f37d04b6af4dd50620fbce6af0b97.param,2.0,0.0,0.0,45.048,1258716603.0,e481b523c7ef7f2bfcb07b675e02de89,89648.0,1.0,0.0,9.226,16,27550.0,0.0,1176854.0,5706.0,4.218999999999999,9747.0,5706.0,-1.0,8303.0,0.0,572541.0,19071.0,1258716603.0,25.0,4.342,8.561,0.63,1186603.0,False
300.0,62e0a8d6f7569c04cf8f5f709636e77e.param,0.0,0.0,0.0,22.774,1057470620.0,035e8ab5743c62fe085ee4d29a595fa0,637988.0,1.0,0.0,62.961999999999996,16,418612.0,0.0,642161.0,10287.0,2.322,4437.0,10287.0,-1.0,29146.0,0.0,1225438.0,8436.0,1057470620.0,36.0,60.113,62.435,0.63,646600.0,False
300.0,62e0a8d6f7569c04cf8f5f709636e77e.param,1.0,0.0,0.0,25.554000000000002,1057470620.0,035e8ab5743c62fe085ee4d29a595fa0,637988.0,1.0,0.0,63.75,16,418612.0,0.0,642161.0,10287.0,2.237,4437.0,10287.0,-1.0,29146.0,0.0,1225438.0,8436.0,1057470620.0,36.0,61.006,63.243,0.63,646600.0,False
300.0,62e0a8d6f7569c04cf8f5f709636e77e.param,2.0,0.0,0.0,23.767,1057470620.0,035e8ab5743c62fe085ee4d29a595fa0,637988.0,1.0,0.0,63.56399999999999,16,418612.0,0.0,642161.0,10287.0,2.247,4437.0,10287.0,-1.0,29146.0,0.0,1225438.0,8436.0,1057470620.0,36.0,60.905,63.152,0.63,646600.0,False
300.0,a14c00732fcd60d2f8416079c6315cd5.param,0.0,0.0,0.0,16.525,95956545.0,070e7fff5ad6472bb6d6935477b1c6f6,247713.0,1.0,0.0,13.617,16,150110.0,0.0,378296.0,9686.0,1.33,2758.0,9686.0,-1.0,11924.0,0.0,850309.0,5183.0,95956545.0,32.0,12.040999999999999,13.370999999999999,0.28,381056.0,False
300.0,a14c00732fcd60d2f8416079c6315cd5.param,1.0,0.0,0.0,15.417,95956545.0,070e7fff5ad6472bb6d6935477b1c6f6,247713.0,1.0,0.0,13.612,16,150110.0,0.0,378296.0,9686.0,1.338,2758.0,9686.0,-1.0,11924.0,0.0,850309.0,5183.0,95956545.0,32.0,12.030999999999999,13.369000000000002,0.28,381056.0,False
300.0,a14c00732fcd60d2f8416079c6315cd5.param,2.0,0.0,0.0,14.800999999999998,95956545.0,070e7fff5ad6472bb6d6935477b1c6f6,247713.0,1.0,0.0,13.812000000000001,16,150110.0,0.0,378296.0,9686.0,1.3969999999999998,2758.0,9686.0,-1.0,11924.0,0.0,850309.0,5183.0,95956545.0,32.0,12.18,13.577,0.28,381056.0,False
300.0,7b5860221ac4bf880739e34b36b6d1fb.param,0.0,0.0,0.0,40.161,95956545.0,313f884ee64f9e1de9777fcaf61885be,426015.0,1.0,0.0,21.19,16,263558.0,0.0,1101309.0,10332.0,4.064,7455.0,10332.0,-1.0,19787.0,0.0,1094169.0,14490.0,95956545.0,37.0,16.47,20.534000000000002,0.42,1108766.0,False
300.0,7b5860221ac4bf880739e34b36b6d1fb.param,1.0,0.0,0.0,40.227,95956545.0,313f884ee64f9e1de9777fcaf61885be,426015.0,1.0,0.0,20.936999999999998,16,263558.0,0.0,1101309.0,10332.0,3.972,7455.0,10332.0,-1.0,19787.0,0.0,1094169.0,14490.0,95956545.0,37.0,16.32,20.292,0.42,1108766.0,False
300.0,7b5860221ac4bf880739e34b36b6d1fb.param,2.0,0.0,0.0,43.827,95956545.0,313f884ee64f9e1de9777fcaf61885be,426015.0,1.0,0.0,21.241,16,263558.0,0.0,1101309.0,10332.0,3.997,7455.0,10332.0,-1.0,19787.0,0.0,1094169.0,14490.0,95956545.0,37.0,16.545,20.541999999999998,0.42,1108766.0,False
300.0,e3acebf7a8b1b7baee676b2504100871.param,0.0,0.0,0.0,8.908,600810857.0,bd9833f487fe08c53940628d2fa8406d,137993.0,1.0,0.0,6.757999999999999,16,78892.0,0.0,201488.0,5740.0,0.6920000000000001,1470.0,5740.0,-1.0,11818.0,0.0,909962.0,2559.0,600810857.0,25.0,5.881,6.5729999999999995,0.28,202960.0,False
300.0,e3acebf7a8b1b7baee676b2504100871.param,1.0,0.0,0.0,8.249,600810857.0,bd9833f487fe08c53940628d2fa8406d,137993.0,1.0,0.0,6.645,16,78892.0,0.0,201488.0,5740.0,0.6829999999999999,1470.0,5740.0,-1.0,11818.0,0.0,909962.0,2559.0,600810857.0,25.0,5.8229999999999995,6.506,0.28,202960.0,False
300.0,e3acebf7a8b1b7baee676b2504100871.param,2.0,0.0,0.0,8.412,600810857.0,bd9833f487fe08c53940628d2fa8406d,137993.0,1.0,0.0,6.724,16,78892.0,0.0,201488.0,5740.0,0.7,1470.0,5740.0,-1.0,11818.0,0.0,909962.0,2559.0,600810857.0,25.0,5.881,6.581,0.28,202960.0,False
300.0,291d875a60416791f305122ac9d8b34d.param,0.0,0.0,0.0,20.831999999999997,1923385776.0,840dd975868db93145f025e5600e5efa,703200.0,1.0,0.0,21.29,16,553127.0,0.0,558411.0,10287.0,1.946,3900.0,10287.0,-1.0,16686.0,0.0,1053824.0,7452.0,1923385776.0,36.0,19.026,20.971999999999998,0.42,562313.0,False
300.0,291d875a60416791f305122ac9d8b34d.param,1.0,0.0,0.0,22.284000000000002,1923385776.0,840dd975868db93145f025e5600e5efa,703200.0,1.0,0.0,21.439,16,553127.0,0.0,558411.0,10287.0,1.949,3900.0,10287.0,-1.0,16686.0,0.0,1053824.0,7452.0,1923385776.0,36.0,19.155,21.104,0.42,562313.0,False
300.0,291d875a60416791f305122ac9d8b34d.param,2.0,0.0,0.0,22.128,1923385776.0,840dd975868db93145f025e5600e5efa,703200.0,1.0,0.0,22.109,16,553127.0,0.0,558411.0,10287.0,2.15,3900.0,10287.0,-1.0,16686.0,0.0,1053824.0,7452.0,1923385776.0,36.0,19.573,21.72300000000001,0.42,562313.0,False
300.0,53797da70b0cf5f28e45644f5fda249f.param,0.0,0.0,0.0,8.8,1923385776.0,86da21b9a56b1390153eee21cf035fa6,80454.0,1.0,0.0,4.909,16,36640.0,0.0,196103.0,6361.0,0.667,1290.0,6361.0,-1.0,7557.0,0.0,683912.0,2244.0,1923385776.0,29.0,4.099,4.766,0.19,197395.0,False
300.0,53797da70b0cf5f28e45644f5fda249f.param,1.0,0.0,0.0,7.848,1923385776.0,86da21b9a56b1390153eee21cf035fa6,80454.0,1.0,0.0,5.1110000000000015,16,36640.0,0.0,196103.0,6361.0,0.6709999999999999,1290.0,6361.0,-1.0,7557.0,0.0,683912.0,2244.0,1923385776.0,29.0,4.245,4.916,0.19,197395.0,False
300.0,53797da70b0cf5f28e45644f5fda249f.param,2.0,0.0,0.0,8.496,1923385776.0,86da21b9a56b1390153eee21cf035fa6,80454.0,1.0,0.0,4.942,16,36640.0,0.0,196103.0,6361.0,0.6729999999999999,1290.0,6361.0,-1.0,7557.0,0.0,683912.0,2244.0,1923385776.0,29.0,4.121,4.794,0.19,197395.0,False
300.0,2c863ef862f94f5be37b35a0e4c17156.param,0.0,0.0,0.0,39.048,1235388569.0,417a35ab23e4a9f1f09ae12ee775f452,402808.0,1.0,0.0,19.208,16,252414.0,0.0,997491.0,10244.0,3.545,7038.0,10244.0,-1.0,18582.0,0.0,1002202.0,13668.0,1235388569.0,36.0,15.074000000000002,18.619,0.42,1004531.0,False
300.0,2c863ef862f94f5be37b35a0e4c17156.param,1.0,0.0,0.0,35.948,1235388569.0,417a35ab23e4a9f1f09ae12ee775f452,402808.0,1.0,0.0,19.596,16,252414.0,0.0,997491.0,10244.0,3.6460000000000004,7038.0,10244.0,-1.0,18582.0,0.0,1002202.0,13668.0,1235388569.0,36.0,15.169,18.815,0.42,1004531.0,False
300.0,2c863ef862f94f5be37b35a0e4c17156.param,2.0,0.0,0.0,36.673,1235388569.0,417a35ab23e4a9f1f09ae12ee775f452,402808.0,1.0,0.0,19.517,16,252414.0,0.0,997491.0,10244.0,3.5610000000000004,7038.0,10244.0,-1.0,18582.0,0.0,1002202.0,13668.0,1235388569.0,36.0,15.368,18.929000000000002,0.42,1004531.0,False
300.0,86d0a459cbac55d6b0ecb8de1373f318.param,0.0,0.0,0.0,42.489,34754393.0,26e4017d6ee555dab8865d0615f0f7bd,199571.0,1.0,0.0,9.509,16,160521.0,0.0,1119144.0,4088.0,4.133,11045.0,4088.0,-1.0,8479.0,0.0,524836.0,21601.0,34754393.0,16.0,4.724,8.857000000000003,0.63,1130191.0,False
300.0,86d0a459cbac55d6b0ecb8de1373f318.param,1.0,0.0,0.0,43.23,34754393.0,26e4017d6ee555dab8865d0615f0f7bd,199571.0,1.0,0.0,9.326,16,160521.0,0.0,1119144.0,4088.0,4.029,11045.0,4088.0,-1.0,8479.0,0.0,524836.0,21601.0,34754393.0,16.0,4.638999999999999,8.668,0.63,1130191.0,False
300.0,86d0a459cbac55d6b0ecb8de1373f318.param,2.0,0.0,0.0,43.066,34754393.0,26e4017d6ee555dab8865d0615f0f7bd,199571.0,1.0,0.0,9.191,16,160521.0,0.0,1119144.0,4088.0,4.003,11045.0,4088.0,-1.0,8479.0,0.0,524836.0,21601.0,34754393.0,16.0,4.569,8.572000000000001,0.63,1130191.0,False
300.0,ceb1794b37ee7a46798c6a75e6be96ab.param,0.0,0.0,0.0,16.17,590654055.0,21b375a7a3893f5cd30ee5a59567b9d3,554410.0,1.0,0.0,19.744,16,407487.0,0.0,401210.0,9799.0,1.445,2717.0,9799.0,-1.0,18751.0,0.0,1230804.0,5035.0,590654055.0,33.0,18.047,19.492,0.42,403929.0,False
300.0,ceb1794b37ee7a46798c6a75e6be96ab.param,1.0,0.0,0.0,15.924000000000001,590654055.0,21b375a7a3893f5cd30ee5a59567b9d3,554410.0,1.0,0.0,20.065,16,407487.0,0.0,401210.0,9799.0,1.446,2717.0,9799.0,-1.0,18751.0,0.0,1230804.0,5035.0,590654055.0,33.0,18.283,19.729,0.42,403929.0,False
300.0,ceb1794b37ee7a46798c6a75e6be96ab.param,2.0,0.0,0.0,16.78,590654055.0,21b375a7a3893f5cd30ee5a59567b9d3,554410.0,1.0,0.0,19.695,16,407487.0,0.0,401210.0,9799.0,1.422,2717.0,9799.0,-1.0,18751.0,0.0,1230804.0,5035.0,590654055.0,33.0,18.017,19.439,0.42,403929.0,False
300.0,55b26376914ebad092e2e305df354383.param,0.0,0.0,0.0,22.336,1470727592.0,56765180955733546cba2fc8425f884e,241859.0,1.0,0.0,8.833,16,141392.0,0.0,576428.0,6357.0,2.083,4344.0,6357.0,-1.0,15297.0,0.0,730272.0,8349.0,1470727592.0,29.0,6.296,8.379,0.42,580774.0,False
300.0,55b26376914ebad092e2e305df354383.param,1.0,0.0,0.0,22.424,1470727592.0,56765180955733546cba2fc8425f884e,241859.0,1.0,0.0,8.402000000000001,16,141392.0,0.0,576428.0,6357.0,2.024,4344.0,6357.0,-1.0,15297.0,0.0,730272.0,8349.0,1470727592.0,29.0,6.044,8.068,0.42,580774.0,False
300.0,55b26376914ebad092e2e305df354383.param,2.0,0.0,0.0,23.118000000000002,1470727592.0,56765180955733546cba2fc8425f884e,241859.0,1.0,0.0,8.527000000000001,16,141392.0,0.0,576428.0,6357.0,2.04,4344.0,6357.0,-1.0,15297.0,0.0,730272.0,8349.0,1470727592.0,29.0,6.1370000000000005,8.177,0.42,580774.0,False
300.0,3a224236b6b589e9f8161cb41fb64421.param,0.0,0.0,0.0,35.61199999999999,2028359165.0,caf5a3c0acdcfee20e0b2bf2d99996bf,190427.0,1.0,0.0,7.112,16,115289.0,0.0,916116.0,6396.0,3.3169999999999997,6825.0,6396.0,-1.0,9194.0,0.0,764967.0,13257.0,2028359165.0,29.0,3.261,6.577999999999999,0.42,922943.0,False
300.0,3a224236b6b589e9f8161cb41fb64421.param,1.0,0.0,0.0,33.38,2028359165.0,caf5a3c0acdcfee20e0b2bf2d99996bf,190427.0,1.0,0.0,6.852,16,115289.0,0.0,916116.0,6396.0,3.266,6825.0,6396.0,-1.0,9194.0,0.0,764967.0,13257.0,2028359165.0,29.0,3.075,6.341,0.42,922943.0,False
300.0,3a224236b6b589e9f8161cb41fb64421.param,2.0,0.0,0.0,36.133,2028359165.0,caf5a3c0acdcfee20e0b2bf2d99996bf,190427.0,1.0,0.0,6.947,16,115289.0,0.0,916116.0,6396.0,3.31,6825.0,6396.0,-1.0,9194.0,0.0,764967.0,13257.0,2028359165.0,29.0,3.1310000000000002,6.441,0.42,922943.0,False
300.0,f3f514a91e7728b0df10399e56f94206.param,0.0,0.0,0.0,17.105,590654055.0,8e61168c499148a2a6b7c3f49b14386b,402486.0,1.0,0.0,30.41,16,263198.0,0.0,412865.0,9762.0,1.456,2977.0,9762.0,-1.0,15678.0,0.0,1037795.0,5576.0,590654055.0,33.0,28.61,30.066,0.42,415844.0,False
300.0,f3f514a91e7728b0df10399e56f94206.param,1.0,0.0,0.0,17.395,590654055.0,8e61168c499148a2a6b7c3f49b14386b,402486.0,1.0,0.0,29.916,16,263198.0,0.0,412865.0,9762.0,1.4569999999999999,2977.0,9762.0,-1.0,15678.0,0.0,1037795.0,5576.0,590654055.0,33.0,28.212,29.669,0.42,415844.0,False
300.0,f3f514a91e7728b0df10399e56f94206.param,2.0,0.0,0.0,16.351,590654055.0,8e61168c499148a2a6b7c3f49b14386b,402486.0,1.0,0.0,29.743000000000002,16,263198.0,0.0,412865.0,9762.0,1.439,2977.0,9762.0,-1.0,15678.0,0.0,1037795.0,5576.0,590654055.0,33.0,27.97,29.409000000000002,0.42,415844.0,False
300.0,f09afe8bb1fa94a49596406bf88166c9.param,0.0,0.0,0.0,40.648,1918631718.0,b3d1f4af62c84a2bf6eed604c6e28935,600526.0,1.0,0.0,16.91,16,470574.0,0.0,1121978.0,6354.0,4.035,8547.0,6354.0,-1.0,19268.0,0.0,1032069.0,16641.0,1918631718.0,29.0,12.235999999999999,16.271,0.42,1130527.0,False
300.0,f09afe8bb1fa94a49596406bf88166c9.param,1.0,0.0,0.0,43.152,1918631718.0,b3d1f4af62c84a2bf6eed604c6e28935,600526.0,1.0,0.0,16.767,16,470574.0,0.0,1121978.0,6354.0,4.041,8547.0,6354.0,-1.0,19268.0,0.0,1032069.0,16641.0,1918631718.0,29.0,12.112,16.153,0.42,1130527.0,False
300.0,f09afe8bb1fa94a49596406bf88166c9.param,2.0,0.0,0.0,41.721000000000004,1918631718.0,b3d1f4af62c84a2bf6eed604c6e28935,600526.0,1.0,0.0,17.25,16,470574.0,0.0,1121978.0,6354.0,4.0280000000000005,8547.0,6354.0,-1.0,19268.0,0.0,1032069.0,16641.0,1918631718.0,29.0,12.392999999999999,16.421,0.42,1130527.0,False
300.0,9fea3b5fddf357019f10d5f61fc8a74b.param,0.0,0.0,0.0,35.87699999999999,693280077.0,910b577b6d937c1f8829be73186fa4e7,35817.0,1.0,0.0,5.822,16,5905.0,0.0,924852.0,4171.0,3.345,8869.0,4171.0,-1.0,7253.0,0.0,403959.0,17324.0,693280077.0,17.0,1.905,5.25,0.42,933723.0,False
300.0,9fea3b5fddf357019f10d5f61fc8a74b.param,1.0,0.0,0.0,36.311,693280077.0,910b577b6d937c1f8829be73186fa4e7,35817.0,1.0,0.0,6.06,16,5905.0,0.0,924852.0,4171.0,3.4160000000000004,8869.0,4171.0,-1.0,7253.0,0.0,403959.0,17324.0,693280077.0,17.0,1.984,5.4,0.42,933723.0,False
300.0,9fea3b5fddf357019f10d5f61fc8a74b.param,2.0,0.0,0.0,34.564,693280077.0,910b577b6d937c1f8829be73186fa4e7,35817.0,1.0,0.0,5.829,16,5905.0,0.0,924852.0,4171.0,3.341,8869.0,4171.0,-1.0,7253.0,0.0,403959.0,17324.0,693280077.0,17.0,1.9040000000000001,5.245,0.42,933723.0,False
300.0,c7380516182e520bfda807e4d9ed529d.param,0.0,0.0,0.0,9.604,1057470620.0,ae1a6b0d5b5982e72e27d61ed903083e,149975.0,1.0,0.0,4.7780000000000005,16,102631.0,0.0,226985.0,6367.0,0.851,1554.0,6367.0,-1.0,10444.0,0.0,1149914.0,2706.0,1057470620.0,29.0,3.7119999999999997,4.563,0.28,228541.0,False
300.0,c7380516182e520bfda807e4d9ed529d.param,1.0,0.0,0.0,9.689,1057470620.0,ae1a6b0d5b5982e72e27d61ed903083e,149975.0,1.0,0.0,4.359,16,102631.0,0.0,226985.0,6367.0,0.769,1554.0,6367.0,-1.0,10444.0,0.0,1149914.0,2706.0,1057470620.0,29.0,3.438,4.207,0.28,228541.0,False
300.0,c7380516182e520bfda807e4d9ed529d.param,2.0,0.0,0.0,9.722999999999999,1057470620.0,ae1a6b0d5b5982e72e27d61ed903083e,149975.0,1.0,0.0,4.458,16,102631.0,0.0,226985.0,6367.0,0.7759999999999999,1554.0,6367.0,-1.0,10444.0,0.0,1149914.0,2706.0,1057470620.0,29.0,3.5260000000000002,4.302,0.28,228541.0,False
300.0,7c50c2c12e2aac2541da57a3aad7ca55.param,0.0,0.0,0.0,65.899,182366586.0,8af5e4cd94fe066e3125f33c3108877a,346549.0,1.0,0.0,31.513,16,195395.0,0.0,1731182.0,10243.0,6.274,12214.0,10243.0,-1.0,16811.0,0.0,943477.0,23951.0,182366586.0,36.0,24.003,30.276999999999997,0.63,1743398.0,False
300.0,7c50c2c12e2aac2541da57a3aad7ca55.param,1.0,0.0,0.0,63.901,182366586.0,8af5e4cd94fe066e3125f33c3108877a,346549.0,1.0,0.0,31.765,16,195395.0,0.0,1731182.0,10243.0,6.287999999999999,12214.0,10243.0,-1.0,16811.0,0.0,943477.0,23951.0,182366586.0,36.0,24.21,30.498,0.63,1743398.0,False
300.0,7c50c2c12e2aac2541da57a3aad7ca55.param,2.0,0.0,0.0,62.678999999999995,182366586.0,8af5e4cd94fe066e3125f33c3108877a,346549.0,1.0,0.0,31.939,16,195395.0,0.0,1731182.0,10243.0,6.2929999999999975,12214.0,10243.0,-1.0,16811.0,0.0,943477.0,23951.0,182366586.0,36.0,24.385,30.678,0.63,1743398.0,False
300.0,e132556b0d38151640e92d05691dbdbe.param,0.0,0.0,0.0,65.926,1918631718.0,b18a0c0028647fa82a76590304e38bca,440824.0,1.0,0.0,47.945,16,207438.0,0.0,1819514.0,10289.0,6.638999999999999,12699.0,10289.0,-1.0,30192.0,0.0,1125630.0,24876.0,1918631718.0,36.0,40.282,46.92100000000001,0.63,1832215.0,False
300.0,e132556b0d38151640e92d05691dbdbe.param,1.0,0.0,0.0,63.32100000000001,1918631718.0,b18a0c0028647fa82a76590304e38bca,440824.0,1.0,0.0,47.87600000000001,16,207438.0,0.0,1819514.0,10289.0,6.704,12699.0,10289.0,-1.0,30192.0,0.0,1125630.0,24876.0,1918631718.0,36.0,40.145,46.849,0.63,1832215.0,False
300.0,e132556b0d38151640e92d05691dbdbe.param,2.0,0.0,0.0,63.972,1918631718.0,b18a0c0028647fa82a76590304e38bca,440824.0,1.0,0.0,48.101000000000006,16,207438.0,0.0,1819514.0,10289.0,6.956,12699.0,10289.0,-1.0,30192.0,0.0,1125630.0,24876.0,1918631718.0,36.0,39.916,46.872,0.63,1832215.0,False
300.0,accc739b7443ee6f6c986b29106d30b2.param,0.0,0.0,0.0,63.589,1057470620.0,66647b4dce764e02186bbb8d4935abb2,924454.0,1.0,0.0,23.858,16,735806.0,0.0,1697519.0,11338.0,6.153,11150.0,11338.0,-1.0,20530.0,0.0,1688417.0,21820.0,1057470620.0,41.0,16.365,22.518,0.63,1708671.0,False
300.0,accc739b7443ee6f6c986b29106d30b2.param,1.0,0.0,0.0,63.449,1057470620.0,66647b4dce764e02186bbb8d4935abb2,924454.0,1.0,0.0,23.291,16,735806.0,0.0,1697519.0,11338.0,6.252999999999999,11150.0,11338.0,-1.0,20530.0,0.0,1688417.0,21820.0,1057470620.0,41.0,15.788,22.041,0.63,1708671.0,False
300.0,accc739b7443ee6f6c986b29106d30b2.param,2.0,0.0,0.0,62.74100000000001,1057470620.0,66647b4dce764e02186bbb8d4935abb2,924454.0,1.0,0.0,22.818,16,735806.0,0.0,1697519.0,11338.0,6.153,11150.0,11338.0,-1.0,20530.0,0.0,1688417.0,21820.0,1057470620.0,41.0,15.677,21.83,0.63,1708671.0,False
300.0,d77b1e8e85636e2a8e697f0467151b32.param,0.0,0.0,0.0,9.373,590654055.0,42de8e2eb5f6565f909b5fff0dea653a,189877.0,1.0,0.0,3.423,16,137685.0,0.0,217709.0,6373.0,0.735,1506.0,6373.0,-1.0,10312.0,0.0,1011325.0,2622.0,590654055.0,29.0,2.541,3.2760000000000002,0.28,219217.0,False
300.0,d77b1e8e85636e2a8e697f0467151b32.param,1.0,0.0,0.0,9.709,590654055.0,42de8e2eb5f6565f909b5fff0dea653a,189877.0,1.0,0.0,3.653,16,137685.0,0.0,217709.0,6373.0,0.767,1506.0,6373.0,-1.0,10312.0,0.0,1011325.0,2622.0,590654055.0,29.0,2.7260000000000004,3.4930000000000003,0.28,219217.0,False
300.0,d77b1e8e85636e2a8e697f0467151b32.param,2.0,0.0,0.0,9.698,590654055.0,42de8e2eb5f6565f909b5fff0dea653a,189877.0,1.0,0.0,3.5460000000000003,16,137685.0,0.0,217709.0,6373.0,0.7440000000000001,1506.0,6373.0,-1.0,10312.0,0.0,1011325.0,2622.0,590654055.0,29.0,2.65,3.3939999999999997,0.28,219217.0,False
300.0,971e5d247ffd98140d5d9199460cd7b4.param,0.0,0.0,0.0,27.686999999999998,1257636424.0,d0bc5d34db784145d550c58e809a9a00,914576.0,1.0,0.0,19.533,16,737953.0,0.0,743497.0,9763.0,2.678,5359.0,9763.0,-1.0,22962.0,0.0,1126323.0,10304.0,1257636424.0,33.0,16.437,19.115,0.63,748858.0,False
300.0,971e5d247ffd98140d5d9199460cd7b4.param,1.0,0.0,0.0,27.516,1257636424.0,d0bc5d34db784145d550c58e809a9a00,914576.0,1.0,0.0,20.421,16,737953.0,0.0,743497.0,9763.0,2.7319999999999998,5359.0,9763.0,-1.0,22962.0,0.0,1126323.0,10304.0,1257636424.0,33.0,17.113,19.845,0.63,748858.0,False
300.0,971e5d247ffd98140d5d9199460cd7b4.param,2.0,0.0,0.0,27.471999999999998,1257636424.0,d0bc5d34db784145d550c58e809a9a00,914576.0,1.0,0.0,20.259,16,737953.0,0.0,743497.0,9763.0,2.642,5359.0,9763.0,-1.0,22962.0,0.0,1126323.0,10304.0,1257636424.0,33.0,16.988,19.63,0.63,748858.0,False
300.0,bb83bd2588db308f9da59945e9f53761.param,0.0,0.0,0.0,33.051,823094821.0,8ad60c51cfb0525997dfcfe3687791ac,102738.0,1.0,0.0,8.524,16,44593.0,0.0,867430.0,5776.0,3.159,7011.0,5776.0,-1.0,7224.0,0.0,552280.0,13647.0,823094821.0,25.0,4.738,7.897,0.42,874443.0,False
300.0,bb83bd2588db308f9da59945e9f53761.param,1.0,0.0,0.0,31.378,823094821.0,8ad60c51cfb0525997dfcfe3687791ac,102738.0,1.0,0.0,7.862999999999999,16,44593.0,0.0,867430.0,5776.0,3.103,7011.0,5776.0,-1.0,7224.0,0.0,552280.0,13647.0,823094821.0,25.0,4.265,7.3679999999999986,0.42,874443.0,False
300.0,bb83bd2588db308f9da59945e9f53761.param,2.0,0.0,0.0,30.839000000000002,823094821.0,8ad60c51cfb0525997dfcfe3687791ac,102738.0,1.0,0.0,8.306000000000001,16,44593.0,0.0,867430.0,5776.0,3.238,7011.0,5776.0,-1.0,7224.0,0.0,552280.0,13647.0,823094821.0,25.0,4.453,7.691,0.42,874443.0,False
300.0,5f169f8946c848c062a4dd468eb064c1.param,0.0,0.0,0.0,64.65100000000001,2136253402.0,1238a2997b3550358c0294a1761df6d7,548299.0,1.0,0.0,33.248000000000005,16,304387.0,0.0,1784000.0,11801.0,6.532,11492.0,11801.0,-1.0,26486.0,0.0,1382050.0,22501.0,2136253402.0,44.0,25.7,32.232,0.63,1795494.0,False
300.0,5f169f8946c848c062a4dd468eb064c1.param,1.0,0.0,0.0,64.845,2136253402.0,1238a2997b3550358c0294a1761df6d7,548299.0,1.0,0.0,33.189,16,304387.0,0.0,1784000.0,11801.0,6.4510000000000005,11492.0,11801.0,-1.0,26486.0,0.0,1382050.0,22501.0,2136253402.0,44.0,25.724,32.175,0.63,1795494.0,False
300.0,5f169f8946c848c062a4dd468eb064c1.param,2.0,0.0,0.0,68.818,2136253402.0,1238a2997b3550358c0294a1761df6d7,548299.0,1.0,0.0,34.114000000000004,16,304387.0,0.0,1784000.0,11801.0,6.535,11492.0,11801.0,-1.0,26486.0,0.0,1382050.0,22501.0,2136253402.0,44.0,26.224,32.759,0.63,1795494.0,False
300.0,3516b948e6368c1e04e766cb3dbf658f.param,0.0,0.0,0.0,82.184,1235388569.0,0527477189fe8a119bab1a4b9b2dc448,351786.0,1.0,0.0,25.701,16,222812.0,0.0,2349794.0,10244.0,8.591000000000001,16405.0,10244.0,-1.0,13609.0,0.0,996665.0,32270.0,1235388569.0,36.0,15.865,24.456,0.94,2366201.0,False
300.0,3516b948e6368c1e04e766cb3dbf658f.param,1.0,0.0,0.0,90.053,1235388569.0,0527477189fe8a119bab1a4b9b2dc448,351786.0,1.0,0.0,26.634,16,222812.0,0.0,2349794.0,10244.0,8.731,16405.0,10244.0,-1.0,13609.0,0.0,996665.0,32270.0,1235388569.0,36.0,16.153,24.884,0.94,2366201.0,False
300.0,3516b948e6368c1e04e766cb3dbf658f.param,2.0,0.0,0.0,89.473,1235388569.0,0527477189fe8a119bab1a4b9b2dc448,351786.0,1.0,0.0,25.916999999999998,16,222812.0,0.0,2349794.0,10244.0,8.568,16405.0,10244.0,-1.0,13609.0,0.0,996665.0,32270.0,1235388569.0,36.0,16.067999999999998,24.636,0.94,2366201.0,False
300.0,36fc98d1195ddc35e5ef9eb80f9a3178.param,0.0,0.0,0.0,11.588,270657042.0,09cd1935ae784067122869e707ab3243,46826.0,1.0,0.0,2.668,16,21988.0,0.0,273227.0,4696.0,1.057,2480.0,4696.0,-1.0,4687.0,0.0,423707.0,4684.0,270657042.0,20.0,1.4140000000000001,2.471,0.19,275709.0,False
300.0,36fc98d1195ddc35e5ef9eb80f9a3178.param,1.0,0.0,0.0,11.079,270657042.0,09cd1935ae784067122869e707ab3243,46826.0,1.0,0.0,2.63,16,21988.0,0.0,273227.0,4696.0,1.0390000000000001,2480.0,4696.0,-1.0,4687.0,0.0,423707.0,4684.0,270657042.0,20.0,1.405,2.444,0.19,275709.0,False
300.0,36fc98d1195ddc35e5ef9eb80f9a3178.param,2.0,0.0,0.0,12.29,270657042.0,09cd1935ae784067122869e707ab3243,46826.0,1.0,0.0,2.546,16,21988.0,0.0,273227.0,4696.0,0.9640000000000001,2480.0,4696.0,-1.0,4687.0,0.0,423707.0,4684.0,270657042.0,20.0,1.405,2.369,0.19,275709.0,False
300.0,61f5f3058b749cd913e33ba1bf9fcead.param,0.0,0.0,0.0,5.311,693280077.0,d2e317909bb535c27347bb8160e44a13,210602.0,1.0,0.0,3.781,16,158738.0,0.0,115058.0,5666.0,0.447,932.0,5666.0,-1.0,9879.0,0.0,646435.0,1507.0,693280077.0,24.0,3.2310000000000003,3.678,0.28,115992.0,False
300.0,61f5f3058b749cd913e33ba1bf9fcead.param,1.0,0.0,0.0,5.247999999999998,693280077.0,d2e317909bb535c27347bb8160e44a13,210602.0,1.0,0.0,3.7319999999999998,16,158738.0,0.0,115058.0,5666.0,0.38299999999999995,932.0,5666.0,-1.0,9879.0,0.0,646435.0,1507.0,693280077.0,24.0,3.25,3.633,0.28,115992.0,False
300.0,61f5f3058b749cd913e33ba1bf9fcead.param,2.0,0.0,0.0,5.35,693280077.0,d2e317909bb535c27347bb8160e44a13,210602.0,1.0,0.0,3.697,16,158738.0,0.0,115058.0,5666.0,0.43,932.0,5666.0,-1.0,9879.0,0.0,646435.0,1507.0,693280077.0,24.0,3.176,3.6060000000000003,0.28,115992.0,False
300.0,c73e9bafac569591c4ea47d45cfac20c.param,0.0,0.0,0.0,26.36,1918631718.0,8c42c696b055e460f9c88085a2cc9d98,972008.0,1.0,0.0,52.29600000000001,16,728585.0,0.0,686236.0,10332.0,2.405,4693.0,10332.0,-1.0,27051.0,0.0,1194944.0,8963.0,1918631718.0,37.0,49.358999999999995,51.763999999999996,0.63,690931.0,False
300.0,c73e9bafac569591c4ea47d45cfac20c.param,1.0,0.0,0.0,25.644000000000002,1918631718.0,8c42c696b055e460f9c88085a2cc9d98,972008.0,1.0,0.0,53.226000000000006,16,728585.0,0.0,686236.0,10332.0,2.432,4693.0,10332.0,-1.0,27051.0,0.0,1194944.0,8963.0,1918631718.0,37.0,50.25899999999999,52.691,0.63,690931.0,False
300.0,c73e9bafac569591c4ea47d45cfac20c.param,2.0,0.0,0.0,25.97,1918631718.0,8c42c696b055e460f9c88085a2cc9d98,972008.0,1.0,0.0,53.51600000000001,16,728585.0,0.0,686236.0,10332.0,2.573,4693.0,10332.0,-1.0,27051.0,0.0,1194944.0,8963.0,1918631718.0,37.0,50.413000000000004,52.986000000000004,0.63,690931.0,False
300.0,056d65a7bb6760a4c29fabc08869fd2b.param,0.0,0.0,0.0,90.242,160742207.0,de35c293f88ca3bb23c6f583598b7f23,314238.0,1.0,0.0,22.259,16,197145.0,0.0,2448728.0,10332.0,9.167,16745.0,10332.0,-1.0,10941.0,0.0,1060598.0,32944.0,160742207.0,37.0,11.449000000000002,20.616,0.94,2465475.0,False
300.0,056d65a7bb6760a4c29fabc08869fd2b.param,1.0,0.0,0.0,91.695,160742207.0,de35c293f88ca3bb23c6f583598b7f23,314238.0,1.0,0.0,21.445999999999998,16,197145.0,0.0,2448728.0,10332.0,8.966000000000003,16745.0,10332.0,-1.0,10941.0,0.0,1060598.0,32944.0,160742207.0,37.0,11.224,20.19,0.94,2465475.0,False
300.0,056d65a7bb6760a4c29fabc08869fd2b.param,2.0,0.0,0.0,87.33,160742207.0,de35c293f88ca3bb23c6f583598b7f23,314238.0,1.0,0.0,22.384,16,197145.0,0.0,2448728.0,10332.0,9.241,16745.0,10332.0,-1.0,10941.0,0.0,1060598.0,32944.0,160742207.0,37.0,11.558,20.799,0.94,2465475.0,False
300.0,d6dbb131b6c4096427e3cdbc24174d58.param,0.0,0.0,0.0,13.937999999999999,254168822.0,1b3aeb7b3b8afc879a9046237c70e8dc,283201.0,1.0,0.0,9.802999999999999,16,198598.0,0.0,344324.0,9679.0,1.205,2457.0,9679.0,-1.0,11786.0,0.0,894222.0,4596.0,254168822.0,32.0,8.365,9.57,0.28,346783.0,False
300.0,d6dbb131b6c4096427e3cdbc24174d58.param,1.0,0.0,0.0,14.989,254168822.0,1b3aeb7b3b8afc879a9046237c70e8dc,283201.0,1.0,0.0,9.834,16,198598.0,0.0,344324.0,9679.0,1.31,2457.0,9679.0,-1.0,11786.0,0.0,894222.0,4596.0,254168822.0,32.0,8.249,9.559,0.28,346783.0,False
300.0,d6dbb131b6c4096427e3cdbc24174d58.param,2.0,0.0,0.0,13.822000000000001,254168822.0,1b3aeb7b3b8afc879a9046237c70e8dc,283201.0,1.0,0.0,9.573,16,198598.0,0.0,344324.0,9679.0,1.229,2457.0,9679.0,-1.0,11786.0,0.0,894222.0,4596.0,254168822.0,32.0,8.136000000000001,9.365,0.28,346783.0,False
300.0,97b29b11b39e49b80f3ff828f7a4f470.param,0.0,0.0,0.0,21.324,372553220.0,b693d416b1b3fbd0a9e6256cb7030f12,125728.0,1.0,0.0,11.132,16,43756.0,0.0,571398.0,5742.0,2.025,4675.0,5742.0,-1.0,13862.0,0.0,569310.0,8999.0,372553220.0,25.0,8.746,10.770999999999999,0.28,576075.0,False
300.0,97b29b11b39e49b80f3ff828f7a4f470.param,1.0,0.0,0.0,23.06900000000001,372553220.0,b693d416b1b3fbd0a9e6256cb7030f12,125728.0,1.0,0.0,11.398,16,43756.0,0.0,571398.0,5742.0,2.145,4675.0,5742.0,-1.0,13862.0,0.0,569310.0,8999.0,372553220.0,25.0,8.818,10.963,0.28,576075.0,False
300.0,97b29b11b39e49b80f3ff828f7a4f470.param,2.0,0.0,0.0,23.95300000000001,372553220.0,b693d416b1b3fbd0a9e6256cb7030f12,125728.0,1.0,0.0,10.968,16,43756.0,0.0,571398.0,5742.0,2.044,4675.0,5742.0,-1.0,13862.0,0.0,569310.0,8999.0,372553220.0,25.0,8.571,10.615,0.28,576075.0,False
300.0,ea9e2588afe4504c0be19561db25ccfd.param,0.0,0.0,0.0,31.3,2050821110.0,5141a17a3a8243b79fbaba71e9f9c3e5,99145.0,1.0,0.0,6.188,16,46898.0,0.0,845585.0,5636.0,3.03,7182.0,5636.0,-1.0,8381.0,0.0,540442.0,13986.0,2050821110.0,24.0,2.475,5.505,0.42,852769.0,False
300.0,ea9e2588afe4504c0be19561db25ccfd.param,1.0,0.0,0.0,31.401999999999997,2050821110.0,5141a17a3a8243b79fbaba71e9f9c3e5,99145.0,1.0,0.0,6.007999999999999,16,46898.0,0.0,845585.0,5636.0,2.971,7182.0,5636.0,-1.0,8381.0,0.0,540442.0,13986.0,2050821110.0,24.0,2.398,5.369,0.42,852769.0,False
300.0,ea9e2588afe4504c0be19561db25ccfd.param,2.0,0.0,0.0,30.366999999999997,2050821110.0,5141a17a3a8243b79fbaba71e9f9c3e5,99145.0,1.0,0.0,5.854,16,46898.0,0.0,845585.0,5636.0,3.0210000000000004,7182.0,5636.0,-1.0,8381.0,0.0,540442.0,13986.0,2050821110.0,24.0,2.339,5.36,0.42,852769.0,False
300.0,92f07d9616904178c202cd6d7e0ae97d.param,0.0,0.0,0.0,26.044,1098776393.0,36c82b1e8b8d5539eb4e58945a7df7b3,186892.0,1.0,0.0,17.633,16,87710.0,0.0,674322.0,10200.0,2.381,4810.0,10200.0,-1.0,12713.0,0.0,833479.0,9269.0,1098776393.0,36.0,14.835999999999999,17.217,0.28,679134.0,False
300.0,92f07d9616904178c202cd6d7e0ae97d.param,1.0,0.0,0.0,24.811,1098776393.0,36c82b1e8b8d5539eb4e58945a7df7b3,186892.0,1.0,0.0,17.559,16,87710.0,0.0,674322.0,10200.0,2.407,4810.0,10200.0,-1.0,12713.0,0.0,833479.0,9269.0,1098776393.0,36.0,14.76,17.167,0.28,679134.0,False
300.0,92f07d9616904178c202cd6d7e0ae97d.param,2.0,0.0,0.0,24.715999999999998,1098776393.0,36c82b1e8b8d5539eb4e58945a7df7b3,186892.0,1.0,0.0,17.676,16,87710.0,0.0,674322.0,10200.0,2.44,4810.0,10200.0,-1.0,12713.0,0.0,833479.0,9269.0,1098776393.0,36.0,14.777000000000001,17.217,0.28,679134.0,False
300.0,a78197c32b5c06c92ee4f6e438ee3962.param,0.0,0.0,0.0,63.125,506016928.0,9a897e9fa16a47877c4e4a46b17bb1a9,122624.0,1.0,0.0,13.237,16,38020.0,0.0,1765370.0,6355.0,6.434,13452.0,6355.0,-1.0,12357.0,0.0,713371.0,26415.0,506016928.0,29.0,5.88,12.314,0.63,1778824.0,False
300.0,a78197c32b5c06c92ee4f6e438ee3962.param,1.0,0.0,0.0,63.663999999999994,506016928.0,9a897e9fa16a47877c4e4a46b17bb1a9,122624.0,1.0,0.0,13.536,16,38020.0,0.0,1765370.0,6355.0,6.532,13452.0,6355.0,-1.0,12357.0,0.0,713371.0,26415.0,506016928.0,29.0,6.016,12.548,0.63,1778824.0,False
300.0,a78197c32b5c06c92ee4f6e438ee3962.param,2.0,0.0,0.0,64.89699999999999,506016928.0,9a897e9fa16a47877c4e4a46b17bb1a9,122624.0,1.0,0.0,13.602,16,38020.0,0.0,1765370.0,6355.0,6.622000000000001,13452.0,6355.0,-1.0,12357.0,0.0,713371.0,26415.0,506016928.0,29.0,5.984,12.606,0.63,1778824.0,False
300.0,8dbc47c71dc08cbc8ffa4bf3b92aa057.param,0.0,0.0,0.0,17.392,1571287961.0,535f7827316b94de60a0fc4911a2c153,583164.0,1.0,0.0,9.883,16,524640.0,0.0,448401.0,4665.0,1.587,4123.0,4665.0,-1.0,12347.0,0.0,699026.0,7868.0,1571287961.0,20.0,8.011000000000001,9.597999999999999,0.28,452526.0,False
300.0,8dbc47c71dc08cbc8ffa4bf3b92aa057.param,1.0,0.0,0.0,17.634,1571287961.0,535f7827316b94de60a0fc4911a2c153,583164.0,1.0,0.0,9.972000000000001,16,524640.0,0.0,448401.0,4665.0,1.569,4123.0,4665.0,-1.0,12347.0,0.0,699026.0,7868.0,1571287961.0,20.0,8.032,9.601,0.28,452526.0,False
300.0,8dbc47c71dc08cbc8ffa4bf3b92aa057.param,2.0,0.0,0.0,17.456,1571287961.0,535f7827316b94de60a0fc4911a2c153,583164.0,1.0,0.0,10.026,16,524640.0,0.0,448401.0,4665.0,1.5930000000000002,4123.0,4665.0,-1.0,12347.0,0.0,699026.0,7868.0,1571287961.0,20.0,8.141,9.734,0.28,452526.0,False
300.0,2cf01039b19cea84eef8c942aea32605.param,0.0,0.0,0.0,69.766,1057470620.0,f30405b4f4962b6571c01b1b520eee63,896771.0,1.0,0.0,65.365,16,590661.0,0.0,1798427.0,11202.0,6.577000000000001,12048.0,11202.0,-1.0,32262.0,0.0,1395321.0,23580.0,1057470620.0,40.0,57.773999999999994,64.351,0.94,1810477.0,False
300.0,2cf01039b19cea84eef8c942aea32605.param,1.0,0.0,0.0,66.391,1057470620.0,f30405b4f4962b6571c01b1b520eee63,896771.0,1.0,0.0,66.322,16,590661.0,0.0,1798427.0,11202.0,6.567,12048.0,11202.0,-1.0,32262.0,0.0,1395321.0,23580.0,1057470620.0,40.0,58.379,64.946,0.94,1810477.0,False
300.0,2cf01039b19cea84eef8c942aea32605.param,2.0,0.0,0.0,67.561,1057470620.0,f30405b4f4962b6571c01b1b520eee63,896771.0,1.0,0.0,65.438,16,590661.0,0.0,1798427.0,11202.0,6.569,12048.0,11202.0,-1.0,32262.0,0.0,1395321.0,23580.0,1057470620.0,40.0,57.897,64.46600000000001,0.94,1810477.0,False
300.0,9a031fb141138ee9bc8fad2cc059ee0e.param,0.0,0.0,0.0,17.144000000000002,95956545.0,17ba10294f3f661fb7704538aa188765,286528.0,1.0,0.0,8.264,16,207489.0,0.0,396488.0,6396.0,1.392,2955.0,6396.0,-1.0,11332.0,0.0,745495.0,5574.0,95956545.0,29.0,6.532,7.923999999999999,0.28,399445.0,False
300.0,9a031fb141138ee9bc8fad2cc059ee0e.param,1.0,0.0,0.0,15.625,95956545.0,17ba10294f3f661fb7704538aa188765,286528.0,1.0,0.0,8.137,16,207489.0,0.0,396488.0,6396.0,1.416,2955.0,6396.0,-1.0,11332.0,0.0,745495.0,5574.0,95956545.0,29.0,6.47,7.886,0.28,399445.0,False
300.0,9a031fb141138ee9bc8fad2cc059ee0e.param,2.0,0.0,0.0,17.31,95956545.0,17ba10294f3f661fb7704538aa188765,286528.0,1.0,0.0,7.979,16,207489.0,0.0,396488.0,6396.0,1.3659999999999999,2955.0,6396.0,-1.0,11332.0,0.0,745495.0,5574.0,95956545.0,29.0,6.371,7.737,0.28,399445.0,False
300.0,37f39e77e4ab35860e338849791d985b.param,0.0,0.0,0.0,53.401,1057470620.0,de4339782984058f84c69763b95358e7,333456.0,1.0,0.0,36.037,16,100044.0,0.0,1417492.0,11340.0,5.126,9310.0,11340.0,-1.0,27922.0,0.0,1239668.0,18143.0,1057470620.0,41.0,29.851,34.977,0.63,1426804.0,False
300.0,37f39e77e4ab35860e338849791d985b.param,1.0,0.0,0.0,51.894,1057470620.0,de4339782984058f84c69763b95358e7,333456.0,1.0,0.0,35.779,16,100044.0,0.0,1417492.0,11340.0,5.107,9310.0,11340.0,-1.0,27922.0,0.0,1239668.0,18143.0,1057470620.0,41.0,29.885,34.992,0.63,1426804.0,False
300.0,37f39e77e4ab35860e338849791d985b.param,2.0,0.0,0.0,51.708,1057470620.0,de4339782984058f84c69763b95358e7,333456.0,1.0,0.0,35.658,16,100044.0,0.0,1417492.0,11340.0,5.122000000000001,9310.0,11340.0,-1.0,27922.0,0.0,1239668.0,18143.0,1057470620.0,41.0,29.73,34.852,0.63,1426804.0,False
300.0,ba4c3b35debdf0cbd1cf9beea46e68ac.param,0.0,0.0,0.0,14.94,1083416308.0,50df8bf9adbef3c09242f9f82af601f9,149334.0,1.0,0.0,6.562,16,78473.0,0.0,350250.0,5775.0,1.232,2832.0,5775.0,-1.0,11311.0,0.0,557845.0,5355.0,1083416308.0,25.0,5.101,6.3329999999999975,0.28,353084.0,False
300.0,ba4c3b35debdf0cbd1cf9beea46e68ac.param,1.0,0.0,0.0,14.686,1083416308.0,50df8bf9adbef3c09242f9f82af601f9,149334.0,1.0,0.0,6.581,16,78473.0,0.0,350250.0,5775.0,1.21,2832.0,5775.0,-1.0,11311.0,0.0,557845.0,5355.0,1083416308.0,25.0,5.145,6.355,0.28,353084.0,False
300.0,ba4c3b35debdf0cbd1cf9beea46e68ac.param,2.0,0.0,0.0,14.581,1083416308.0,50df8bf9adbef3c09242f9f82af601f9,149334.0,1.0,0.0,6.577999999999999,16,78473.0,0.0,350250.0,5775.0,1.219,2832.0,5775.0,-1.0,11311.0,0.0,557845.0,5355.0,1083416308.0,25.0,5.148,6.367000000000001,0.28,353084.0,False
300.0,ffb2d731edec22edde6bc403f6c68136.param,0.0,0.0,0.0,31.815,1470727592.0,3d90eeacb3eef42dabb1937c04249e07,137998.0,1.0,0.0,7.944,16,75975.0,0.0,786962.0,5672.0,2.784,6601.0,5672.0,-1.0,10361.0,0.0,532471.0,12842.0,1470727592.0,24.0,4.697,7.481,0.42,793565.0,False
300.0,ffb2d731edec22edde6bc403f6c68136.param,1.0,0.0,0.0,28.771,1470727592.0,3d90eeacb3eef42dabb1937c04249e07,137998.0,1.0,0.0,8.081,16,75975.0,0.0,786962.0,5672.0,2.775,6601.0,5672.0,-1.0,10361.0,0.0,532471.0,12842.0,1470727592.0,24.0,4.698,7.473,0.42,793565.0,False
300.0,ffb2d731edec22edde6bc403f6c68136.param,2.0,0.0,0.0,30.285,1470727592.0,3d90eeacb3eef42dabb1937c04249e07,137998.0,1.0,0.0,7.944,16,75975.0,0.0,786962.0,5672.0,2.866,6601.0,5672.0,-1.0,10361.0,0.0,532471.0,12842.0,1470727592.0,24.0,4.6160000000000005,7.482,0.42,793565.0,False
300.0,21ba7bf1bed51e1d4137a5d2b4095413.param,0.0,0.0,0.0,44.551,753387864.0,4c673728155ff5ac167d4d1b76bfb9ab,87675.0,1.0,0.0,7.461,16,44411.0,0.0,1130402.0,4726.0,4.06,10117.0,4726.0,-1.0,7637.0,0.0,536427.0,19811.0,753387864.0,21.0,2.781,6.841,0.63,1140521.0,False
300.0,21ba7bf1bed51e1d4137a5d2b4095413.param,1.0,0.0,0.0,42.871,753387864.0,4c673728155ff5ac167d4d1b76bfb9ab,87675.0,1.0,0.0,7.635,16,44411.0,0.0,1130402.0,4726.0,4.154,10117.0,4726.0,-1.0,7637.0,0.0,536427.0,19811.0,753387864.0,21.0,2.83,6.984,0.63,1140521.0,False
300.0,21ba7bf1bed51e1d4137a5d2b4095413.param,2.0,0.0,0.0,40.819,753387864.0,4c673728155ff5ac167d4d1b76bfb9ab,87675.0,1.0,0.0,7.843,16,44411.0,0.0,1130402.0,4726.0,4.171,10117.0,4726.0,-1.0,7637.0,0.0,536427.0,19811.0,753387864.0,21.0,2.877,7.047999999999999,0.63,1140521.0,False
300.0,73a51090daaf16aa8d614ff285bfb6e4.param,0.0,0.0,0.0,69.735,221638566.0,074bd3822bd79ac2ed5954b2d670f58b,197976.0,1.0,0.0,26.49,16,27761.0,0.0,1827452.0,6314.0,6.892,14079.0,6314.0,-1.0,23427.0,0.0,614746.0,27621.0,221638566.0,29.0,18.369,25.261,0.63,1841533.0,False
300.0,73a51090daaf16aa8d614ff285bfb6e4.param,1.0,0.0,0.0,68.683,221638566.0,074bd3822bd79ac2ed5954b2d670f58b,197976.0,1.0,0.0,26.586,16,27761.0,0.0,1827452.0,6314.0,6.5820000000000025,14079.0,6314.0,-1.0,23427.0,0.0,614746.0,27621.0,221638566.0,29.0,18.675,25.256999999999998,0.63,1841533.0,False
300.0,73a51090daaf16aa8d614ff285bfb6e4.param,2.0,0.0,0.0,67.892,221638566.0,074bd3822bd79ac2ed5954b2d670f58b,197976.0,1.0,0.0,26.541,16,27761.0,0.0,1827452.0,6314.0,6.7920000000000025,14079.0,6314.0,-1.0,23427.0,0.0,614746.0,27621.0,221638566.0,29.0,18.581,25.373,0.63,1841533.0,False
300.0,4ee13ffb8d0ec1ceaf1bb37447281f58.param,0.0,0.0,0.0,27.12,506016928.0,c268af3f89620f43eb1b34f2ad102f29,98259.0,1.0,0.0,4.927,16,64633.0,0.0,665732.0,4087.0,2.369,6574.0,4087.0,-1.0,7582.0,0.0,379732.0,12779.0,506016928.0,16.0,2.166,4.535,0.42,672308.0,False
300.0,4ee13ffb8d0ec1ceaf1bb37447281f58.param,1.0,0.0,0.0,26.366,506016928.0,c268af3f89620f43eb1b34f2ad102f29,98259.0,1.0,0.0,5.064,16,64633.0,0.0,665732.0,4087.0,2.397,6574.0,4087.0,-1.0,7582.0,0.0,379732.0,12779.0,506016928.0,16.0,2.234,4.631,0.42,672308.0,False
300.0,4ee13ffb8d0ec1ceaf1bb37447281f58.param,2.0,0.0,0.0,25.153000000000002,506016928.0,c268af3f89620f43eb1b34f2ad102f29,98259.0,1.0,0.0,4.902,16,64633.0,0.0,665732.0,4087.0,2.351,6574.0,4087.0,-1.0,7582.0,0.0,379732.0,12779.0,506016928.0,16.0,2.142,4.493,0.42,672308.0,False
300.0,d8b978c6119710e61692eb0c8ed59509.param,0.0,0.0,0.0,41.952,1571287961.0,d4a36b0155b66ac09096a29d58f94f3e,280969.0,1.0,0.0,11.707,16,171464.0,0.0,1060825.0,6356.0,3.846,7990.0,6356.0,-1.0,15645.0,0.0,702905.0,15530.0,1571287961.0,29.0,7.277,11.123,0.42,1068817.0,False
300.0,d8b978c6119710e61692eb0c8ed59509.param,1.0,0.0,0.0,41.788000000000004,1571287961.0,d4a36b0155b66ac09096a29d58f94f3e,280969.0,1.0,0.0,11.84,16,171464.0,0.0,1060825.0,6356.0,3.81,7990.0,6356.0,-1.0,15645.0,0.0,702905.0,15530.0,1571287961.0,29.0,7.441,11.251,0.42,1068817.0,False
300.0,d8b978c6119710e61692eb0c8ed59509.param,2.0,0.0,0.0,39.501,1571287961.0,d4a36b0155b66ac09096a29d58f94f3e,280969.0,1.0,0.0,12.048,16,171464.0,0.0,1060825.0,6356.0,3.9010000000000002,7990.0,6356.0,-1.0,15645.0,0.0,702905.0,15530.0,1571287961.0,29.0,7.52,11.421,0.42,1068817.0,False
300.0,62e2738034d51eb1ca2518ead10bb1b8.param,0.0,0.0,0.0,13.116,270657042.0,d8ad16bb299289cbc283ab4b4357cbd9,60325.0,1.0,0.0,3.6839999999999997,16,24124.0,0.0,324623.0,4760.0,1.122,2831.0,4760.0,-1.0,6313.0,0.0,394697.0,5386.0,270657042.0,21.0,2.372,3.4939999999999998,0.19,327456.0,False
300.0,62e2738034d51eb1ca2518ead10bb1b8.param,1.0,0.0,0.0,12.767000000000001,270657042.0,d8ad16bb299289cbc283ab4b4357cbd9,60325.0,1.0,0.0,3.7939999999999996,16,24124.0,0.0,324623.0,4760.0,1.189,2831.0,4760.0,-1.0,6313.0,0.0,394697.0,5386.0,270657042.0,21.0,2.394,3.583,0.19,327456.0,False
300.0,62e2738034d51eb1ca2518ead10bb1b8.param,2.0,0.0,0.0,13.17,270657042.0,d8ad16bb299289cbc283ab4b4357cbd9,60325.0,1.0,0.0,3.728,16,24124.0,0.0,324623.0,4760.0,1.131,2831.0,4760.0,-1.0,6313.0,0.0,394697.0,5386.0,270657042.0,21.0,2.392,3.523,0.19,327456.0,False
300.0,f2209196093db16c0e1ccffc86fe7af3.param,0.0,0.0,0.0,41.251999999999995,1242281828.0,2ab5c70dc848c80ca1d2eea65748dcab,77392.0,1.0,0.0,6.98,16,35244.0,0.0,1134860.0,4663.0,4.046,10437.0,4663.0,-1.0,7839.0,0.0,475870.0,20445.0,1242281828.0,20.0,2.273,6.319,0.63,1145299.0,False
300.0,f2209196093db16c0e1ccffc86fe7af3.param,1.0,0.0,0.0,40.61,1242281828.0,2ab5c70dc848c80ca1d2eea65748dcab,77392.0,1.0,0.0,7.0020000000000024,16,35244.0,0.0,1134860.0,4663.0,4.0760000000000005,10437.0,4663.0,-1.0,7839.0,0.0,475870.0,20445.0,1242281828.0,20.0,2.259,6.335,0.63,1145299.0,False
300.0,f2209196093db16c0e1ccffc86fe7af3.param,2.0,0.0,0.0,44.0,1242281828.0,2ab5c70dc848c80ca1d2eea65748dcab,77392.0,1.0,0.0,7.016,16,35244.0,0.0,1134860.0,4663.0,4.125,10437.0,4663.0,-1.0,7839.0,0.0,475870.0,20445.0,1242281828.0,20.0,2.28,6.405,0.63,1145299.0,False
300.0,c1fde8776f334c859cdb281cb0bed488.param,0.0,0.0,0.0,11.887,506016928.0,74b058cddd6118fde76e23549e587ed4,46079.0,1.0,0.0,3.284,16,17652.0,0.0,299392.0,4172.0,1.071,2873.0,4172.0,-1.0,5202.0,0.0,343071.0,5446.0,506016928.0,17.0,2.0069999999999997,3.0780000000000003,0.19,302267.0,False
300.0,c1fde8776f334c859cdb281cb0bed488.param,1.0,0.0,0.0,12.137,506016928.0,74b058cddd6118fde76e23549e587ed4,46079.0,1.0,0.0,3.5180000000000002,16,17652.0,0.0,299392.0,4172.0,1.045,2873.0,4172.0,-1.0,5202.0,0.0,343071.0,5446.0,506016928.0,17.0,2.221,3.266,0.19,302267.0,False
300.0,c1fde8776f334c859cdb281cb0bed488.param,2.0,0.0,0.0,12.445,506016928.0,74b058cddd6118fde76e23549e587ed4,46079.0,1.0,0.0,3.2960000000000003,16,17652.0,0.0,299392.0,4172.0,1.03,2873.0,4172.0,-1.0,5202.0,0.0,343071.0,5446.0,506016928.0,17.0,2.069,3.0989999999999998,0.19,302267.0,False
300.0,ba49f12ab41d4271c475e4948758589d.param,0.0,0.0,0.0,22.66800000000001,83966730.0,da29bc1e5fa5079b55936bfcde322953,28830.0,1.0,0.0,3.844,16,4053.0,0.0,559076.0,4171.0,1.944,5364.0,4171.0,-1.0,4649.0,0.0,341652.0,10401.0,83966730.0,17.0,1.5919999999999999,3.536,0.28,564442.0,False
300.0,ba49f12ab41d4271c475e4948758589d.param,1.0,0.0,0.0,23.371,83966730.0,da29bc1e5fa5079b55936bfcde322953,28830.0,1.0,0.0,3.98,16,4053.0,0.0,559076.0,4171.0,1.986,5364.0,4171.0,-1.0,4649.0,0.0,341652.0,10401.0,83966730.0,17.0,1.641,3.627,0.28,564442.0,False
300.0,ba49f12ab41d4271c475e4948758589d.param,2.0,0.0,0.0,23.131,83966730.0,da29bc1e5fa5079b55936bfcde322953,28830.0,1.0,0.0,3.87,16,4053.0,0.0,559076.0,4171.0,1.9380000000000002,5364.0,4171.0,-1.0,4649.0,0.0,341652.0,10401.0,83966730.0,17.0,1.5959999999999999,3.534,0.28,564442.0,False
300.0,4fb489f83300339f94af01b969c1f325.param,0.0,0.0,0.0,47.26300000000001,1098776393.0,270be75c8610f12966b8bd9322694a37,742808.0,1.0,0.0,29.449,16,552750.0,0.0,1303938.0,11291.0,4.788,8651.0,11291.0,-1.0,21967.0,0.0,1537060.0,16867.0,1098776393.0,40.0,23.928,28.715999999999998,0.63,1312591.0,False
300.0,4fb489f83300339f94af01b969c1f325.param,1.0,0.0,0.0,47.332,1098776393.0,270be75c8610f12966b8bd9322694a37,742808.0,1.0,0.0,29.496,16,552750.0,0.0,1303938.0,11291.0,4.754,8651.0,11291.0,-1.0,21967.0,0.0,1537060.0,16867.0,1098776393.0,40.0,24.03,28.784000000000002,0.63,1312591.0,False
300.0,4fb489f83300339f94af01b969c1f325.param,2.0,0.0,0.0,49.538000000000004,1098776393.0,270be75c8610f12966b8bd9322694a37,742808.0,1.0,0.0,29.74,16,552750.0,0.0,1303938.0,11291.0,4.942,8651.0,11291.0,-1.0,21967.0,0.0,1537060.0,16867.0,1098776393.0,40.0,23.933000000000003,28.875,0.63,1312591.0,False
300.0,876c6467204e8ca8aabecbfbd3b45139.param,0.0,0.0,0.0,55.236000000000004,1257636424.0,4330c6ce1aa46f09ef3b6c5e213c59e7,515567.0,1.0,0.0,18.658,16,376065.0,0.0,1450826.0,6315.0,5.204,11308.0,6315.0,-1.0,21011.0,0.0,1035319.0,22103.0,1257636424.0,29.0,12.658,17.862000000000005,0.63,1462136.0,False
300.0,876c6467204e8ca8aabecbfbd3b45139.param,1.0,0.0,0.0,51.153,1257636424.0,4330c6ce1aa46f09ef3b6c5e213c59e7,515567.0,1.0,0.0,19.379,16,376065.0,0.0,1450826.0,6315.0,5.371,11308.0,6315.0,-1.0,21011.0,0.0,1035319.0,22103.0,1257636424.0,29.0,13.073,18.444000000000006,0.63,1462136.0,False
300.0,876c6467204e8ca8aabecbfbd3b45139.param,2.0,0.0,0.0,51.284,1257636424.0,4330c6ce1aa46f09ef3b6c5e213c59e7,515567.0,1.0,0.0,18.528,16,376065.0,0.0,1450826.0,6315.0,5.182,11308.0,6315.0,-1.0,21011.0,0.0,1035319.0,22103.0,1257636424.0,29.0,12.49,17.672,0.63,1462136.0,False
300.0,c0cc3cb80752c8cae8a567aa7598d4aa.param,0.0,0.0,0.0,46.31800000000001,506016928.0,bd3ef19532f84a0c509fa09389773fb5,261293.0,1.0,0.0,14.365,16,133062.0,0.0,1196489.0,6200.0,4.421,9552.0,6200.0,-1.0,17088.0,0.0,723120.0,18666.0,506016928.0,28.0,9.277000000000001,13.698,0.63,1206043.0,False
300.0,c0cc3cb80752c8cae8a567aa7598d4aa.param,1.0,0.0,0.0,45.365,506016928.0,bd3ef19532f84a0c509fa09389773fb5,261293.0,1.0,0.0,14.679,16,133062.0,0.0,1196489.0,6200.0,4.257,9552.0,6200.0,-1.0,17088.0,0.0,723120.0,18666.0,506016928.0,28.0,9.499,13.755999999999998,0.63,1206043.0,False
300.0,c0cc3cb80752c8cae8a567aa7598d4aa.param,2.0,0.0,0.0,46.033,506016928.0,bd3ef19532f84a0c509fa09389773fb5,261293.0,1.0,0.0,14.857999999999999,16,133062.0,0.0,1196489.0,6200.0,4.4030000000000005,9552.0,6200.0,-1.0,17088.0,0.0,723120.0,18666.0,506016928.0,28.0,9.515,13.918,0.63,1206043.0,False
300.0,10049dd55bf99f7dbc88dc007745262f.param,0.0,0.0,0.0,9.641,254168822.0,0d50eff98d92802f3fe67a9519a4110e,86005.0,1.0,0.0,2.7889999999999997,16,45938.0,0.0,244739.0,5782.0,0.8420000000000001,1956.0,5782.0,-1.0,5807.0,0.0,467150.0,3636.0,254168822.0,25.0,1.74,2.582,0.12,246697.0,False
300.0,10049dd55bf99f7dbc88dc007745262f.param,1.0,0.0,0.0,9.762,254168822.0,0d50eff98d92802f3fe67a9519a4110e,86005.0,1.0,0.0,2.7239999999999998,16,45938.0,0.0,244739.0,5782.0,0.862,1956.0,5782.0,-1.0,5807.0,0.0,467150.0,3636.0,254168822.0,25.0,1.686,2.548,0.12,246697.0,False
300.0,10049dd55bf99f7dbc88dc007745262f.param,2.0,0.0,0.0,10.794,254168822.0,0d50eff98d92802f3fe67a9519a4110e,86005.0,1.0,0.0,2.761,16,45938.0,0.0,244739.0,5782.0,0.841,1956.0,5782.0,-1.0,5807.0,0.0,467150.0,3636.0,254168822.0,25.0,1.7480000000000002,2.589,0.12,246697.0,False
300.0,f019c54ca541e1449e1424c6aa46d35e.param,0.0,0.0,0.0,4.949,95956545.0,d9b2726a0ce33c2cd75e2c359a19ace1,65080.0,1.0,0.0,2.428,8,44047.0,0.0,110951.0,6206.0,0.385,774.0,6206.0,-1.0,4496.0,0.0,908079.0,1161.0,95956545.0,28.0,1.9240000000000002,2.309,0.12,111727.0,False
300.0,f019c54ca541e1449e1424c6aa46d35e.param,1.0,0.0,0.0,4.748,95956545.0,d9b2726a0ce33c2cd75e2c359a19ace1,65080.0,1.0,0.0,2.283,8,44047.0,0.0,110951.0,6206.0,0.41100000000000003,774.0,6206.0,-1.0,4496.0,0.0,908079.0,1161.0,95956545.0,28.0,1.781,2.1919999999999997,0.12,111727.0,False
300.0,f019c54ca541e1449e1424c6aa46d35e.param,2.0,0.0,0.0,5.142,95956545.0,d9b2726a0ce33c2cd75e2c359a19ace1,65080.0,1.0,0.0,2.323,8,44047.0,0.0,110951.0,6206.0,0.402,774.0,6206.0,-1.0,4496.0,0.0,908079.0,1161.0,95956545.0,28.0,1.825,2.227,0.12,111727.0,False
300.0,8fafcc4984fc93de8a9182509b2a0a65.param,0.0,0.0,0.0,61.02,1057470620.0,d505b8f304e9b3058c75eb22a991ae52,1465585.0,1.0,0.0,36.852,16,1104884.0,0.0,1620225.0,11800.0,5.93,10537.0,11800.0,-1.0,35380.0,0.0,1911293.0,20570.0,1057470620.0,44.0,30.004,35.934,0.94,1630764.0,False
300.0,8fafcc4984fc93de8a9182509b2a0a65.param,1.0,0.0,0.0,59.748999999999995,1057470620.0,d505b8f304e9b3058c75eb22a991ae52,1465585.0,1.0,0.0,37.78,16,1104884.0,0.0,1620225.0,11800.0,6.047999999999999,10537.0,11800.0,-1.0,35380.0,0.0,1911293.0,20570.0,1057470620.0,44.0,30.801,36.849000000000004,0.94,1630764.0,False
300.0,8fafcc4984fc93de8a9182509b2a0a65.param,2.0,0.0,0.0,61.728,1057470620.0,d505b8f304e9b3058c75eb22a991ae52,1465585.0,1.0,0.0,37.668,16,1104884.0,0.0,1620225.0,11800.0,6.2620000000000005,10537.0,11800.0,-1.0,35380.0,0.0,1911293.0,20570.0,1057470620.0,44.0,30.342,36.604,0.94,1630764.0,False
300.0,222abd76a7db47e3d5cbf580e108b101.param,0.0,0.0,0.0,48.532,1802391418.0,96bc58faf23d78fa26f37c4fa4cdaaee,229657.0,1.0,0.0,10.738,16,150829.0,0.0,1271626.0,6275.0,4.574,10034.0,6275.0,-1.0,11936.0,0.0,695579.0,19639.0,1802391418.0,28.0,5.445,10.019,0.63,1281662.0,False
300.0,222abd76a7db47e3d5cbf580e108b101.param,1.0,0.0,0.0,45.055,1802391418.0,96bc58faf23d78fa26f37c4fa4cdaaee,229657.0,1.0,0.0,10.718,16,150829.0,0.0,1271626.0,6275.0,4.566,10034.0,6275.0,-1.0,11936.0,0.0,695579.0,19639.0,1802391418.0,28.0,5.445,10.011000000000001,0.63,1281662.0,False
300.0,222abd76a7db47e3d5cbf580e108b101.param,2.0,0.0,0.0,44.408,1802391418.0,96bc58faf23d78fa26f37c4fa4cdaaee,229657.0,1.0,0.0,11.075999999999999,16,150829.0,0.0,1271626.0,6275.0,4.678,10034.0,6275.0,-1.0,11936.0,0.0,695579.0,19639.0,1802391418.0,28.0,5.527,10.205,0.63,1281662.0,False
300.0,94211d2a9b412d1df1f93eb8fa322afa.param,0.0,0.0,0.0,11.633,270657042.0,a93c54f0117ceb58acc101b9ad693511,108407.0,1.0,0.0,5.742999999999999,8,28789.0,0.0,287897.0,6355.0,0.982,2184.0,6355.0,-1.0,11147.0,0.0,657440.0,4086.0,270657042.0,29.0,4.5569999999999995,5.539,0.28,290083.0,False
300.0,94211d2a9b412d1df1f93eb8fa322afa.param,1.0,0.0,0.0,12.437000000000001,270657042.0,a93c54f0117ceb58acc101b9ad693511,108407.0,1.0,0.0,5.74,8,28789.0,0.0,287897.0,6355.0,1.0170000000000001,2184.0,6355.0,-1.0,11147.0,0.0,657440.0,4086.0,270657042.0,29.0,4.542,5.559,0.28,290083.0,False
300.0,94211d2a9b412d1df1f93eb8fa322afa.param,2.0,0.0,0.0,11.635,270657042.0,a93c54f0117ceb58acc101b9ad693511,108407.0,1.0,0.0,5.6960000000000015,8,28789.0,0.0,287897.0,6355.0,0.9790000000000001,2184.0,6355.0,-1.0,11147.0,0.0,657440.0,4086.0,270657042.0,29.0,4.529,5.507999999999999,0.28,290083.0,False
300.0,f0b6a6311818b4dd8f5227b40762bd4a.param,0.0,0.0,0.0,29.419,1057470620.0,4fb21e54c512be23d74f68b64fd9e6f2,216849.0,1.0,0.0,7.131,16,160191.0,0.0,758896.0,4727.0,2.738,6789.0,4727.0,-1.0,11776.0,0.0,623440.0,13161.0,1057470620.0,21.0,3.932,6.67,0.42,765687.0,False
300.0,f0b6a6311818b4dd8f5227b40762bd4a.param,1.0,0.0,0.0,30.358,1057470620.0,4fb21e54c512be23d74f68b64fd9e6f2,216849.0,1.0,0.0,7.3020000000000005,16,160191.0,0.0,758896.0,4727.0,2.805,6789.0,4727.0,-1.0,11776.0,0.0,623440.0,13161.0,1057470620.0,21.0,3.9730000000000003,6.778,0.42,765687.0,False
300.0,f0b6a6311818b4dd8f5227b40762bd4a.param,2.0,0.0,0.0,30.658,1057470620.0,4fb21e54c512be23d74f68b64fd9e6f2,216849.0,1.0,0.0,7.129,16,160191.0,0.0,758896.0,4727.0,2.6910000000000003,6789.0,4727.0,-1.0,11776.0,0.0,623440.0,13161.0,1057470620.0,21.0,3.9960000000000004,6.687,0.42,765687.0,False
300.0,fc2d899db36a3003ebbcd92cad9223b0.param,0.0,0.0,0.0,25.93,1923385776.0,d59984f44a93602c64c7730369ef854d,150518.0,1.0,0.0,8.812000000000003,16,68830.0,0.0,596880.0,6316.0,2.081,4602.0,6316.0,-1.0,9035.0,0.0,666344.0,8865.0,1923385776.0,29.0,6.3729999999999976,8.454,0.28,601484.0,False
300.0,fc2d899db36a3003ebbcd92cad9223b0.param,1.0,0.0,0.0,23.72300000000001,1923385776.0,d59984f44a93602c64c7730369ef854d,150518.0,1.0,0.0,8.975,16,68830.0,0.0,596880.0,6316.0,2.108,4602.0,6316.0,-1.0,9035.0,0.0,666344.0,8865.0,1923385776.0,29.0,6.505,8.613,0.28,601484.0,False
300.0,fc2d899db36a3003ebbcd92cad9223b0.param,2.0,0.0,0.0,23.558000000000003,1923385776.0,d59984f44a93602c64c7730369ef854d,150518.0,1.0,0.0,9.121,16,68830.0,0.0,596880.0,6316.0,2.158,4602.0,6316.0,-1.0,9035.0,0.0,666344.0,8865.0,1923385776.0,29.0,6.4879999999999995,8.646,0.28,601484.0,False
300.0,867c000858982af2c7444466a304af04.param,0.0,0.0,0.0,46.9,1057470620.0,1a58a962966ce652b6d9a610d2d68e53,111008.0,1.0,0.0,9.039,16,50856.0,0.0,1198077.0,4760.0,4.343,10437.0,4760.0,-1.0,11433.0,0.0,574421.0,20412.0,1057470620.0,21.0,4.0169999999999995,8.36,0.63,1208516.0,False
300.0,867c000858982af2c7444466a304af04.param,1.0,0.0,0.0,45.217,1057470620.0,1a58a962966ce652b6d9a610d2d68e53,111008.0,1.0,0.0,9.275,16,50856.0,0.0,1198077.0,4760.0,4.287,10437.0,4760.0,-1.0,11433.0,0.0,574421.0,20412.0,1057470620.0,21.0,4.0760000000000005,8.363,0.63,1208516.0,False
300.0,867c000858982af2c7444466a304af04.param,2.0,0.0,0.0,43.592,1057470620.0,1a58a962966ce652b6d9a610d2d68e53,111008.0,1.0,0.0,9.037,16,50856.0,0.0,1198077.0,4760.0,4.337,10437.0,4760.0,-1.0,11433.0,0.0,574421.0,20412.0,1057470620.0,21.0,3.995,8.332,0.63,1208516.0,False
300.0,d0bc402d6d4e2f421314981899e705da.param,0.0,0.0,0.0,54.681999999999995,1057470620.0,f931d5640bc03839cee2f94b2d3595f0,422525.0,1.0,0.0,15.597999999999999,16,294211.0,0.0,1429884.0,6397.0,5.268,10650.0,6397.0,-1.0,18762.0,0.0,911578.0,20835.0,1057470620.0,29.0,9.215,14.482999999999999,0.63,1440536.0,False
300.0,d0bc402d6d4e2f421314981899e705da.param,1.0,0.0,0.0,53.351000000000006,1057470620.0,f931d5640bc03839cee2f94b2d3595f0,422525.0,1.0,0.0,15.447000000000001,16,294211.0,0.0,1429884.0,6397.0,5.401,10650.0,6397.0,-1.0,18762.0,0.0,911578.0,20835.0,1057470620.0,29.0,9.072000000000001,14.472999999999999,0.63,1440536.0,False
300.0,d0bc402d6d4e2f421314981899e705da.param,2.0,0.0,0.0,53.636,1057470620.0,f931d5640bc03839cee2f94b2d3595f0,422525.0,1.0,0.0,15.594000000000001,16,294211.0,0.0,1429884.0,6397.0,5.245,10650.0,6397.0,-1.0,18762.0,0.0,911578.0,20835.0,1057470620.0,29.0,9.253,14.498,0.63,1440536.0,False
300.0,d62c2a52625c21dd4bc4370bcd02db43.param,0.0,0.0,0.0,41.657,554543104.0,a80879709aea22f5092df6829a70a068,407735.0,1.0,0.0,18.322,16,271474.0,0.0,1090397.0,11342.0,3.873,7164.0,11342.0,-1.0,16233.0,0.0,1127247.0,13926.0,554543104.0,41.0,13.825,17.698,0.42,1097563.0,False
300.0,d62c2a52625c21dd4bc4370bcd02db43.param,1.0,0.0,0.0,42.551,554543104.0,a80879709aea22f5092df6829a70a068,407735.0,1.0,0.0,19.067999999999998,16,271474.0,0.0,1090397.0,11342.0,4.0280000000000005,7164.0,11342.0,-1.0,16233.0,0.0,1127247.0,13926.0,554543104.0,41.0,14.378,18.406,0.42,1097563.0,False
300.0,d62c2a52625c21dd4bc4370bcd02db43.param,2.0,0.0,0.0,40.65,554543104.0,a80879709aea22f5092df6829a70a068,407735.0,1.0,0.0,18.832,16,271474.0,0.0,1090397.0,11342.0,4.064,7164.0,11342.0,-1.0,16233.0,0.0,1127247.0,13926.0,554543104.0,41.0,14.15,18.214000000000002,0.42,1097563.0,False
300.0,d52ad8a9dee13cb147c0b0d6d29d8a1a.param,0.0,0.0,0.0,14.174000000000001,1257636424.0,059063029b14f7d2f65bab2295534314,237446.0,1.0,0.0,9.283,8,153153.0,0.0,334481.0,6314.0,1.227,2568.0,6314.0,-1.0,11778.0,0.0,773666.0,4806.0,1257636424.0,29.0,7.843,9.07,0.28,337051.0,False
300.0,d52ad8a9dee13cb147c0b0d6d29d8a1a.param,1.0,0.0,0.0,13.362,1257636424.0,059063029b14f7d2f65bab2295534314,237446.0,1.0,0.0,9.33,8,153153.0,0.0,334481.0,6314.0,1.165,2568.0,6314.0,-1.0,11778.0,0.0,773666.0,4806.0,1257636424.0,29.0,7.885,9.05,0.28,337051.0,False
300.0,d52ad8a9dee13cb147c0b0d6d29d8a1a.param,2.0,0.0,0.0,13.412,1257636424.0,059063029b14f7d2f65bab2295534314,237446.0,1.0,0.0,9.212,8,153153.0,0.0,334481.0,6314.0,1.186,2568.0,6314.0,-1.0,11778.0,0.0,773666.0,4806.0,1257636424.0,29.0,7.808,8.994,0.28,337051.0,False
300.0,a2bb37bd1970b7fe11a8b59cb1f3a6f3.param,0.0,0.0,0.0,33.718,1139903203.0,93529f68e574d29eeb3f7debb803522f,164343.0,1.0,0.0,9.439,8,62008.0,0.0,869499.0,10379.0,3.137,5800.0,10379.0,-1.0,13912.0,0.0,998705.0,11274.0,1139903203.0,37.0,5.7810000000000015,8.918,0.28,875301.0,False
300.0,a2bb37bd1970b7fe11a8b59cb1f3a6f3.param,1.0,0.0,0.0,33.56,1139903203.0,93529f68e574d29eeb3f7debb803522f,164343.0,1.0,0.0,9.517999999999999,8,62008.0,0.0,869499.0,10379.0,3.162,5800.0,10379.0,-1.0,13912.0,0.0,998705.0,11274.0,1139903203.0,37.0,5.84,9.002,0.28,875301.0,False
300.0,a2bb37bd1970b7fe11a8b59cb1f3a6f3.param,2.0,0.0,0.0,32.848,1139903203.0,93529f68e574d29eeb3f7debb803522f,164343.0,1.0,0.0,9.382,8,62008.0,0.0,869499.0,10379.0,3.112,5800.0,10379.0,-1.0,13912.0,0.0,998705.0,11274.0,1139903203.0,37.0,5.763999999999999,8.876,0.28,875301.0,False
300.0,b6b46bc646920ea1298e9f12b19fab10.param,0.0,0.0,0.0,41.66,254168822.0,e6586e1bf5a6510d3ae8cc522c80b02e,159457.0,1.0,0.0,10.03,16,80876.0,0.0,1142999.0,6200.0,4.125,9128.0,6200.0,-1.0,9486.0,0.0,610957.0,17848.0,254168822.0,28.0,5.277,9.402000000000001,0.42,1152129.0,False
300.0,b6b46bc646920ea1298e9f12b19fab10.param,1.0,0.0,0.0,42.466,254168822.0,e6586e1bf5a6510d3ae8cc522c80b02e,159457.0,1.0,0.0,10.025,16,80876.0,0.0,1142999.0,6200.0,4.163,9128.0,6200.0,-1.0,9486.0,0.0,610957.0,17848.0,254168822.0,28.0,5.218999999999999,9.382,0.42,1152129.0,False
300.0,b6b46bc646920ea1298e9f12b19fab10.param,2.0,0.0,0.0,41.983000000000004,254168822.0,e6586e1bf5a6510d3ae8cc522c80b02e,159457.0,1.0,0.0,10.404000000000002,16,80876.0,0.0,1142999.0,6200.0,4.254,9128.0,6200.0,-1.0,9486.0,0.0,610957.0,17848.0,254168822.0,28.0,5.284,9.538,0.42,1152129.0,False
300.0,8b3ad6188dc92a4335827c8e01628c0f.param,0.0,0.0,0.0,28.845,182366586.0,965155084c6d4ff5250d8fb7e1886276,32529.0,1.0,0.0,4.9030000000000005,8,7255.0,0.0,777383.0,4696.0,2.759,7008.0,4696.0,-1.0,3982.0,0.0,392661.0,13752.0,182366586.0,20.0,1.6840000000000002,4.4430000000000005,0.42,784393.0,False
300.0,8b3ad6188dc92a4335827c8e01628c0f.param,1.0,0.0,0.0,29.4,182366586.0,965155084c6d4ff5250d8fb7e1886276,32529.0,1.0,0.0,4.917,8,7255.0,0.0,777383.0,4696.0,2.7739999999999996,7008.0,4696.0,-1.0,3982.0,0.0,392661.0,13752.0,182366586.0,20.0,1.683,4.457,0.42,784393.0,False
300.0,8b3ad6188dc92a4335827c8e01628c0f.param,2.0,0.0,0.0,27.879,182366586.0,965155084c6d4ff5250d8fb7e1886276,32529.0,1.0,0.0,5.026,8,7255.0,0.0,777383.0,4696.0,2.862,7008.0,4696.0,-1.0,3982.0,0.0,392661.0,13752.0,182366586.0,20.0,1.6869999999999998,4.5489999999999995,0.42,784393.0,False
300.0,44fed91bbf02c3af539328e6662bf914.param,0.0,0.0,0.0,44.28100000000001,95956545.0,f764deb9fb8a74837d4949894da61db0,603004.0,1.0,0.0,12.007,16,507593.0,0.0,1120672.0,6238.0,4.173,8840.0,6238.0,-1.0,14197.0,0.0,965562.0,17233.0,95956545.0,28.0,7.035,11.208,0.63,1129514.0,False
300.0,44fed91bbf02c3af539328e6662bf914.param,1.0,0.0,0.0,41.994,95956545.0,f764deb9fb8a74837d4949894da61db0,603004.0,1.0,0.0,11.879000000000001,16,507593.0,0.0,1120672.0,6238.0,4.052,8840.0,6238.0,-1.0,14197.0,0.0,965562.0,17233.0,95956545.0,28.0,7.189,11.241,0.63,1129514.0,False
300.0,44fed91bbf02c3af539328e6662bf914.param,2.0,0.0,0.0,41.375,95956545.0,f764deb9fb8a74837d4949894da61db0,603004.0,1.0,0.0,11.747,16,507593.0,0.0,1120672.0,6238.0,4.015,8840.0,6238.0,-1.0,14197.0,0.0,965562.0,17233.0,95956545.0,28.0,7.081,11.095999999999998,0.63,1129514.0,False
300.0,85b90a483e5d2ab64757532083d99628.param,0.0,0.0,0.0,56.108999999999995,1083416308.0,03ab4e64a36952817360452da5df0890,658812.0,1.0,0.0,29.54300000000001,16,486415.0,0.0,1531367.0,10200.0,5.567,10920.0,10200.0,-1.0,19816.0,0.0,1263425.0,21384.0,1083416308.0,36.0,23.111,28.678,0.63,1542289.0,False
300.0,85b90a483e5d2ab64757532083d99628.param,1.0,0.0,0.0,55.03100000000001,1083416308.0,03ab4e64a36952817360452da5df0890,658812.0,1.0,0.0,30.309,16,486415.0,0.0,1531367.0,10200.0,5.666,10920.0,10200.0,-1.0,19816.0,0.0,1263425.0,21384.0,1083416308.0,36.0,23.488000000000003,29.154,0.63,1542289.0,False
300.0,85b90a483e5d2ab64757532083d99628.param,2.0,0.0,0.0,58.724,1083416308.0,03ab4e64a36952817360452da5df0890,658812.0,1.0,0.0,29.699,16,486415.0,0.0,1531367.0,10200.0,5.526,10920.0,10200.0,-1.0,19816.0,0.0,1263425.0,21384.0,1083416308.0,36.0,23.3,28.826,0.63,1542289.0,False
300.0,5fef6050cdd12ec4963b342a00b8769f.param,0.0,0.0,0.0,45.784,335975281.0,931ffe52949dd331bc1e2fd84e51cdd5,161651.0,1.0,0.0,11.39,8,69860.0,0.0,1235047.0,6390.0,4.436,9256.0,6390.0,-1.0,12016.0,0.0,755067.0,18196.0,335975281.0,29.0,6.2810000000000015,10.717,0.63,1244305.0,False
300.0,5fef6050cdd12ec4963b342a00b8769f.param,1.0,0.0,0.0,42.691,335975281.0,931ffe52949dd331bc1e2fd84e51cdd5,161651.0,1.0,0.0,11.415,8,69860.0,0.0,1235047.0,6390.0,4.425,9256.0,6390.0,-1.0,12016.0,0.0,755067.0,18196.0,335975281.0,29.0,6.311,10.735999999999999,0.63,1244305.0,False
300.0,5fef6050cdd12ec4963b342a00b8769f.param,2.0,0.0,0.0,47.08,335975281.0,931ffe52949dd331bc1e2fd84e51cdd5,161651.0,1.0,0.0,11.41,8,69860.0,0.0,1235047.0,6390.0,4.4510000000000005,9256.0,6390.0,-1.0,12016.0,0.0,755067.0,18196.0,335975281.0,29.0,6.28,10.731,0.63,1244305.0,False
300.0,f77193d98d97a8df35aba3d3d50b907e.param,0.0,0.0,0.0,28.573,646920589.0,5be2508d525adbc852036aa5bfbda496,105047.0,1.0,0.0,7.601,8,44223.0,0.0,782109.0,5743.0,2.7689999999999997,6364.0,5743.0,-1.0,8264.0,0.0,561576.0,12436.0,646920589.0,25.0,4.367,7.136,0.42,788475.0,False
300.0,f77193d98d97a8df35aba3d3d50b907e.param,1.0,0.0,0.0,30.647,646920589.0,5be2508d525adbc852036aa5bfbda496,105047.0,1.0,0.0,7.699,8,44223.0,0.0,782109.0,5743.0,2.813,6364.0,5743.0,-1.0,8264.0,0.0,561576.0,12436.0,646920589.0,25.0,4.433,7.246,0.42,788475.0,False
300.0,f77193d98d97a8df35aba3d3d50b907e.param,2.0,0.0,0.0,28.506999999999998,646920589.0,5be2508d525adbc852036aa5bfbda496,105047.0,1.0,0.0,7.9110000000000005,8,44223.0,0.0,782109.0,5743.0,2.9,6364.0,5743.0,-1.0,8264.0,0.0,561576.0,12436.0,646920589.0,25.0,4.434,7.334,0.42,788475.0,False
300.0,b7c1926b06d5191f5f23b3654f7eea8a.param,0.0,0.0,0.0,25.414,1883039101.0,b5d573c4c345548ac7d36274eead234b,40419.0,1.0,0.0,4.62,8,9968.0,0.0,697693.0,4059.0,2.435,7056.0,4059.0,-1.0,5526.0,0.0,340521.0,13850.0,1883039101.0,16.0,1.795,4.23,0.42,704751.0,False
300.0,b7c1926b06d5191f5f23b3654f7eea8a.param,1.0,0.0,0.0,26.570999999999998,1883039101.0,b5d573c4c345548ac7d36274eead234b,40419.0,1.0,0.0,4.635,8,9968.0,0.0,697693.0,4059.0,2.4619999999999997,7056.0,4059.0,-1.0,5526.0,0.0,340521.0,13850.0,1883039101.0,16.0,1.7790000000000001,4.2410000000000005,0.42,704751.0,False
300.0,b7c1926b06d5191f5f23b3654f7eea8a.param,2.0,0.0,0.0,24.283,1883039101.0,b5d573c4c345548ac7d36274eead234b,40419.0,1.0,0.0,4.79,8,9968.0,0.0,697693.0,4059.0,2.4530000000000003,7056.0,4059.0,-1.0,5526.0,0.0,340521.0,13850.0,1883039101.0,16.0,1.921,4.374,0.42,704751.0,False
300.0,fece5a92f820b73659733b9639b82885.param,0.0,0.0,0.0,16.477999999999998,1242281828.0,f0a546f2e9027e1e73736e58ce0760a2,1093154.0,1.0,0.0,25.65,8,951540.0,0.0,385431.0,9644.0,1.3659999999999999,2740.0,9644.0,-1.0,19018.0,0.0,1441722.0,5062.0,1242281828.0,32.0,24.045,25.410999999999998,0.42,388173.0,False
300.0,fece5a92f820b73659733b9639b82885.param,1.0,0.0,0.0,15.017999999999999,1242281828.0,f0a546f2e9027e1e73736e58ce0760a2,1093154.0,1.0,0.0,25.279,8,951540.0,0.0,385431.0,9644.0,1.3319999999999999,2740.0,9644.0,-1.0,19018.0,0.0,1441722.0,5062.0,1242281828.0,32.0,23.704,25.035999999999998,0.42,388173.0,False
300.0,fece5a92f820b73659733b9639b82885.param,2.0,0.0,0.0,15.277000000000001,1242281828.0,f0a546f2e9027e1e73736e58ce0760a2,1093154.0,1.0,0.0,25.244,8,951540.0,0.0,385431.0,9644.0,1.325,2740.0,9644.0,-1.0,19018.0,0.0,1441722.0,5062.0,1242281828.0,32.0,23.671999999999997,24.997,0.42,388173.0,False
300.0,b24ff19d000a151b6659a6c65e6c35c6.param,0.0,0.0,0.0,35.532,590654055.0,1eb96bf0011f33ca7e08c8a98bdd3e2d,513613.0,1.0,0.0,29.304000000000002,8,340823.0,0.0,897396.0,10253.0,3.32,6240.0,10253.0,-1.0,20331.0,0.0,1198320.0,12097.0,590654055.0,36.0,25.279,28.599,0.63,903638.0,False
300.0,b24ff19d000a151b6659a6c65e6c35c6.param,1.0,0.0,0.0,35.451,590654055.0,1eb96bf0011f33ca7e08c8a98bdd3e2d,513613.0,1.0,0.0,28.765,8,340823.0,0.0,897396.0,10253.0,3.207,6240.0,10253.0,-1.0,20331.0,0.0,1198320.0,12097.0,590654055.0,36.0,25.059,28.266,0.63,903638.0,False
300.0,b24ff19d000a151b6659a6c65e6c35c6.param,2.0,0.0,0.0,33.791,590654055.0,1eb96bf0011f33ca7e08c8a98bdd3e2d,513613.0,1.0,0.0,28.485,8,340823.0,0.0,897396.0,10253.0,3.17,6240.0,10253.0,-1.0,20331.0,0.0,1198320.0,12097.0,590654055.0,36.0,24.789,27.959,0.63,903638.0,False
300.0,3202e56149cbd27d0de3bdbd879f81e3.param,0.0,0.0,0.0,12.42,83966730.0,9a9f40c9f61da5092171b23732ef6895,50904.0,1.0,0.0,3.2680000000000002,8,10308.0,0.0,306837.0,5706.0,1.057,2528.0,5706.0,-1.0,6257.0,0.0,485800.0,4806.0,83966730.0,25.0,2.008,3.065,0.19,309367.0,False
300.0,3202e56149cbd27d0de3bdbd879f81e3.param,1.0,0.0,0.0,12.792,83966730.0,9a9f40c9f61da5092171b23732ef6895,50904.0,1.0,0.0,3.245,8,10308.0,0.0,306837.0,5706.0,1.0490000000000002,2528.0,5706.0,-1.0,6257.0,0.0,485800.0,4806.0,83966730.0,25.0,2.005,3.054,0.19,309367.0,False
300.0,3202e56149cbd27d0de3bdbd879f81e3.param,2.0,0.0,0.0,11.249,83966730.0,9a9f40c9f61da5092171b23732ef6895,50904.0,1.0,0.0,3.4760000000000004,8,10308.0,0.0,306837.0,5706.0,1.133,2528.0,5706.0,-1.0,6257.0,0.0,485800.0,4806.0,83966730.0,25.0,2.133,3.266,0.19,309367.0,False
300.0,3df40218b019eea866b53a1349c0d0e2.param,0.0,0.0,0.0,16.037,1145031130.0,84360bf63341be76fe631bf8f0560eb9,32832.0,0.0,0.0,2.594,8,15886.0,0.0,24833.0,14113.0,0.21899999999999997,444.0,14113.0,-1.0,287.0,0.0,281253.0,774.0,1145031130.0,51.0,2.3169999999999997,2.536,0.02,25279.0,False
300.0,3df40218b019eea866b53a1349c0d0e2.param,1.0,0.0,0.0,17.657,1145031130.0,84360bf63341be76fe631bf8f0560eb9,32832.0,0.0,0.0,2.4290000000000003,8,15886.0,0.0,24833.0,14113.0,0.207,444.0,14113.0,-1.0,287.0,0.0,281253.0,774.0,1145031130.0,51.0,2.171,2.378,0.02,25279.0,False
300.0,3df40218b019eea866b53a1349c0d0e2.param,2.0,0.0,0.0,17.480999999999998,1145031130.0,84360bf63341be76fe631bf8f0560eb9,32832.0,0.0,0.0,2.378,8,15886.0,0.0,24833.0,14113.0,0.204,444.0,14113.0,-1.0,287.0,0.0,281253.0,774.0,1145031130.0,51.0,2.125,2.329,0.02,25279.0,False
300.0,e5fa51f4b48f9d73b966b1eb0389e73c.param,0.0,0.0,0.0,85.414,2136253402.0,be31ea82a361c0e3ab4c376a1bcda894,514582.0,1.0,0.0,34.676,16,297853.0,0.0,2181575.0,11383.0,7.9929999999999986,14190.0,11383.0,-1.0,23395.0,0.0,1255576.0,27864.0,2136253402.0,41.0,25.467,33.46,0.94,2195767.0,False
300.0,e5fa51f4b48f9d73b966b1eb0389e73c.param,1.0,0.0,0.0,81.075,2136253402.0,be31ea82a361c0e3ab4c376a1bcda894,514582.0,1.0,0.0,34.368,16,297853.0,0.0,2181575.0,11383.0,7.9910000000000005,14190.0,11383.0,-1.0,23395.0,0.0,1255576.0,27864.0,2136253402.0,41.0,25.221,33.211999999999996,0.94,2195767.0,False
300.0,e5fa51f4b48f9d73b966b1eb0389e73c.param,2.0,0.0,0.0,77.77600000000002,2136253402.0,be31ea82a361c0e3ab4c376a1bcda894,514582.0,1.0,0.0,34.512,16,297853.0,0.0,2181575.0,11383.0,7.987999999999999,14190.0,11383.0,-1.0,23395.0,0.0,1255576.0,27864.0,2136253402.0,41.0,25.244,33.232,0.94,2195767.0,False
300.0,ebfb38d0b486754d6704faf1ad393db8.param,0.0,0.0,0.0,20.653000000000002,1234135464.0,0ca33f602cf42729cd9e8e756af5a1eb,59681.0,1.0,0.0,4.763,8,22518.0,0.0,521267.0,5782.0,1.896,3780.0,5782.0,-1.0,6304.0,0.0,695797.0,7272.0,1234135464.0,25.0,2.539,4.435,0.28,525049.0,False
300.0,ebfb38d0b486754d6704faf1ad393db8.param,1.0,0.0,0.0,20.508000000000006,1234135464.0,0ca33f602cf42729cd9e8e756af5a1eb,59681.0,1.0,0.0,4.673,8,22518.0,0.0,521267.0,5782.0,1.844,3780.0,5782.0,-1.0,6304.0,0.0,695797.0,7272.0,1234135464.0,25.0,2.523,4.367,0.28,525049.0,False
300.0,ebfb38d0b486754d6704faf1ad393db8.param,2.0,0.0,0.0,20.81,1234135464.0,0ca33f602cf42729cd9e8e756af5a1eb,59681.0,1.0,0.0,4.687,8,22518.0,0.0,521267.0,5782.0,1.869,3780.0,5782.0,-1.0,6304.0,0.0,695797.0,7272.0,1234135464.0,25.0,2.502,4.371,0.28,525049.0,False
300.0,f96e501784f98c21890b02a2712e89bd.param,0.0,0.0,0.0,42.067,590654055.0,194a88ac4a739dc57353d5696480bb33,228367.0,1.0,0.0,12.557,8,122971.0,0.0,1160466.0,6355.0,4.302,8800.0,6355.0,-1.0,15411.0,0.0,809741.0,17259.0,590654055.0,29.0,7.449,11.751,0.63,1169268.0,False
300.0,f96e501784f98c21890b02a2712e89bd.param,1.0,0.0,0.0,42.23,590654055.0,194a88ac4a739dc57353d5696480bb33,228367.0,1.0,0.0,12.124,8,122971.0,0.0,1160466.0,6355.0,4.162,8800.0,6355.0,-1.0,15411.0,0.0,809741.0,17259.0,590654055.0,29.0,7.28,11.442,0.63,1169268.0,False
300.0,f96e501784f98c21890b02a2712e89bd.param,2.0,0.0,0.0,41.022,590654055.0,194a88ac4a739dc57353d5696480bb33,228367.0,1.0,0.0,12.046,8,122971.0,0.0,1160466.0,6355.0,4.166,8800.0,6355.0,-1.0,15411.0,0.0,809741.0,17259.0,590654055.0,29.0,7.2429999999999986,11.409,0.63,1169268.0,False
300.0,a41351309b1ab4b5310538c23b8dec0e.param,0.0,0.0,0.0,58.00100000000001,1234135464.0,4154b0ed9a09ada200cbc6c88d3097d0,459465.0,1.0,0.0,30.13300000000001,8,300416.0,0.0,1501013.0,10201.0,5.5,10656.0,10201.0,-1.0,19933.0,0.0,1067171.0,20934.0,1234135464.0,36.0,23.522,29.022,0.63,1511671.0,False
300.0,a41351309b1ab4b5310538c23b8dec0e.param,1.0,0.0,0.0,52.673,1234135464.0,4154b0ed9a09ada200cbc6c88d3097d0,459465.0,1.0,0.0,29.296,8,300416.0,0.0,1501013.0,10201.0,5.3839999999999995,10656.0,10201.0,-1.0,19933.0,0.0,1067171.0,20934.0,1234135464.0,36.0,23.055,28.439,0.63,1511671.0,False
300.0,a41351309b1ab4b5310538c23b8dec0e.param,2.0,0.0,0.0,52.958,1234135464.0,4154b0ed9a09ada200cbc6c88d3097d0,459465.0,1.0,0.0,29.491999999999997,8,300416.0,0.0,1501013.0,10201.0,5.535,10656.0,10201.0,-1.0,19933.0,0.0,1067171.0,20934.0,1234135464.0,36.0,23.114,28.649,0.63,1511671.0,False
300.0,f8df5f5150968e8beed02c87bc2ab666.param,0.0,0.0,0.0,50.864,1258716603.0,bfb977fe9e52262ab8c3027598c13ba8,176003.0,1.0,0.0,12.043,8,77510.0,0.0,1374907.0,6316.0,4.921,10540.0,6316.0,-1.0,12526.0,0.0,694554.0,20766.0,1258716603.0,29.0,6.348,11.269,0.63,1385449.0,False
300.0,f8df5f5150968e8beed02c87bc2ab666.param,1.0,0.0,0.0,47.63800000000001,1258716603.0,bfb977fe9e52262ab8c3027598c13ba8,176003.0,1.0,0.0,12.050999999999998,8,77510.0,0.0,1374907.0,6316.0,4.928,10540.0,6316.0,-1.0,12526.0,0.0,694554.0,20766.0,1258716603.0,29.0,6.345,11.273,0.63,1385449.0,False
300.0,f8df5f5150968e8beed02c87bc2ab666.param,2.0,0.0,0.0,50.458999999999996,1258716603.0,bfb977fe9e52262ab8c3027598c13ba8,176003.0,1.0,0.0,12.026,8,77510.0,0.0,1374907.0,6316.0,4.938,10540.0,6316.0,-1.0,12526.0,0.0,694554.0,20766.0,1258716603.0,29.0,6.3420000000000005,11.28,0.63,1385449.0,False
300.0,3c59340fb353a585970ae15583e52dc2.param,0.0,0.0,0.0,55.113,1923385776.0,371fc64501dcb4a019eb02be0bf16044,192026.0,1.0,0.0,18.342,8,103844.0,0.0,1539502.0,9685.0,5.724,11160.0,9685.0,-1.0,9819.0,0.0,851263.0,21991.0,1923385776.0,32.0,11.571,17.295,0.63,1550664.0,False
300.0,3c59340fb353a585970ae15583e52dc2.param,1.0,0.0,0.0,55.896,1923385776.0,371fc64501dcb4a019eb02be0bf16044,192026.0,1.0,0.0,17.82,8,103844.0,0.0,1539502.0,9685.0,5.5,11160.0,9685.0,-1.0,9819.0,0.0,851263.0,21991.0,1923385776.0,32.0,11.489,16.989,0.63,1550664.0,False
300.0,3c59340fb353a585970ae15583e52dc2.param,2.0,0.0,0.0,56.852,1923385776.0,371fc64501dcb4a019eb02be0bf16044,192026.0,1.0,0.0,18.423,8,103844.0,0.0,1539502.0,9685.0,5.5889999999999995,11160.0,9685.0,-1.0,9819.0,0.0,851263.0,21991.0,1923385776.0,32.0,11.693,17.282,0.63,1550664.0,False
300.0,411eb8af67a987b6d330a3f7c487347c.param,0.0,0.0,0.0,12.683,1083416308.0,a02e934f6da8a7fc783a45710f928982,77774.0,1.0,0.0,4.295,8,32791.0,0.0,317367.0,4760.0,1.079,2788.0,4760.0,-1.0,9564.0,0.0,433998.0,5316.0,1083416308.0,21.0,3.009,4.088,0.19,320157.0,False
300.0,411eb8af67a987b6d330a3f7c487347c.param,1.0,0.0,0.0,13.243,1083416308.0,a02e934f6da8a7fc783a45710f928982,77774.0,1.0,0.0,4.496,8,32791.0,0.0,317367.0,4760.0,1.181,2788.0,4760.0,-1.0,9564.0,0.0,433998.0,5316.0,1083416308.0,21.0,3.1010000000000004,4.282,0.19,320157.0,False
300.0,411eb8af67a987b6d330a3f7c487347c.param,2.0,0.0,0.0,12.884,1083416308.0,a02e934f6da8a7fc783a45710f928982,77774.0,1.0,0.0,4.369,8,32791.0,0.0,317367.0,4760.0,1.143,2788.0,4760.0,-1.0,9564.0,0.0,433998.0,5316.0,1083416308.0,21.0,3.0260000000000002,4.169,0.19,320157.0,False
300.0,f48c0154c055dd2d9e427d94e5cc96fd.param,0.0,0.0,0.0,45.191,1098776393.0,68c03bd6b66497313f6cd04ec2549e90,307451.0,1.0,0.0,23.891,8,158894.0,0.0,1229377.0,11255.0,4.418,8118.0,11255.0,-1.0,15172.0,0.0,1194656.0,15901.0,1098776393.0,40.0,18.537,22.955,0.42,1237497.0,False
300.0,f48c0154c055dd2d9e427d94e5cc96fd.param,1.0,0.0,0.0,44.858000000000004,1098776393.0,68c03bd6b66497313f6cd04ec2549e90,307451.0,1.0,0.0,23.6,8,158894.0,0.0,1229377.0,11255.0,4.407,8118.0,11255.0,-1.0,15172.0,0.0,1194656.0,15901.0,1098776393.0,40.0,18.221,22.628,0.42,1237497.0,False
300.0,f48c0154c055dd2d9e427d94e5cc96fd.param,2.0,0.0,0.0,45.611000000000004,1098776393.0,68c03bd6b66497313f6cd04ec2549e90,307451.0,1.0,0.0,23.311,8,158894.0,0.0,1229377.0,11255.0,4.394,8118.0,11255.0,-1.0,15172.0,0.0,1194656.0,15901.0,1098776393.0,40.0,18.234,22.628,0.42,1237497.0,False
300.0,964d1ae550e8b1567ec8e3803e14c5da.param,0.0,0.0,0.0,32.249,693280077.0,856fd2ceb1947237515e4abd18739fe2,88719.0,1.0,0.0,6.8820000000000014,8,44570.0,0.0,841265.0,4087.0,2.95,8268.0,4087.0,-1.0,9644.0,0.0,445840.0,16182.0,693280077.0,16.0,3.458,6.4079999999999995,0.42,849535.0,False
300.0,964d1ae550e8b1567ec8e3803e14c5da.param,1.0,0.0,0.0,31.864,693280077.0,856fd2ceb1947237515e4abd18739fe2,88719.0,1.0,0.0,6.9670000000000005,8,44570.0,0.0,841265.0,4087.0,2.977,8268.0,4087.0,-1.0,9644.0,0.0,445840.0,16182.0,693280077.0,16.0,3.5,6.477,0.42,849535.0,False
300.0,964d1ae550e8b1567ec8e3803e14c5da.param,2.0,0.0,0.0,33.57,693280077.0,856fd2ceb1947237515e4abd18739fe2,88719.0,1.0,0.0,6.921,8,44570.0,0.0,841265.0,4087.0,2.963,8268.0,4087.0,-1.0,9644.0,0.0,445840.0,16182.0,693280077.0,16.0,3.4819999999999998,6.445,0.42,849535.0,False
300.0,ff29c8f9c07b239fedaec27dbf4ce49d.param,0.0,0.0,0.0,25.461,34754393.0,95a79db626e9f3b397c3d25789d64600,540594.0,1.0,0.0,34.917,8,333900.0,0.0,705318.0,9686.0,2.502,5120.0,9686.0,-1.0,24357.0,0.0,1073828.0,9839.0,34754393.0,32.0,31.983,34.485,0.63,710440.0,False
300.0,ff29c8f9c07b239fedaec27dbf4ce49d.param,1.0,0.0,0.0,28.781999999999996,34754393.0,95a79db626e9f3b397c3d25789d64600,540594.0,1.0,0.0,34.625,8,333900.0,0.0,705318.0,9686.0,2.55,5120.0,9686.0,-1.0,24357.0,0.0,1073828.0,9839.0,34754393.0,32.0,31.64,34.19,0.63,710440.0,False
300.0,ff29c8f9c07b239fedaec27dbf4ce49d.param,2.0,0.0,0.0,26.724,34754393.0,95a79db626e9f3b397c3d25789d64600,540594.0,1.0,0.0,35.247,8,333900.0,0.0,705318.0,9686.0,2.572,5120.0,9686.0,-1.0,24357.0,0.0,1073828.0,9839.0,34754393.0,32.0,32.25,34.821999999999996,0.63,710440.0,False
300.0,be934c0585611c7f00126ccfde3651ad.param,0.0,0.0,0.0,52.602,590654055.0,31fc3c96fb63d6211eb9e63dec01c836,880178.0,1.0,0.0,29.555999999999997,8,677288.0,0.0,1496036.0,10287.0,5.4079999999999995,10296.0,10287.0,-1.0,25467.0,0.0,1341458.0,20160.0,590654055.0,36.0,23.00800000000001,28.416,0.63,1506334.0,False
300.0,be934c0585611c7f00126ccfde3651ad.param,1.0,0.0,0.0,55.063,590654055.0,31fc3c96fb63d6211eb9e63dec01c836,880178.0,1.0,0.0,29.636999999999997,8,677288.0,0.0,1496036.0,10287.0,5.625,10296.0,10287.0,-1.0,25467.0,0.0,1341458.0,20160.0,590654055.0,36.0,23.055999999999997,28.680999999999997,0.63,1506334.0,False
300.0,be934c0585611c7f00126ccfde3651ad.param,2.0,0.0,0.0,52.00899999999999,590654055.0,31fc3c96fb63d6211eb9e63dec01c836,880178.0,1.0,0.0,28.771,8,677288.0,0.0,1496036.0,10287.0,5.416,10296.0,10287.0,-1.0,25467.0,0.0,1341458.0,20160.0,590654055.0,36.0,22.538,27.954,0.63,1506334.0,False
300.0,9847d0c027bbaccb1847a48fd98a95ac.param,0.0,0.0,0.0,22.175,1405409883.0,6ec1010a66da398b537980f22c4eea8f,390602.0,1.0,0.0,18.209,8,256933.0,0.0,517595.0,10200.0,1.867,3636.0,10200.0,-1.0,14202.0,0.0,954028.0,6954.0,1405409883.0,36.0,15.368,17.235,0.28,521233.0,False
300.0,9847d0c027bbaccb1847a48fd98a95ac.param,1.0,0.0,0.0,19.962,1405409883.0,6ec1010a66da398b537980f22c4eea8f,390602.0,1.0,0.0,17.734,8,256933.0,0.0,517595.0,10200.0,1.8630000000000002,3636.0,10200.0,-1.0,14202.0,0.0,954028.0,6954.0,1405409883.0,36.0,15.448,17.311,0.28,521233.0,False
300.0,9847d0c027bbaccb1847a48fd98a95ac.param,2.0,0.0,0.0,21.675,1405409883.0,6ec1010a66da398b537980f22c4eea8f,390602.0,1.0,0.0,17.676,8,256933.0,0.0,517595.0,10200.0,1.841,3636.0,10200.0,-1.0,14202.0,0.0,954028.0,6954.0,1405409883.0,36.0,15.423,17.264,0.28,521233.0,False
300.0,813211425de754d47420bda81be7c3af.param,0.0,0.0,0.0,25.897,2028359165.0,f345b6bb9e39d93d734f7386c706ea25,167420.0,1.0,0.0,5.7860000000000005,8,117469.0,0.0,629391.0,5705.0,2.205,5184.0,5705.0,-1.0,7683.0,0.0,572657.0,10096.0,2028359165.0,25.0,3.219,5.4239999999999995,0.28,634577.0,False
300.0,813211425de754d47420bda81be7c3af.param,1.0,0.0,0.0,25.584,2028359165.0,f345b6bb9e39d93d734f7386c706ea25,167420.0,1.0,0.0,5.845,8,117469.0,0.0,629391.0,5705.0,2.21,5184.0,5705.0,-1.0,7683.0,0.0,572657.0,10096.0,2028359165.0,25.0,3.264,5.474,0.28,634577.0,False
300.0,813211425de754d47420bda81be7c3af.param,2.0,0.0,0.0,24.675,2028359165.0,f345b6bb9e39d93d734f7386c706ea25,167420.0,1.0,0.0,6.051,8,117469.0,0.0,629391.0,5705.0,2.363,5184.0,5705.0,-1.0,7683.0,0.0,572657.0,10096.0,2028359165.0,25.0,3.32,5.683,0.28,634577.0,False
300.0,0faee3ca8e450721dd5b73cb48656439.param,0.0,0.0,0.0,89.055,221638566.0,05c4a04de112cc043a8a6f09f29301b1,519131.0,1.0,0.0,25.999000000000002,8,349139.0,0.0,2493906.0,10243.0,9.331,17520.0,10243.0,-1.0,18086.0,0.0,1560790.0,34610.0,221638566.0,36.0,15.331,24.662,0.94,2511428.0,False
300.0,0faee3ca8e450721dd5b73cb48656439.param,1.0,0.0,0.0,90.70200000000001,221638566.0,05c4a04de112cc043a8a6f09f29301b1,519131.0,1.0,0.0,25.739,8,349139.0,0.0,2493906.0,10243.0,9.376,17520.0,10243.0,-1.0,18086.0,0.0,1560790.0,34610.0,221638566.0,36.0,14.735999999999999,24.112,0.94,2511428.0,False
300.0,0faee3ca8e450721dd5b73cb48656439.param,2.0,0.0,0.0,90.762,221638566.0,05c4a04de112cc043a8a6f09f29301b1,519131.0,1.0,0.0,25.964000000000002,8,349139.0,0.0,2493906.0,10243.0,9.156,17520.0,10243.0,-1.0,18086.0,0.0,1560790.0,34610.0,221638566.0,36.0,15.013,24.169,0.94,2511428.0,False
300.0,a1d4e09d3abf0a4eca987babbe1df4ca.param,0.0,0.0,0.0,4.525,1571287961.0,912060ebeda5ef3ca93821a17f44471d,210206.0,1.0,0.0,7.716,8,121397.0,0.0,102053.0,10289.0,0.363,690.0,10289.0,-1.0,7926.0,0.0,938376.0,1035.0,1571287961.0,36.0,7.261,7.624,0.28,102745.0,False
300.0,a1d4e09d3abf0a4eca987babbe1df4ca.param,1.0,0.0,0.0,4.6110000000000015,1571287961.0,912060ebeda5ef3ca93821a17f44471d,210206.0,1.0,0.0,7.572999999999999,8,121397.0,0.0,102053.0,10289.0,0.395,690.0,10289.0,-1.0,7926.0,0.0,938376.0,1035.0,1571287961.0,36.0,7.085,7.48,0.28,102745.0,False
300.0,a1d4e09d3abf0a4eca987babbe1df4ca.param,2.0,0.0,0.0,4.645,1571287961.0,912060ebeda5ef3ca93821a17f44471d,210206.0,1.0,0.0,7.5829999999999975,8,121397.0,0.0,102053.0,10289.0,0.337,690.0,10289.0,-1.0,7926.0,0.0,938376.0,1035.0,1571287961.0,36.0,7.1560000000000015,7.4929999999999986,0.28,102745.0,False
300.0,9feb6f2064b86f090bb3887f069a4d0d.param,0.0,0.0,0.0,57.513999999999996,1918631718.0,c53a26c99f4fec71ab93e9a0de6a6dcc,905473.0,1.0,0.0,55.707,8,687140.0,0.0,1588368.0,11247.0,5.926,10496.0,11247.0,-1.0,28077.0,0.0,1562769.0,20570.0,1918631718.0,40.0,48.726000000000006,54.652,0.63,1598866.0,False
300.0,9feb6f2064b86f090bb3887f069a4d0d.param,1.0,0.0,0.0,61.7,1918631718.0,c53a26c99f4fec71ab93e9a0de6a6dcc,905473.0,1.0,0.0,55.132,8,687140.0,0.0,1588368.0,11247.0,5.7929999999999975,10496.0,11247.0,-1.0,28077.0,0.0,1562769.0,20570.0,1918631718.0,40.0,48.386,54.178999999999995,0.63,1598866.0,False
300.0,9feb6f2064b86f090bb3887f069a4d0d.param,2.0,0.0,0.0,59.145,1918631718.0,c53a26c99f4fec71ab93e9a0de6a6dcc,905473.0,1.0,0.0,55.606,8,687140.0,0.0,1588368.0,11247.0,5.694,10496.0,11247.0,-1.0,28077.0,0.0,1562769.0,20570.0,1918631718.0,40.0,48.69300000000001,54.387,0.63,1598866.0,False
300.0,573a8627b23c29141b9965518a1ea628.param,0.0,0.0,0.0,60.672,1057470620.0,a8e8b46272c98f673e04bf51c0a5025d,780672.0,1.0,0.0,47.908,8,514701.0,0.0,1795439.0,10200.0,6.6129999999999995,12750.0,10200.0,-1.0,34171.0,0.0,1376501.0,25077.0,1057470620.0,36.0,39.977,46.59,0.94,1808191.0,False
300.0,573a8627b23c29141b9965518a1ea628.param,1.0,0.0,0.0,66.482,1057470620.0,a8e8b46272c98f673e04bf51c0a5025d,780672.0,1.0,0.0,47.132,8,514701.0,0.0,1795439.0,10200.0,6.4620000000000015,12750.0,10200.0,-1.0,34171.0,0.0,1376501.0,25077.0,1057470620.0,36.0,39.696999999999996,46.159,0.94,1808191.0,False
300.0,573a8627b23c29141b9965518a1ea628.param,2.0,0.0,0.0,61.635,1057470620.0,a8e8b46272c98f673e04bf51c0a5025d,780672.0,1.0,0.0,48.172,8,514701.0,0.0,1795439.0,10200.0,6.678999999999999,12750.0,10200.0,-1.0,34171.0,0.0,1376501.0,25077.0,1057470620.0,36.0,40.354,47.033,0.94,1808191.0,False
300.0,1ec21c7d8e15d35901cd608efade836b.param,0.0,0.0,0.0,8.19,1802391418.0,4c1f7d915372fc88c0cb8590bfed7c8d,59062.0,1.0,0.0,1.955,8,28929.0,0.0,185227.0,4765.0,0.6679999999999999,1316.0,4765.0,-1.0,5866.0,0.0,641786.0,2346.0,1802391418.0,21.0,1.1540000000000001,1.8219999999999998,0.19,186545.0,False
300.0,1ec21c7d8e15d35901cd608efade836b.param,1.0,0.0,0.0,7.931,1802391418.0,4c1f7d915372fc88c0cb8590bfed7c8d,59062.0,1.0,0.0,1.963,8,28929.0,0.0,185227.0,4765.0,0.667,1316.0,4765.0,-1.0,5866.0,0.0,641786.0,2346.0,1802391418.0,21.0,1.165,1.8319999999999999,0.19,186545.0,False
300.0,1ec21c7d8e15d35901cd608efade836b.param,2.0,0.0,0.0,8.062999999999999,1802391418.0,4c1f7d915372fc88c0cb8590bfed7c8d,59062.0,1.0,0.0,1.911,8,28929.0,0.0,185227.0,4765.0,0.626,1316.0,4765.0,-1.0,5866.0,0.0,641786.0,2346.0,1802391418.0,21.0,1.153,1.7790000000000001,0.19,186545.0,False
300.0,9038037b7d7e09779716658ee51f043a.param,0.0,0.0,0.0,32.412,1470727592.0,37805f327a5ab5f2daa8dc212eb688d4,48251.0,1.0,0.0,5.941,8,14905.0,0.0,862430.0,4601.0,3.05,7992.0,4601.0,-1.0,5718.0,0.0,377127.0,15711.0,1470727592.0,20.0,2.406,5.456,0.42,870424.0,False
300.0,9038037b7d7e09779716658ee51f043a.param,1.0,0.0,0.0,32.035,1470727592.0,37805f327a5ab5f2daa8dc212eb688d4,48251.0,1.0,0.0,6.086,8,14905.0,0.0,862430.0,4601.0,3.122,7992.0,4601.0,-1.0,5718.0,0.0,377127.0,15711.0,1470727592.0,20.0,2.417,5.539,0.42,870424.0,False
300.0,9038037b7d7e09779716658ee51f043a.param,2.0,0.0,0.0,32.51,1470727592.0,37805f327a5ab5f2daa8dc212eb688d4,48251.0,1.0,0.0,6.24,8,14905.0,0.0,862430.0,4601.0,3.133,7992.0,4601.0,-1.0,5718.0,0.0,377127.0,15711.0,1470727592.0,20.0,2.483,5.6160000000000005,0.42,870424.0,False
300.0,82716a7451af0bb025940cb2be8712d2.param,0.0,0.0,0.0,12.132,1802391418.0,6f0b3e680ca6a8c9eac52c2c2ac482d5,75096.0,1.0,0.0,4.4319999999999995,8,23041.0,0.0,306850.0,5672.0,1.148,2560.0,5672.0,-1.0,7452.0,0.0,470421.0,4867.0,1802391418.0,24.0,3.08,4.228,0.19,309412.0,False
300.0,82716a7451af0bb025940cb2be8712d2.param,1.0,0.0,0.0,11.774000000000001,1802391418.0,6f0b3e680ca6a8c9eac52c2c2ac482d5,75096.0,1.0,0.0,4.301,8,23041.0,0.0,306850.0,5672.0,1.0590000000000002,2560.0,5672.0,-1.0,7452.0,0.0,470421.0,4867.0,1802391418.0,24.0,3.049,4.1080000000000005,0.19,309412.0,False
300.0,82716a7451af0bb025940cb2be8712d2.param,2.0,0.0,0.0,11.622,1802391418.0,6f0b3e680ca6a8c9eac52c2c2ac482d5,75096.0,1.0,0.0,4.454,8,23041.0,0.0,306850.0,5672.0,1.161,2560.0,5672.0,-1.0,7452.0,0.0,470421.0,4867.0,1802391418.0,24.0,3.097,4.258,0.19,309412.0,False
300.0,400673ca8ff3edef3535b5791da29758.param,0.0,0.0,0.0,25.773000000000003,1139903203.0,8218cbad1df1ee0e0d970da18471ae27,52040.0,1.0,0.0,5.395,8,11933.0,0.0,682543.0,4696.0,2.405,6156.0,4696.0,-1.0,6907.0,0.0,415037.0,12034.0,1139903203.0,20.0,2.592,4.997,0.42,688701.0,False
300.0,400673ca8ff3edef3535b5791da29758.param,1.0,0.0,0.0,26.581999999999997,1139903203.0,8218cbad1df1ee0e0d970da18471ae27,52040.0,1.0,0.0,5.455,8,11933.0,0.0,682543.0,4696.0,2.437,6156.0,4696.0,-1.0,6907.0,0.0,415037.0,12034.0,1139903203.0,20.0,2.6060000000000003,5.043,0.42,688701.0,False
300.0,400673ca8ff3edef3535b5791da29758.param,2.0,0.0,0.0,25.814,1139903203.0,8218cbad1df1ee0e0d970da18471ae27,52040.0,1.0,0.0,5.7379999999999995,8,11933.0,0.0,682543.0,4696.0,2.6180000000000003,6156.0,4696.0,-1.0,6907.0,0.0,415037.0,12034.0,1139903203.0,20.0,2.659,5.277,0.42,688701.0,False
300.0,2389afb57cc1c7542bfddc76320706af.param,0.0,0.0,0.0,31.866999999999997,1405409883.0,d8a7a7b65954d722a50c44410d542c0d,43762.0,1.0,0.0,5.477,8,13435.0,0.0,903048.0,4140.0,3.205,8736.0,4140.0,-1.0,5613.0,0.0,399039.0,17185.0,1405409883.0,17.0,1.776,4.981,0.42,911786.0,False
300.0,2389afb57cc1c7542bfddc76320706af.param,1.0,0.0,0.0,32.146,1405409883.0,d8a7a7b65954d722a50c44410d542c0d,43762.0,1.0,0.0,5.6560000000000015,8,13435.0,0.0,903048.0,4140.0,3.304,8736.0,4140.0,-1.0,5613.0,0.0,399039.0,17185.0,1405409883.0,17.0,1.807,5.1110000000000015,0.42,911786.0,False
300.0,2389afb57cc1c7542bfddc76320706af.param,2.0,0.0,0.0,34.224000000000004,1405409883.0,d8a7a7b65954d722a50c44410d542c0d,43762.0,1.0,0.0,5.926,8,13435.0,0.0,903048.0,4140.0,3.4530000000000003,8736.0,4140.0,-1.0,5613.0,0.0,399039.0,17185.0,1405409883.0,17.0,1.8459999999999999,5.2989999999999995,0.42,911786.0,False
300.0,8e69ece5afd42db3ce1e7ed475eaaf08.param,0.0,0.0,0.0,29.070999999999998,1979567522.0,d3884d76c786fa765dbfab342e6c526a,98379.0,1.0,0.0,7.298999999999999,8,48396.0,0.0,807209.0,4600.0,2.859,7488.0,4600.0,-1.0,8598.0,0.0,458625.0,14652.0,1979567522.0,20.0,3.946,6.805,0.42,814699.0,False
300.0,8e69ece5afd42db3ce1e7ed475eaaf08.param,1.0,0.0,0.0,31.549,1979567522.0,d3884d76c786fa765dbfab342e6c526a,98379.0,1.0,0.0,7.334,8,48396.0,0.0,807209.0,4600.0,2.9530000000000003,7488.0,4600.0,-1.0,8598.0,0.0,458625.0,14652.0,1979567522.0,20.0,3.8989999999999996,6.852,0.42,814699.0,False
300.0,8e69ece5afd42db3ce1e7ed475eaaf08.param,2.0,0.0,0.0,30.611,1979567522.0,d3884d76c786fa765dbfab342e6c526a,98379.0,1.0,0.0,7.2620000000000005,8,48396.0,0.0,807209.0,4600.0,2.8689999999999998,7488.0,4600.0,-1.0,8598.0,0.0,458625.0,14652.0,1979567522.0,20.0,3.9010000000000002,6.77,0.42,814699.0,False
300.0,c561707c3f0ff054acd49c4f7f7f9eae.param,0.0,0.0,0.0,66.88600000000001,590654055.0,5253e82ed6374f92ee2b0470183385fc,1606233.0,1.0,0.0,52.684,8,1355661.0,0.0,1812383.0,10332.0,6.72,12342.0,10332.0,-1.0,32451.0,0.0,1440608.0,24273.0,590654055.0,37.0,44.533,51.253,0.63,1824727.0,False
300.0,c561707c3f0ff054acd49c4f7f7f9eae.param,1.0,0.0,0.0,63.83600000000001,590654055.0,5253e82ed6374f92ee2b0470183385fc,1606233.0,1.0,0.0,51.975,8,1355661.0,0.0,1812383.0,10332.0,6.849,12342.0,10332.0,-1.0,32451.0,0.0,1440608.0,24273.0,590654055.0,37.0,44.09,50.93899999999999,0.63,1824727.0,False
300.0,c561707c3f0ff054acd49c4f7f7f9eae.param,2.0,0.0,0.0,64.509,590654055.0,5253e82ed6374f92ee2b0470183385fc,1606233.0,1.0,0.0,51.855,8,1355661.0,0.0,1812383.0,10332.0,6.83,12342.0,10332.0,-1.0,32451.0,0.0,1440608.0,24273.0,590654055.0,37.0,44.0,50.83,0.63,1824727.0,False
300.0,911e1a0f8b4680f2864fa59b12973cad.param,0.0,0.0,0.0,34.539,1145031130.0,208130c3f016c69380039db724eabeb4,98016.0,1.0,0.0,11.859000000000002,8,46298.0,0.0,961247.0,4140.0,3.4360000000000004,9316.0,4140.0,-1.0,10707.0,0.0,558231.0,18190.0,1145031130.0,17.0,7.851,11.287,0.63,970565.0,False
300.0,911e1a0f8b4680f2864fa59b12973cad.param,1.0,0.0,0.0,36.983000000000004,1145031130.0,208130c3f016c69380039db724eabeb4,98016.0,1.0,0.0,12.050999999999998,8,46298.0,0.0,961247.0,4140.0,3.611,9316.0,4140.0,-1.0,10707.0,0.0,558231.0,18190.0,1145031130.0,17.0,7.885,11.495999999999999,0.63,970565.0,False
300.0,911e1a0f8b4680f2864fa59b12973cad.param,2.0,0.0,0.0,36.234,1145031130.0,208130c3f016c69380039db724eabeb4,98016.0,1.0,0.0,11.853,8,46298.0,0.0,961247.0,4140.0,3.54,9316.0,4140.0,-1.0,10707.0,0.0,558231.0,18190.0,1145031130.0,17.0,7.785,11.325,0.63,970565.0,False
300.0,589bbf864478462408d49f56b3acebc9.param,0.0,0.0,0.0,45.876999999999995,182366586.0,b3bbef915690bdd79999096764fe6dd6,120954.0,1.0,0.0,9.75,8,59473.0,0.0,1211393.0,6277.0,4.5310000000000015,9396.0,6277.0,-1.0,10107.0,0.0,679423.0,18480.0,182366586.0,28.0,4.447,8.978,0.63,1220791.0,False
300.0,589bbf864478462408d49f56b3acebc9.param,1.0,0.0,0.0,45.878,182366586.0,b3bbef915690bdd79999096764fe6dd6,120954.0,1.0,0.0,9.445,8,59473.0,0.0,1211393.0,6277.0,4.362,9396.0,6277.0,-1.0,10107.0,0.0,679423.0,18480.0,182366586.0,28.0,4.388999999999999,8.751,0.63,1220791.0,False
300.0,589bbf864478462408d49f56b3acebc9.param,2.0,0.0,0.0,44.67100000000001,182366586.0,b3bbef915690bdd79999096764fe6dd6,120954.0,1.0,0.0,9.29,8,59473.0,0.0,1211393.0,6277.0,4.348,9396.0,6277.0,-1.0,10107.0,0.0,679423.0,18480.0,182366586.0,28.0,4.284,8.632,0.63,1220791.0,False
300.0,9f516f1949bb094c061b924b07b9239e.param,0.0,0.0,0.0,24.094,1234135464.0,4fa251e33e16fc41e67a0b8e03f34ad8,148204.0,1.0,0.0,5.9179999999999975,8,97862.0,0.0,602095.0,5744.0,2.1959999999999997,4898.0,5744.0,-1.0,6684.0,0.0,557570.0,9531.0,1234135464.0,25.0,3.372,5.568,0.28,606995.0,False
300.0,9f516f1949bb094c061b924b07b9239e.param,1.0,0.0,0.0,22.410999999999998,1234135464.0,4fa251e33e16fc41e67a0b8e03f34ad8,148204.0,1.0,0.0,5.994,8,97862.0,0.0,602095.0,5744.0,2.211,4898.0,5744.0,-1.0,6684.0,0.0,557570.0,9531.0,1234135464.0,25.0,3.404,5.615,0.28,606995.0,False
300.0,9f516f1949bb094c061b924b07b9239e.param,2.0,0.0,0.0,25.189,1234135464.0,4fa251e33e16fc41e67a0b8e03f34ad8,148204.0,1.0,0.0,5.746,8,97862.0,0.0,602095.0,5744.0,2.112,4898.0,5744.0,-1.0,6684.0,0.0,557570.0,9531.0,1234135464.0,25.0,3.3089999999999997,5.421,0.28,606995.0,False
300.0,a37d28d43d69aa0103e8f6c03a25328d.param,0.0,0.0,0.0,9.517000000000001,1057470620.0,e1815e0fafecf9f6a6a39ec4a2b28316,133569.0,1.0,0.0,3.884,8,77511.0,0.0,216215.0,6207.0,0.763,1390.0,6207.0,-1.0,9626.0,0.0,857438.0,2361.0,1057470620.0,28.0,2.963,3.7260000000000004,0.28,217607.0,False
300.0,a37d28d43d69aa0103e8f6c03a25328d.param,1.0,0.0,0.0,9.55,1057470620.0,e1815e0fafecf9f6a6a39ec4a2b28316,133569.0,1.0,0.0,3.843,8,77511.0,0.0,216215.0,6207.0,0.772,1390.0,6207.0,-1.0,9626.0,0.0,857438.0,2361.0,1057470620.0,28.0,2.9189999999999996,3.6910000000000003,0.28,217607.0,False
300.0,a37d28d43d69aa0103e8f6c03a25328d.param,2.0,0.0,0.0,9.587,1057470620.0,e1815e0fafecf9f6a6a39ec4a2b28316,133569.0,1.0,0.0,3.883,8,77511.0,0.0,216215.0,6207.0,0.8420000000000001,1390.0,6207.0,-1.0,9626.0,0.0,857438.0,2361.0,1057470620.0,28.0,2.889,3.7310000000000003,0.28,217607.0,False
300.0,5c79d1d9a7223b0aa7f24b9abb13ee2f.param,0.0,0.0,0.0,65.697,1923385776.0,ab8d3db3136e8283fd741a5e7e7eabc8,298647.0,1.0,0.0,22.405,8,195465.0,0.0,1776323.0,9641.0,6.462999999999999,13020.0,9641.0,-1.0,12285.0,0.0,1118460.0,25694.0,1923385776.0,32.0,14.929,21.392,0.63,1789345.0,False
300.0,5c79d1d9a7223b0aa7f24b9abb13ee2f.param,1.0,0.0,0.0,65.54,1923385776.0,ab8d3db3136e8283fd741a5e7e7eabc8,298647.0,1.0,0.0,23.254,8,195465.0,0.0,1776323.0,9641.0,6.7360000000000015,13020.0,9641.0,-1.0,12285.0,0.0,1118460.0,25694.0,1923385776.0,32.0,15.295,22.031,0.63,1789345.0,False
300.0,5c79d1d9a7223b0aa7f24b9abb13ee2f.param,2.0,0.0,0.0,62.123999999999995,1923385776.0,ab8d3db3136e8283fd741a5e7e7eabc8,298647.0,1.0,0.0,23.081999999999997,8,195465.0,0.0,1776323.0,9641.0,6.794,13020.0,9641.0,-1.0,12285.0,0.0,1118460.0,25694.0,1923385776.0,32.0,15.084000000000001,21.878,0.63,1789345.0,False
300.0,3631b5ebf342811f42ca903194874739.param,0.0,0.0,0.0,19.19,254168822.0,14157a9e0fcde3d881254489b7ac78ce,117850.0,1.0,0.0,5.8229999999999995,8,54501.0,0.0,487726.0,6277.0,1.787,3784.0,6277.0,-1.0,11859.0,0.0,633738.0,7291.0,254168822.0,28.0,3.721,5.507999999999999,0.28,491512.0,False
300.0,3631b5ebf342811f42ca903194874739.param,1.0,0.0,0.0,20.169,254168822.0,14157a9e0fcde3d881254489b7ac78ce,117850.0,1.0,0.0,5.834,8,54501.0,0.0,487726.0,6277.0,1.758,3784.0,6277.0,-1.0,11859.0,0.0,633738.0,7291.0,254168822.0,28.0,3.775,5.5329999999999995,0.28,491512.0,False
300.0,3631b5ebf342811f42ca903194874739.param,2.0,0.0,0.0,19.6,254168822.0,14157a9e0fcde3d881254489b7ac78ce,117850.0,1.0,0.0,5.901,8,54501.0,0.0,487726.0,6277.0,1.756,3784.0,6277.0,-1.0,11859.0,0.0,633738.0,7291.0,254168822.0,28.0,3.843,5.599,0.28,491512.0,False
300.0,a38985b17ca7f54344b29181a8584654.param,0.0,0.0,0.0,35.872,221638566.0,b33a24fd72bf2f4e596897e73289ec78,22926.0,1.0,0.0,5.282,8,2948.0,0.0,988667.0,2396.0,3.533,10332.0,2396.0,-1.0,5202.0,0.0,388953.0,20248.0,221638566.0,13.0,1.166,4.699,0.63,999001.0,False
300.0,a38985b17ca7f54344b29181a8584654.param,1.0,0.0,0.0,36.056,221638566.0,b33a24fd72bf2f4e596897e73289ec78,22926.0,1.0,0.0,5.375,8,2948.0,0.0,988667.0,2396.0,3.602,10332.0,2396.0,-1.0,5202.0,0.0,388953.0,20248.0,221638566.0,13.0,1.181,4.783,0.63,999001.0,False
300.0,a38985b17ca7f54344b29181a8584654.param,2.0,0.0,0.0,38.903,221638566.0,b33a24fd72bf2f4e596897e73289ec78,22926.0,1.0,0.0,5.341,8,2948.0,0.0,988667.0,2396.0,3.5460000000000003,10332.0,2396.0,-1.0,5202.0,0.0,388953.0,20248.0,221638566.0,13.0,1.18,4.726,0.63,999001.0,False
300.0,356667c28689cc2615ddddc6ad11e53e.param,0.0,0.0,0.0,70.84100000000002,693280077.0,c330b1401d50c412c09a20057b3f2c67,496031.0,1.0,0.0,23.748,8,328379.0,0.0,1906022.0,6354.0,7.108,14300.0,6354.0,-1.0,24221.0,0.0,1195958.0,28158.0,693280077.0,29.0,15.624,22.732,0.94,1920324.0,False
300.0,356667c28689cc2615ddddc6ad11e53e.param,1.0,0.0,0.0,70.846,693280077.0,c330b1401d50c412c09a20057b3f2c67,496031.0,1.0,0.0,23.575,8,328379.0,0.0,1906022.0,6354.0,6.971,14300.0,6354.0,-1.0,24221.0,0.0,1195958.0,28158.0,693280077.0,29.0,15.523,22.494,0.94,1920324.0,False
300.0,356667c28689cc2615ddddc6ad11e53e.param,2.0,0.0,0.0,71.648,693280077.0,c330b1401d50c412c09a20057b3f2c67,496031.0,1.0,0.0,23.76,8,328379.0,0.0,1906022.0,6354.0,7.08,14300.0,6354.0,-1.0,24221.0,0.0,1195958.0,28158.0,693280077.0,29.0,15.589,22.669,0.94,1920324.0,False
300.0,7ee038a2d306328bf29f3cc3ddd33ea0.param,0.0,0.0,0.0,54.162,2050821110.0,d9346dddde6fdd0447fa971a95b1b634,224825.0,1.0,0.0,23.311999999999998,8,88913.0,0.0,1572690.0,10287.0,5.718999999999999,10816.0,10287.0,-1.0,15700.0,0.0,1009667.0,21271.0,2050821110.0,36.0,16.752,22.471,0.63,1583508.0,False
300.0,7ee038a2d306328bf29f3cc3ddd33ea0.param,1.0,0.0,0.0,59.711999999999996,2050821110.0,d9346dddde6fdd0447fa971a95b1b634,224825.0,1.0,0.0,23.381,8,88913.0,0.0,1572690.0,10287.0,5.686,10816.0,10287.0,-1.0,15700.0,0.0,1009667.0,21271.0,2050821110.0,36.0,16.792,22.478,0.63,1583508.0,False
300.0,7ee038a2d306328bf29f3cc3ddd33ea0.param,2.0,0.0,0.0,55.006,2050821110.0,d9346dddde6fdd0447fa971a95b1b634,224825.0,1.0,0.0,23.535999999999998,8,88913.0,0.0,1572690.0,10287.0,5.6610000000000005,10816.0,10287.0,-1.0,15700.0,0.0,1009667.0,21271.0,2050821110.0,36.0,16.829,22.49,0.63,1583508.0,False
300.0,6074526f967671a9c7cc808bdb4dbadb.param,0.0,0.0,0.0,69.35300000000001,1470727592.0,917a42acd79b4a99de8ec728bf3eb10f,154029.0,1.0,0.0,16.707,8,26407.0,0.0,1886870.0,10287.0,6.8260000000000005,12972.0,10287.0,-1.0,14388.0,0.0,930974.0,25596.0,1470727592.0,36.0,8.81,15.636,0.63,1899844.0,False
300.0,6074526f967671a9c7cc808bdb4dbadb.param,1.0,0.0,0.0,67.602,1470727592.0,917a42acd79b4a99de8ec728bf3eb10f,154029.0,1.0,0.0,17.329,8,26407.0,0.0,1886870.0,10287.0,7.02,12972.0,10287.0,-1.0,14388.0,0.0,930974.0,25596.0,1470727592.0,36.0,8.91,15.93,0.63,1899844.0,False
300.0,6074526f967671a9c7cc808bdb4dbadb.param,2.0,0.0,0.0,65.625,1470727592.0,917a42acd79b4a99de8ec728bf3eb10f,154029.0,1.0,0.0,16.795,8,26407.0,0.0,1886870.0,10287.0,6.962999999999999,12972.0,10287.0,-1.0,14388.0,0.0,930974.0,25596.0,1470727592.0,36.0,8.757,15.72,0.63,1899844.0,False
300.0,d0799a9d39f0850315a55b0ab4917638.param,0.0,0.0,0.0,42.19,1918631718.0,2b4193ae970a80cc8070468f15c7e41f,146988.0,1.0,0.0,10.292,8,58959.0,0.0,1110443.0,5777.0,4.178,8928.0,5777.0,-1.0,13550.0,0.0,640929.0,17532.0,1918631718.0,25.0,5.4510000000000005,9.629,0.63,1119373.0,False
300.0,d0799a9d39f0850315a55b0ab4917638.param,1.0,0.0,0.0,42.44,1918631718.0,2b4193ae970a80cc8070468f15c7e41f,146988.0,1.0,0.0,10.238,8,58959.0,0.0,1110443.0,5777.0,4.166,8928.0,5777.0,-1.0,13550.0,0.0,640929.0,17532.0,1918631718.0,25.0,5.433,9.599,0.63,1119373.0,False
300.0,d0799a9d39f0850315a55b0ab4917638.param,2.0,0.0,0.0,41.065,1918631718.0,2b4193ae970a80cc8070468f15c7e41f,146988.0,1.0,0.0,10.14,8,58959.0,0.0,1110443.0,5777.0,4.056,8928.0,5777.0,-1.0,13550.0,0.0,640929.0,17532.0,1918631718.0,25.0,5.445,9.501,0.63,1119373.0,False
300.0,9d8011d62fbdace0c9682b0a56eb9c1a.param,0.0,0.0,0.0,14.059000000000001,475179535.0,debbe33dd401b848d5a97f8c43b037b3,344653.0,1.0,0.0,7.7479999999999976,8,262186.0,0.0,346637.0,6314.0,1.224,2660.0,6314.0,-1.0,11528.0,0.0,719831.0,5024.0,475179535.0,29.0,6.244,7.468,0.28,349299.0,False
300.0,9d8011d62fbdace0c9682b0a56eb9c1a.param,1.0,0.0,0.0,14.297,475179535.0,debbe33dd401b848d5a97f8c43b037b3,344653.0,1.0,0.0,7.673999999999999,8,262186.0,0.0,346637.0,6314.0,1.2109999999999999,2660.0,6314.0,-1.0,11528.0,0.0,719831.0,5024.0,475179535.0,29.0,6.239,7.45,0.28,349299.0,False
300.0,9d8011d62fbdace0c9682b0a56eb9c1a.param,2.0,0.0,0.0,14.777999999999999,475179535.0,debbe33dd401b848d5a97f8c43b037b3,344653.0,1.0,0.0,7.8420000000000005,8,262186.0,0.0,346637.0,6314.0,1.263,2660.0,6314.0,-1.0,11528.0,0.0,719831.0,5024.0,475179535.0,29.0,6.311,7.574,0.28,349299.0,False
300.0,c0ddd6d536dd36939b31e12d969323ca.param,0.0,0.0,0.0,14.904000000000002,1405409883.0,54725a3e56cb7831ee2f623ed6a877bb,311136.0,1.0,0.0,17.109,8,174359.0,0.0,333421.0,11292.0,1.162,2140.0,11292.0,-1.0,13155.0,0.0,1198284.0,3952.0,1405409883.0,40.0,15.67,16.832,0.42,335563.0,False
300.0,c0ddd6d536dd36939b31e12d969323ca.param,1.0,0.0,0.0,13.142999999999999,1405409883.0,54725a3e56cb7831ee2f623ed6a877bb,311136.0,1.0,0.0,17.218,8,174359.0,0.0,333421.0,11292.0,1.226,2140.0,11292.0,-1.0,13155.0,0.0,1198284.0,3952.0,1405409883.0,40.0,15.703,16.929000000000002,0.42,335563.0,False
300.0,c0ddd6d536dd36939b31e12d969323ca.param,2.0,0.0,0.0,14.347999999999999,1405409883.0,54725a3e56cb7831ee2f623ed6a877bb,311136.0,1.0,0.0,17.131,8,174359.0,0.0,333421.0,11292.0,1.172,2140.0,11292.0,-1.0,13155.0,0.0,1198284.0,3952.0,1405409883.0,40.0,15.696,16.868,0.42,335563.0,False
300.0,bebd2cfe5e0562ebe11dc365507fd898.param,0.0,0.0,0.0,28.405,372553220.0,8936c377e7af807bd7267c079b522ae9,527836.0,1.0,0.0,28.011,8,334477.0,0.0,758423.0,10380.0,2.7510000000000003,4914.0,10380.0,-1.0,28347.0,0.0,1238673.0,9459.0,372553220.0,37.0,24.683000000000003,27.434,0.63,763339.0,False
300.0,bebd2cfe5e0562ebe11dc365507fd898.param,1.0,0.0,0.0,28.517,372553220.0,8936c377e7af807bd7267c079b522ae9,527836.0,1.0,0.0,28.941999999999997,8,334477.0,0.0,758423.0,10380.0,2.812,4914.0,10380.0,-1.0,28347.0,0.0,1238673.0,9459.0,372553220.0,37.0,25.552,28.364,0.63,763339.0,False
300.0,bebd2cfe5e0562ebe11dc365507fd898.param,2.0,0.0,0.0,31.17,372553220.0,8936c377e7af807bd7267c079b522ae9,527836.0,1.0,0.0,28.113000000000003,8,334477.0,0.0,758423.0,10380.0,2.826,4914.0,10380.0,-1.0,28347.0,0.0,1238673.0,9459.0,372553220.0,37.0,24.834,27.66,0.63,763339.0,False
300.0,8ee114f3baa9833ce2ff8acd1c2f17dc.param,0.0,0.0,0.0,33.804,1242281828.0,70546698a9f9f5029b5c9adf119ec317,50877.0,1.0,0.0,6.412999999999999,8,16002.0,0.0,881898.0,4795.0,3.3169999999999997,7544.0,4795.0,-1.0,6873.0,0.0,477349.0,14799.0,1242281828.0,21.0,2.597,5.914,0.42,889444.0,False
300.0,8ee114f3baa9833ce2ff8acd1c2f17dc.param,1.0,0.0,0.0,34.192,1242281828.0,70546698a9f9f5029b5c9adf119ec317,50877.0,1.0,0.0,6.2170000000000005,8,16002.0,0.0,881898.0,4795.0,3.153,7544.0,4795.0,-1.0,6873.0,0.0,477349.0,14799.0,1242281828.0,21.0,2.56,5.712999999999999,0.42,889444.0,False
300.0,8ee114f3baa9833ce2ff8acd1c2f17dc.param,2.0,0.0,0.0,32.399,1242281828.0,70546698a9f9f5029b5c9adf119ec317,50877.0,1.0,0.0,6.24,8,16002.0,0.0,881898.0,4795.0,3.1710000000000003,7544.0,4795.0,-1.0,6873.0,0.0,477349.0,14799.0,1242281828.0,21.0,2.552,5.723,0.42,889444.0,False
300.0,1a9658e08918a7701123bae3cad3fdfa.param,0.0,0.0,0.0,21.888,2136253402.0,3e1e2c4b73332fdb1292cae4b72dcf6b,265420.0,1.0,0.0,18.303,8,121009.0,0.0,539282.0,10332.0,1.95,3672.0,10332.0,-1.0,17283.0,0.0,992053.0,7023.0,2136253402.0,37.0,15.914000000000001,17.864,0.42,542956.0,False
300.0,1a9658e08918a7701123bae3cad3fdfa.param,1.0,0.0,0.0,20.994,2136253402.0,3e1e2c4b73332fdb1292cae4b72dcf6b,265420.0,1.0,0.0,18.389,8,121009.0,0.0,539282.0,10332.0,2.0180000000000002,3672.0,10332.0,-1.0,17283.0,0.0,992053.0,7023.0,2136253402.0,37.0,15.969000000000001,17.987000000000005,0.42,542956.0,False
300.0,1a9658e08918a7701123bae3cad3fdfa.param,2.0,0.0,0.0,19.933,2136253402.0,3e1e2c4b73332fdb1292cae4b72dcf6b,265420.0,1.0,0.0,18.267,8,121009.0,0.0,539282.0,10332.0,1.896,3672.0,10332.0,-1.0,17283.0,0.0,992053.0,7023.0,2136253402.0,37.0,15.931,17.827,0.42,542956.0,False
300.0,880c13fc9e1ae18f82e743ba707577a8.param,0.0,0.0,0.0,40.656,1923385776.0,b6f5a3340fc39b00a560e6c9bbd78080,27721.0,1.0,0.0,6.1960000000000015,8,4922.0,0.0,1100579.0,4171.0,3.987,10488.0,4171.0,-1.0,5168.0,0.0,369527.0,20696.0,1923385776.0,17.0,1.565,5.5520000000000005,0.63,1111069.0,False
300.0,880c13fc9e1ae18f82e743ba707577a8.param,1.0,0.0,0.0,39.87300000000001,1923385776.0,b6f5a3340fc39b00a560e6c9bbd78080,27721.0,1.0,0.0,6.225,8,4922.0,0.0,1100579.0,4171.0,4.048,10488.0,4171.0,-1.0,5168.0,0.0,369527.0,20696.0,1923385776.0,17.0,1.5530000000000002,5.601,0.63,1111069.0,False
300.0,880c13fc9e1ae18f82e743ba707577a8.param,2.0,0.0,0.0,42.715,1923385776.0,b6f5a3340fc39b00a560e6c9bbd78080,27721.0,1.0,0.0,6.462999999999999,8,4922.0,0.0,1100579.0,4171.0,4.06,10488.0,4171.0,-1.0,5168.0,0.0,369527.0,20696.0,1923385776.0,17.0,1.615,5.675,0.63,1111069.0,False
300.0,ecf255cfa79dc1390125d72e88196842.param,0.0,0.0,0.0,27.107,2050821110.0,b41989c84bab0eeda2b38d0c9aa9ae98,152917.0,1.0,0.0,13.972999999999999,8,44297.0,0.0,690717.0,10287.0,2.635,4750.0,10287.0,-1.0,14021.0,0.0,889148.0,9193.0,2050821110.0,36.0,10.83,13.465,0.28,695469.0,False
300.0,ecf255cfa79dc1390125d72e88196842.param,1.0,0.0,0.0,26.697,2050821110.0,b41989c84bab0eeda2b38d0c9aa9ae98,152917.0,1.0,0.0,13.942,8,44297.0,0.0,690717.0,10287.0,2.47,4750.0,10287.0,-1.0,14021.0,0.0,889148.0,9193.0,2050821110.0,36.0,11.015,13.485,0.28,695469.0,False
300.0,ecf255cfa79dc1390125d72e88196842.param,2.0,0.0,0.0,25.289,2050821110.0,b41989c84bab0eeda2b38d0c9aa9ae98,152917.0,1.0,0.0,13.607000000000001,8,44297.0,0.0,690717.0,10287.0,2.423,4750.0,10287.0,-1.0,14021.0,0.0,889148.0,9193.0,2050821110.0,36.0,10.75,13.173,0.28,695469.0,False
300.0,3d9e7b6df6df75811f47376afe3f163c.param,0.0,0.0,0.0,16.535999999999998,1918631718.0,ab3a2cbbb54531e690a517ddf76c416e,389030.0,1.0,0.0,10.48,8,274849.0,0.0,397311.0,6354.0,1.4340000000000002,3016.0,6354.0,-1.0,17284.0,0.0,872339.0,5674.0,1918631718.0,29.0,8.788,10.222000000000001,0.42,400329.0,False
300.0,3d9e7b6df6df75811f47376afe3f163c.param,1.0,0.0,0.0,16.2,1918631718.0,ab3a2cbbb54531e690a517ddf76c416e,389030.0,1.0,0.0,10.623,8,274849.0,0.0,397311.0,6354.0,1.415,3016.0,6354.0,-1.0,17284.0,0.0,872339.0,5674.0,1918631718.0,29.0,8.949,10.364,0.42,400329.0,False
300.0,3d9e7b6df6df75811f47376afe3f163c.param,2.0,0.0,0.0,15.665,1918631718.0,ab3a2cbbb54531e690a517ddf76c416e,389030.0,1.0,0.0,10.37,8,274849.0,0.0,397311.0,6354.0,1.382,3016.0,6354.0,-1.0,17284.0,0.0,872339.0,5674.0,1918631718.0,29.0,8.752,10.134,0.42,400329.0,False
300.0,f607d46ec11afe04a6635e1e747bca97.param,0.0,0.0,0.0,6.954,823094821.0,0b088ff644059b470a8e05677829c5df,145890.0,1.0,0.0,5.351,8,92632.0,0.0,151265.0,4728.0,0.511,1332.0,4728.0,-1.0,9403.0,0.0,644909.0,2328.0,823094821.0,21.0,4.716,5.227,0.28,152599.0,False
300.0,f607d46ec11afe04a6635e1e747bca97.param,1.0,0.0,0.0,6.773,823094821.0,0b088ff644059b470a8e05677829c5df,145890.0,1.0,0.0,5.381,8,92632.0,0.0,151265.0,4728.0,0.506,1332.0,4728.0,-1.0,9403.0,0.0,644909.0,2328.0,823094821.0,21.0,4.7589999999999995,5.265,0.28,152599.0,False
300.0,f607d46ec11afe04a6635e1e747bca97.param,2.0,0.0,0.0,6.64,823094821.0,0b088ff644059b470a8e05677829c5df,145890.0,1.0,0.0,5.318,8,92632.0,0.0,151265.0,4728.0,0.5579999999999999,1332.0,4728.0,-1.0,9403.0,0.0,644909.0,2328.0,823094821.0,21.0,4.648,5.206,0.28,152599.0,False
300.0,8918e76cfcec0657c7d7950a1794604c.param,0.0,0.0,0.0,34.306999999999995,34754393.0,888a6c20a70a6b2b54f8f74af30e8b98,394288.0,1.0,0.0,27.206,8,254072.0,0.0,908301.0,9641.0,3.3989999999999996,6664.0,9641.0,-1.0,16070.0,0.0,990987.0,12946.0,34754393.0,32.0,23.136999999999997,26.535999999999998,0.42,914967.0,False
300.0,8918e76cfcec0657c7d7950a1794604c.param,1.0,0.0,0.0,35.37300000000001,34754393.0,888a6c20a70a6b2b54f8f74af30e8b98,394288.0,1.0,0.0,26.948,8,254072.0,0.0,908301.0,9641.0,3.241,6664.0,9641.0,-1.0,16070.0,0.0,990987.0,12946.0,34754393.0,32.0,23.176,26.416999999999998,0.42,914967.0,False
300.0,8918e76cfcec0657c7d7950a1794604c.param,2.0,0.0,0.0,32.917,34754393.0,888a6c20a70a6b2b54f8f74af30e8b98,394288.0,1.0,0.0,27.573,8,254072.0,0.0,908301.0,9641.0,3.332,6664.0,9641.0,-1.0,16070.0,0.0,990987.0,12946.0,34754393.0,32.0,23.711,27.04300000000001,0.42,914967.0,False
300.0,5a074a62937cbcb2e921ae7f17a0123b.param,0.0,0.0,0.0,64.016,2028359165.0,7f510df019222f3163e805412882f73a,123337.0,1.0,0.0,15.684000000000001,8,30413.0,0.0,1798007.0,6200.0,6.7360000000000015,14450.0,6200.0,-1.0,14612.0,0.0,699762.0,28563.0,2028359165.0,28.0,7.774,14.51,0.94,1812459.0,False
300.0,5a074a62937cbcb2e921ae7f17a0123b.param,1.0,0.0,0.0,65.352,2028359165.0,7f510df019222f3163e805412882f73a,123337.0,1.0,0.0,15.380999999999998,8,30413.0,0.0,1798007.0,6200.0,6.718999999999999,14450.0,6200.0,-1.0,14612.0,0.0,699762.0,28563.0,2028359165.0,28.0,7.569,14.288,0.94,1812459.0,False
300.0,5a074a62937cbcb2e921ae7f17a0123b.param,2.0,0.0,0.0,66.141,2028359165.0,7f510df019222f3163e805412882f73a,123337.0,1.0,0.0,15.265999999999998,8,30413.0,0.0,1798007.0,6200.0,6.561,14450.0,6200.0,-1.0,14612.0,0.0,699762.0,28563.0,2028359165.0,28.0,7.6770000000000005,14.238,0.94,1812459.0,False
300.0,b366bbc99f4b12f6958260432db8f433.param,0.0,0.0,0.0,41.581,600810857.0,2eb5b1d34774bbb06fa8db63f14bca51,288320.0,1.0,0.0,11.124,8,202702.0,0.0,1136508.0,5635.0,4.107,9604.0,5635.0,-1.0,13141.0,0.0,644620.0,18868.0,600810857.0,24.0,6.218,10.325,0.63,1146114.0,False
300.0,b366bbc99f4b12f6958260432db8f433.param,1.0,0.0,0.0,43.01300000000001,600810857.0,2eb5b1d34774bbb06fa8db63f14bca51,288320.0,1.0,0.0,11.118,8,202702.0,0.0,1136508.0,5635.0,4.277,9604.0,5635.0,-1.0,13141.0,0.0,644620.0,18868.0,600810857.0,24.0,6.148,10.425,0.63,1146114.0,False
300.0,b366bbc99f4b12f6958260432db8f433.param,2.0,0.0,0.0,40.288000000000004,600810857.0,2eb5b1d34774bbb06fa8db63f14bca51,288320.0,1.0,0.0,11.429,8,202702.0,0.0,1136508.0,5635.0,4.17,9604.0,5635.0,-1.0,13141.0,0.0,644620.0,18868.0,600810857.0,24.0,6.437,10.607000000000001,0.63,1146114.0,False
300.0,b55bae1f323148019db34cc9c08d6b4b.param,0.0,0.0,0.0,22.34,693280077.0,87697a69e1b1446ee2dbb2518e63c57a,53429.0,1.0,0.0,4.3210000000000015,8,8729.0,0.0,574646.0,4140.0,2.024,5568.0,4140.0,-1.0,9596.0,0.0,451387.0,10767.0,693280077.0,17.0,1.9380000000000002,3.9619999999999997,0.28,580216.0,False
300.0,b55bae1f323148019db34cc9c08d6b4b.param,1.0,0.0,0.0,21.557,693280077.0,87697a69e1b1446ee2dbb2518e63c57a,53429.0,1.0,0.0,4.353,8,8729.0,0.0,574646.0,4140.0,2.075,5568.0,4140.0,-1.0,9596.0,0.0,451387.0,10767.0,693280077.0,17.0,1.9369999999999998,4.012,0.28,580216.0,False
300.0,b55bae1f323148019db34cc9c08d6b4b.param,2.0,0.0,0.0,21.449,693280077.0,87697a69e1b1446ee2dbb2518e63c57a,53429.0,1.0,0.0,4.284,8,8729.0,0.0,574646.0,4140.0,2.031,5568.0,4140.0,-1.0,9596.0,0.0,451387.0,10767.0,693280077.0,17.0,1.9269999999999998,3.958,0.28,580216.0,False
300.0,a6fb6cef21abb3da58a08c431abe1820.param,0.0,0.0,0.0,36.994,83966730.0,296060eb000d3af30bdcb8cf8db16766,64477.0,1.0,0.0,6.291,8,24334.0,0.0,1000124.0,4762.0,3.57,8664.0,4762.0,-1.0,7081.0,0.0,490393.0,17046.0,83966730.0,21.0,2.171,5.7410000000000005,0.42,1008790.0,False
300.0,a6fb6cef21abb3da58a08c431abe1820.param,1.0,0.0,0.0,38.049,83966730.0,296060eb000d3af30bdcb8cf8db16766,64477.0,1.0,0.0,6.765,8,24334.0,0.0,1000124.0,4762.0,3.7489999999999997,8664.0,4762.0,-1.0,7081.0,0.0,490393.0,17046.0,83966730.0,21.0,2.299,6.047999999999999,0.42,1008790.0,False
300.0,a6fb6cef21abb3da58a08c431abe1820.param,2.0,0.0,0.0,37.859,83966730.0,296060eb000d3af30bdcb8cf8db16766,64477.0,1.0,0.0,6.483,8,24334.0,0.0,1000124.0,4762.0,3.623,8664.0,4762.0,-1.0,7081.0,0.0,490393.0,17046.0,83966730.0,21.0,2.253,5.876,0.42,1008790.0,False
300.0,982f07b05aa788dcb221cf0f46a98a28.param,0.0,0.0,0.0,16.215,1242281828.0,7eddbd5f0a08dea897d1bd8af860b4f6,425775.0,1.0,0.0,10.783,8,311636.0,0.0,394913.0,6278.0,1.369,3068.0,6278.0,-1.0,17053.0,0.0,868921.0,5772.0,1242281828.0,28.0,9.161,10.53,0.42,397983.0,False
300.0,982f07b05aa788dcb221cf0f46a98a28.param,1.0,0.0,0.0,16.271,1242281828.0,7eddbd5f0a08dea897d1bd8af860b4f6,425775.0,1.0,0.0,10.99,8,311636.0,0.0,394913.0,6278.0,1.5019999999999998,3068.0,6278.0,-1.0,17053.0,0.0,868921.0,5772.0,1242281828.0,28.0,9.177999999999999,10.68,0.42,397983.0,False
300.0,982f07b05aa788dcb221cf0f46a98a28.param,2.0,0.0,0.0,15.988,1242281828.0,7eddbd5f0a08dea897d1bd8af860b4f6,425775.0,1.0,0.0,10.517999999999999,8,311636.0,0.0,394913.0,6278.0,1.3980000000000001,3068.0,6278.0,-1.0,17053.0,0.0,868921.0,5772.0,1242281828.0,28.0,8.89,10.288,0.42,397983.0,False
300.0,a6ff37b0cef2bdd5134de774a2ccfcdd.param,0.0,0.0,0.0,6.563,1571287961.0,332bd9c196a8768612ce89d90cffeb44,79471.0,1.0,0.0,4.282,8,35495.0,0.0,144976.0,5773.0,0.518,1020.0,5773.0,-1.0,7756.0,0.0,621542.0,1732.0,1571287961.0,25.0,3.655,4.173,0.19,145998.0,False
300.0,a6ff37b0cef2bdd5134de774a2ccfcdd.param,1.0,0.0,0.0,6.809,1571287961.0,332bd9c196a8768612ce89d90cffeb44,79471.0,1.0,0.0,4.29,8,35495.0,0.0,144976.0,5773.0,0.518,1020.0,5773.0,-1.0,7756.0,0.0,621542.0,1732.0,1571287961.0,25.0,3.65,4.168,0.19,145998.0,False
300.0,a6ff37b0cef2bdd5134de774a2ccfcdd.param,2.0,0.0,0.0,6.53,1571287961.0,332bd9c196a8768612ce89d90cffeb44,79471.0,1.0,0.0,4.191,8,35495.0,0.0,144976.0,5773.0,0.493,1020.0,5773.0,-1.0,7756.0,0.0,621542.0,1732.0,1571287961.0,25.0,3.5789999999999997,4.072,0.19,145998.0,False
300.0,928666ecc0a7811fd6c441352737063c.param,0.0,0.0,0.0,74.892,823094821.0,2e04a5be6115c71582e2c9071b6b63b6,171951.0,1.0,0.0,22.441999999999997,8,64626.0,0.0,2150295.0,11295.0,7.856,14058.0,11295.0,-1.0,12978.0,0.0,1115640.0,27751.0,823094821.0,40.0,13.344000000000001,21.2,0.94,2164355.0,False
300.0,928666ecc0a7811fd6c441352737063c.param,1.0,0.0,0.0,79.969,823094821.0,2e04a5be6115c71582e2c9071b6b63b6,171951.0,1.0,0.0,22.945,8,64626.0,0.0,2150295.0,11295.0,7.973,14058.0,11295.0,-1.0,12978.0,0.0,1115640.0,27751.0,823094821.0,40.0,13.423,21.396,0.94,2164355.0,False
300.0,928666ecc0a7811fd6c441352737063c.param,2.0,0.0,0.0,80.458,823094821.0,2e04a5be6115c71582e2c9071b6b63b6,171951.0,1.0,0.0,23.21,8,64626.0,0.0,2150295.0,11295.0,8.237,14058.0,11295.0,-1.0,12978.0,0.0,1115640.0,27751.0,823094821.0,40.0,13.525,21.761999999999997,0.94,2164355.0,False
300.0,86aef175e49750375aaf5bf4f54ac0c2.param,0.0,0.0,0.0,61.51600000000001,95956545.0,1bcc956110dbc2da2d33a2c11527a404,163278.0,1.0,0.0,14.812999999999999,8,68867.0,0.0,1732749.0,6314.0,6.319,13286.0,6314.0,-1.0,13275.0,0.0,769287.0,26229.0,95956545.0,29.0,7.233,13.552,0.63,1746037.0,False
300.0,86aef175e49750375aaf5bf4f54ac0c2.param,1.0,0.0,0.0,60.148,95956545.0,1bcc956110dbc2da2d33a2c11527a404,163278.0,1.0,0.0,14.354000000000001,8,68867.0,0.0,1732749.0,6314.0,6.313,13286.0,6314.0,-1.0,13275.0,0.0,769287.0,26229.0,95956545.0,29.0,7.105,13.418,0.63,1746037.0,False
300.0,86aef175e49750375aaf5bf4f54ac0c2.param,2.0,0.0,0.0,64.243,95956545.0,1bcc956110dbc2da2d33a2c11527a404,163278.0,1.0,0.0,14.984000000000002,8,68867.0,0.0,1732749.0,6314.0,6.3729999999999976,13286.0,6314.0,-1.0,13275.0,0.0,769287.0,26229.0,95956545.0,29.0,7.3260000000000005,13.699000000000002,0.63,1746037.0,False
300.0,099cc4db78f534b541e03b3d21476677.param,0.0,0.0,0.0,9.794,693280077.0,6c3f2ec23d4f0bfa6107c34b7cca4a42,292726.0,1.0,0.0,5.456,8,242286.0,0.0,235962.0,6353.0,0.81,1792.0,6353.0,-1.0,9028.0,0.0,1382417.0,3243.0,693280077.0,29.0,4.48,5.29,0.28,237756.0,False
300.0,099cc4db78f534b541e03b3d21476677.param,1.0,0.0,0.0,9.777999999999999,693280077.0,6c3f2ec23d4f0bfa6107c34b7cca4a42,292726.0,1.0,0.0,5.577000000000001,8,242286.0,0.0,235962.0,6353.0,0.851,1792.0,6353.0,-1.0,9028.0,0.0,1382417.0,3243.0,693280077.0,29.0,4.518,5.369,0.28,237756.0,False
300.0,099cc4db78f534b541e03b3d21476677.param,2.0,0.0,0.0,10.499,693280077.0,6c3f2ec23d4f0bfa6107c34b7cca4a42,292726.0,1.0,0.0,5.332000000000002,8,242286.0,0.0,235962.0,6353.0,0.809,1792.0,6353.0,-1.0,9028.0,0.0,1382417.0,3243.0,693280077.0,29.0,4.3580000000000005,5.167000000000002,0.28,237756.0,False
300.0,5aa281057d97f045673ea5f22f4a03c2.param,0.0,0.0,0.0,10.394,2050821110.0,eb7d5e785a54f6272d8bffccf4b21d09,215262.0,1.0,0.0,11.460999999999999,8,123819.0,0.0,267108.0,9606.0,0.91,1960.0,9606.0,-1.0,10225.0,0.0,835861.0,3619.0,2050821110.0,32.0,10.378,11.288,0.28,269070.0,False
300.0,5aa281057d97f045673ea5f22f4a03c2.param,1.0,0.0,0.0,10.854000000000001,2050821110.0,eb7d5e785a54f6272d8bffccf4b21d09,215262.0,1.0,0.0,11.252,8,123819.0,0.0,267108.0,9606.0,0.9590000000000001,1960.0,9606.0,-1.0,10225.0,0.0,835861.0,3619.0,2050821110.0,32.0,10.103,11.062000000000001,0.28,269070.0,False
300.0,5aa281057d97f045673ea5f22f4a03c2.param,2.0,0.0,0.0,11.227,2050821110.0,eb7d5e785a54f6272d8bffccf4b21d09,215262.0,1.0,0.0,11.132,8,123819.0,0.0,267108.0,9606.0,0.9540000000000001,1960.0,9606.0,-1.0,10225.0,0.0,835861.0,3619.0,2050821110.0,32.0,10.007,10.960999999999999,0.28,269070.0,False
300.0,23179b628ad596b0808644865ee42008.param,0.0,0.0,0.0,16.576,1083416308.0,cd9403bf172a2dedcd91d0e48945932f,77515.0,1.0,0.0,5.432,8,33938.0,0.0,424759.0,4795.0,1.47,3634.0,4795.0,-1.0,7690.0,0.0,441312.0,7011.0,1083416308.0,21.0,3.7060000000000004,5.176,0.28,428395.0,False
300.0,23179b628ad596b0808644865ee42008.param,1.0,0.0,0.0,18.28,1083416308.0,cd9403bf172a2dedcd91d0e48945932f,77515.0,1.0,0.0,5.431,8,33938.0,0.0,424759.0,4795.0,1.49,3634.0,4795.0,-1.0,7690.0,0.0,441312.0,7011.0,1083416308.0,21.0,3.687,5.1770000000000005,0.28,428395.0,False
300.0,23179b628ad596b0808644865ee42008.param,2.0,0.0,0.0,17.919,1083416308.0,cd9403bf172a2dedcd91d0e48945932f,77515.0,1.0,0.0,5.657,8,33938.0,0.0,424759.0,4795.0,1.591,3634.0,4795.0,-1.0,7690.0,0.0,441312.0,7011.0,1083416308.0,21.0,3.795,5.386,0.28,428395.0,False
300.0,55af68f15fe32e43da610c5d90806a4a.param,0.0,0.0,0.0,61.093,862094683.0,05cbd37373db8bca01f5831efe65c59d,399113.0,1.0,0.0,29.237,8,212542.0,0.0,1698643.0,10380.0,6.131,11330.0,10380.0,-1.0,20535.0,0.0,1219181.0,22299.0,862094683.0,37.0,21.846,27.976999999999997,0.63,1709975.0,False
300.0,55af68f15fe32e43da610c5d90806a4a.param,1.0,0.0,0.0,62.99,862094683.0,05cbd37373db8bca01f5831efe65c59d,399113.0,1.0,0.0,28.776,8,212542.0,0.0,1698643.0,10380.0,6.226,11330.0,10380.0,-1.0,20535.0,0.0,1219181.0,22299.0,862094683.0,37.0,21.249000000000002,27.475,0.63,1709975.0,False
300.0,55af68f15fe32e43da610c5d90806a4a.param,2.0,0.0,0.0,63.775,862094683.0,05cbd37373db8bca01f5831efe65c59d,399113.0,1.0,0.0,28.386,8,212542.0,0.0,1698643.0,10380.0,6.2520000000000024,11330.0,10380.0,-1.0,20535.0,0.0,1219181.0,22299.0,862094683.0,37.0,21.2,27.451999999999998,0.63,1709975.0,False
300.0,3cadb3807e2a210325a234888d281fbd.param,0.0,0.0,0.0,6.925,1242281828.0,05204742637fd40802a5535ac2116b81,67570.0,1.0,0.0,1.829,8,34744.0,0.0,166114.0,4663.0,0.5670000000000001,1520.0,4663.0,-1.0,7071.0,0.0,456090.0,2805.0,1242281828.0,20.0,1.143,1.71,0.19,167636.0,False
300.0,3cadb3807e2a210325a234888d281fbd.param,1.0,0.0,0.0,7.252999999999999,1242281828.0,05204742637fd40802a5535ac2116b81,67570.0,1.0,0.0,1.838,8,34744.0,0.0,166114.0,4663.0,0.563,1520.0,4663.0,-1.0,7071.0,0.0,456090.0,2805.0,1242281828.0,20.0,1.137,1.7,0.19,167636.0,False
300.0,3cadb3807e2a210325a234888d281fbd.param,2.0,0.0,0.0,6.996,1242281828.0,05204742637fd40802a5535ac2116b81,67570.0,1.0,0.0,1.8559999999999999,8,34744.0,0.0,166114.0,4663.0,0.58,1520.0,4663.0,-1.0,7071.0,0.0,456090.0,2805.0,1242281828.0,20.0,1.1520000000000001,1.732,0.19,167636.0,False
300.0,05e1a93acf56766caa36729883ed69ed.param,0.0,0.0,0.0,93.139,1571287961.0,f37445d1ed57f7e1cefc4e72327e07a0,743916.0,1.0,0.0,46.668,8,489446.0,0.0,2476983.0,10332.0,9.091000000000001,16874.0,10332.0,-1.0,28501.0,0.0,1527502.0,33263.0,1571287961.0,37.0,36.173,45.263999999999996,0.94,2493859.0,False
300.0,05e1a93acf56766caa36729883ed69ed.param,1.0,0.0,0.0,94.20299999999999,1571287961.0,f37445d1ed57f7e1cefc4e72327e07a0,743916.0,1.0,0.0,47.67,8,489446.0,0.0,2476983.0,10332.0,8.982000000000003,16874.0,10332.0,-1.0,28501.0,0.0,1527502.0,33263.0,1571287961.0,37.0,36.863,45.845,0.94,2493859.0,False
300.0,05e1a93acf56766caa36729883ed69ed.param,2.0,0.0,0.0,95.604,1571287961.0,f37445d1ed57f7e1cefc4e72327e07a0,743916.0,1.0,0.0,46.573,8,489446.0,0.0,2476983.0,10332.0,8.962,16874.0,10332.0,-1.0,28501.0,0.0,1527502.0,33263.0,1571287961.0,37.0,36.259,45.221000000000004,0.94,2493859.0,False
300.0,2b9f5024001a051a59314cacbe0b17e8.param,0.0,0.0,0.0,45.059,1235388569.0,ed50edc3366401a945e2848016c0696a,143945.0,1.0,0.0,11.182,8,55479.0,0.0,1299047.0,5706.0,4.6530000000000005,10706.0,5706.0,-1.0,14728.0,0.0,658208.0,21059.0,1235388569.0,25.0,5.777,10.43,0.63,1309755.0,False
300.0,2b9f5024001a051a59314cacbe0b17e8.param,1.0,0.0,0.0,44.841,1235388569.0,ed50edc3366401a945e2848016c0696a,143945.0,1.0,0.0,11.309000000000001,8,55479.0,0.0,1299047.0,5706.0,4.784,10706.0,5706.0,-1.0,14728.0,0.0,658208.0,21059.0,1235388569.0,25.0,5.785,10.569,0.63,1309755.0,False
300.0,2b9f5024001a051a59314cacbe0b17e8.param,2.0,0.0,0.0,47.846000000000004,1235388569.0,ed50edc3366401a945e2848016c0696a,143945.0,1.0,0.0,11.466,8,55479.0,0.0,1299047.0,5706.0,4.644,10706.0,5706.0,-1.0,14728.0,0.0,658208.0,21059.0,1235388569.0,25.0,5.851,10.495,0.63,1309755.0,False
300.0,38650beb2ce576c812a3ef6ac5621787.param,0.0,0.0,0.0,8.818,83966730.0,b465b8fc9e369268abca86825218a083,172412.0,1.0,0.0,5.892,8,105181.0,0.0,202672.0,6396.0,0.691,1504.0,6396.0,-1.0,7689.0,0.0,1023366.0,2721.0,83966730.0,29.0,5.064,5.755,0.28,204178.0,False
300.0,38650beb2ce576c812a3ef6ac5621787.param,1.0,0.0,0.0,8.913,83966730.0,b465b8fc9e369268abca86825218a083,172412.0,1.0,0.0,5.992000000000001,8,105181.0,0.0,202672.0,6396.0,0.8029999999999999,1504.0,6396.0,-1.0,7689.0,0.0,1023366.0,2721.0,83966730.0,29.0,5.045,5.848,0.28,204178.0,False
300.0,38650beb2ce576c812a3ef6ac5621787.param,2.0,0.0,0.0,9.058,83966730.0,b465b8fc9e369268abca86825218a083,172412.0,1.0,0.0,5.944,8,105181.0,0.0,202672.0,6396.0,0.679,1504.0,6396.0,-1.0,7689.0,0.0,1023366.0,2721.0,83966730.0,29.0,5.122999999999998,5.8020000000000005,0.28,204178.0,False
300.0,f6a9922fc219371dd62d3d64f513f435.param,0.0,0.0,0.0,26.901,1923385776.0,e735e68110183360b3af848e9b4ec5ec,249148.0,1.0,0.0,11.437999999999999,8,153276.0,0.0,752966.0,9643.0,2.693,5520.0,9643.0,-1.0,11091.0,0.0,778555.0,10737.0,1923385776.0,32.0,8.3,10.993,0.42,758488.0,False
300.0,f6a9922fc219371dd62d3d64f513f435.param,1.0,0.0,0.0,29.509,1923385776.0,e735e68110183360b3af848e9b4ec5ec,249148.0,1.0,0.0,11.377,8,153276.0,0.0,752966.0,9643.0,2.7110000000000003,5520.0,9643.0,-1.0,11091.0,0.0,778555.0,10737.0,1923385776.0,32.0,8.211,10.922,0.42,758488.0,False
300.0,f6a9922fc219371dd62d3d64f513f435.param,2.0,0.0,0.0,28.479,1923385776.0,e735e68110183360b3af848e9b4ec5ec,249148.0,1.0,0.0,11.640999999999998,8,153276.0,0.0,752966.0,9643.0,2.795,5520.0,9643.0,-1.0,11091.0,0.0,778555.0,10737.0,1923385776.0,32.0,8.398,11.193,0.42,758488.0,False
300.0,5270155d690360dab58e1b470ef17ea7.param,0.0,0.0,0.0,31.951,270657042.0,fc22783b7bf141caafb839d67581b0d7,85626.0,1.0,0.0,8.601,8,20391.0,0.0,878640.0,4795.0,3.15,7520.0,4795.0,-1.0,12853.0,0.0,528290.0,14721.0,270657042.0,21.0,4.9430000000000005,8.093,0.42,886162.0,False
300.0,5270155d690360dab58e1b470ef17ea7.param,1.0,0.0,0.0,32.545,270657042.0,fc22783b7bf141caafb839d67581b0d7,85626.0,1.0,0.0,8.835,8,20391.0,0.0,878640.0,4795.0,3.2060000000000004,7520.0,4795.0,-1.0,12853.0,0.0,528290.0,14721.0,270657042.0,21.0,5.078,8.283999999999999,0.42,886162.0,False
300.0,5270155d690360dab58e1b470ef17ea7.param,2.0,0.0,0.0,33.69,270657042.0,fc22783b7bf141caafb839d67581b0d7,85626.0,1.0,0.0,8.633,8,20391.0,0.0,878640.0,4795.0,3.137,7520.0,4795.0,-1.0,12853.0,0.0,528290.0,14721.0,270657042.0,21.0,4.98,8.117,0.42,886162.0,False
300.0,53a3b10a6d39a1f0633d42a0b8cc93a7.param,0.0,0.0,0.0,13.475999999999999,1405409883.0,4c5dd43f29d9e40813fcf8d3c882e5c5,190548.0,1.0,0.0,16.090999999999998,8,73300.0,0.0,334847.0,10289.0,1.187,2328.0,10289.0,-1.0,13268.0,0.0,873540.0,4356.0,1405409883.0,36.0,14.687000000000001,15.874,0.28,337177.0,False
300.0,53a3b10a6d39a1f0633d42a0b8cc93a7.param,1.0,0.0,0.0,13.894,1405409883.0,4c5dd43f29d9e40813fcf8d3c882e5c5,190548.0,1.0,0.0,16.182000000000002,8,73300.0,0.0,334847.0,10289.0,1.166,2328.0,10289.0,-1.0,13268.0,0.0,873540.0,4356.0,1405409883.0,36.0,14.741,15.907,0.28,337177.0,False
300.0,53a3b10a6d39a1f0633d42a0b8cc93a7.param,2.0,0.0,0.0,14.008,1405409883.0,4c5dd43f29d9e40813fcf8d3c882e5c5,190548.0,1.0,0.0,16.039,8,73300.0,0.0,334847.0,10289.0,1.204,2328.0,10289.0,-1.0,13268.0,0.0,873540.0,4356.0,1405409883.0,36.0,14.623,15.827,0.28,337177.0,False
300.0,af0a6d4f3f8e41dd411ac993d1c5e5ad.param,0.0,0.0,0.0,17.730999999999995,34754393.0,3f4fc0600244c3b80c27686190c6b5a4,895337.0,1.0,0.0,35.323,8,716431.0,0.0,449243.0,10378.0,1.64,3000.0,10378.0,-1.0,22437.0,0.0,1350202.0,5616.0,34754393.0,37.0,33.415,35.055,0.63,452245.0,False
300.0,af0a6d4f3f8e41dd411ac993d1c5e5ad.param,1.0,0.0,0.0,17.307000000000002,34754393.0,3f4fc0600244c3b80c27686190c6b5a4,895337.0,1.0,0.0,35.387,8,716431.0,0.0,449243.0,10378.0,1.568,3000.0,10378.0,-1.0,22437.0,0.0,1350202.0,5616.0,34754393.0,37.0,33.468,35.036,0.63,452245.0,False
300.0,af0a6d4f3f8e41dd411ac993d1c5e5ad.param,2.0,0.0,0.0,19.311,34754393.0,3f4fc0600244c3b80c27686190c6b5a4,895337.0,1.0,0.0,35.11,8,716431.0,0.0,449243.0,10378.0,1.5859999999999999,3000.0,10378.0,-1.0,22437.0,0.0,1350202.0,5616.0,34754393.0,37.0,33.251999999999995,34.838,0.63,452245.0,False
300.0,5acf53328f53703eb5ee3288a3efea11.param,0.0,0.0,0.0,23.955,590654055.0,eccdccefff42cabcca216c088f1e8a9c,501986.0,1.0,0.0,29.095,8,356265.0,0.0,661958.0,10332.0,2.387,4464.0,10332.0,-1.0,19662.0,0.0,1257403.0,8541.0,590654055.0,37.0,26.163,28.55,0.42,666424.0,False
300.0,5acf53328f53703eb5ee3288a3efea11.param,1.0,0.0,0.0,25.419,590654055.0,eccdccefff42cabcca216c088f1e8a9c,501986.0,1.0,0.0,28.401999999999997,8,356265.0,0.0,661958.0,10332.0,2.345,4464.0,10332.0,-1.0,19662.0,0.0,1257403.0,8541.0,590654055.0,37.0,25.659000000000002,28.004,0.42,666424.0,False
300.0,5acf53328f53703eb5ee3288a3efea11.param,2.0,0.0,0.0,25.061999999999998,590654055.0,eccdccefff42cabcca216c088f1e8a9c,501986.0,1.0,0.0,28.414,8,356265.0,0.0,661958.0,10332.0,2.342,4464.0,10332.0,-1.0,19662.0,0.0,1257403.0,8541.0,590654055.0,37.0,25.684,28.026,0.42,666424.0,False
300.0,947c519055ac35bb731937204fc0d266.param,0.0,0.0,0.0,50.174,1979567522.0,9c8f3fcdcbe5c0d6afe61dcc8104de0f,869699.0,1.0,0.0,32.89,8,642480.0,0.0,1334243.0,11248.0,4.942,8814.0,11248.0,-1.0,27214.0,0.0,1337108.0,17253.0,1979567522.0,40.0,27.121,32.063,0.63,1343059.0,False
300.0,947c519055ac35bb731937204fc0d266.param,1.0,0.0,0.0,51.075,1979567522.0,9c8f3fcdcbe5c0d6afe61dcc8104de0f,869699.0,1.0,0.0,32.217,8,642480.0,0.0,1334243.0,11248.0,4.81,8814.0,11248.0,-1.0,27214.0,0.0,1337108.0,17253.0,1979567522.0,40.0,26.69400000000001,31.504,0.63,1343059.0,False
300.0,947c519055ac35bb731937204fc0d266.param,2.0,0.0,0.0,50.122,1979567522.0,9c8f3fcdcbe5c0d6afe61dcc8104de0f,869699.0,1.0,0.0,32.178000000000004,8,642480.0,0.0,1334243.0,11248.0,4.794,8814.0,11248.0,-1.0,27214.0,0.0,1337108.0,17253.0,1979567522.0,40.0,26.616,31.41,0.63,1343059.0,False
300.0,638c867046eca01fa57da212f4a82591.param,0.0,0.0,0.0,22.154,83966730.0,c524f96df1849e20423fee364bcd22b5,32556.0,1.0,0.0,3.359,8,15417.0,0.0,595993.0,4114.0,2.117,5848.0,4114.0,-1.0,3000.0,0.0,317759.0,11452.0,83966730.0,17.0,0.877,2.9939999999999998,0.28,601843.0,False
300.0,638c867046eca01fa57da212f4a82591.param,1.0,0.0,0.0,22.476999999999997,83966730.0,c524f96df1849e20423fee364bcd22b5,32556.0,1.0,0.0,3.355,8,15417.0,0.0,595993.0,4114.0,2.085,5848.0,4114.0,-1.0,3000.0,0.0,317759.0,11452.0,83966730.0,17.0,0.885,2.97,0.28,601843.0,False
300.0,638c867046eca01fa57da212f4a82591.param,2.0,0.0,0.0,23.7,83966730.0,c524f96df1849e20423fee364bcd22b5,32556.0,1.0,0.0,3.339,8,15417.0,0.0,595993.0,4114.0,2.106,5848.0,4114.0,-1.0,3000.0,0.0,317759.0,11452.0,83966730.0,17.0,0.868,2.9739999999999998,0.28,601843.0,False
300.0,7c8d5058b5b148685018d3330ac42f68.param,0.0,0.0,0.0,43.492,1258716603.0,9da487b67dd217032a105c91f946d407,188964.0,1.0,0.0,19.756,8,84460.0,0.0,1179530.0,9763.0,4.2989999999999995,8460.0,9763.0,-1.0,12808.0,0.0,860268.0,16596.0,1258716603.0,33.0,14.732000000000001,19.031,0.42,1187992.0,False
300.0,7c8d5058b5b148685018d3330ac42f68.param,1.0,0.0,0.0,42.324,1258716603.0,9da487b67dd217032a105c91f946d407,188964.0,1.0,0.0,20.083,8,84460.0,0.0,1179530.0,9763.0,4.388,8460.0,9763.0,-1.0,12808.0,0.0,860268.0,16596.0,1258716603.0,33.0,14.960999999999999,19.349,0.42,1187992.0,False
300.0,7c8d5058b5b148685018d3330ac42f68.param,2.0,0.0,0.0,41.224,1258716603.0,9da487b67dd217032a105c91f946d407,188964.0,1.0,0.0,19.701,8,84460.0,0.0,1179530.0,9763.0,4.225,8460.0,9763.0,-1.0,12808.0,0.0,860268.0,16596.0,1258716603.0,33.0,14.787,19.012,0.42,1187992.0,False
300.0,85c2d2f2fd6238e8bf0bbcfd97821631.param,0.0,0.0,0.0,44.77,1979567522.0,7ee8ae2acec6ca7285e8c839f4ecb072,829673.0,1.0,0.0,34.161,8,607292.0,0.0,1190438.0,10245.0,4.249,8280.0,10245.0,-1.0,24191.0,0.0,1327594.0,16119.0,1979567522.0,36.0,29.024,33.273,0.63,1198720.0,False
300.0,85c2d2f2fd6238e8bf0bbcfd97821631.param,1.0,0.0,0.0,42.317,1979567522.0,7ee8ae2acec6ca7285e8c839f4ecb072,829673.0,1.0,0.0,33.558,8,607292.0,0.0,1190438.0,10245.0,4.198,8280.0,10245.0,-1.0,24191.0,0.0,1327594.0,16119.0,1979567522.0,36.0,28.72,32.918,0.63,1198720.0,False
300.0,85c2d2f2fd6238e8bf0bbcfd97821631.param,2.0,0.0,0.0,45.613,1979567522.0,7ee8ae2acec6ca7285e8c839f4ecb072,829673.0,1.0,0.0,33.868,8,607292.0,0.0,1190438.0,10245.0,4.204,8280.0,10245.0,-1.0,24191.0,0.0,1327594.0,16119.0,1979567522.0,36.0,28.959,33.163000000000004,0.63,1198720.0,False
300.0,80402835d130022a9820ca0328640cdb.param,0.0,0.0,0.0,24.455,554543104.0,c808120a1a3225f4ef551ca5055ab8d4,207666.0,1.0,0.0,10.113,8,131541.0,0.0,664631.0,4600.0,2.355,6174.0,4600.0,-1.0,16119.0,0.0,651057.0,11889.0,554543104.0,20.0,7.3610000000000015,9.716000000000001,0.42,670807.0,False
300.0,80402835d130022a9820ca0328640cdb.param,1.0,0.0,0.0,26.596999999999998,554543104.0,c808120a1a3225f4ef551ca5055ab8d4,207666.0,1.0,0.0,9.878,8,131541.0,0.0,664631.0,4600.0,2.342,6174.0,4600.0,-1.0,16119.0,0.0,651057.0,11889.0,554543104.0,20.0,7.141,9.482999999999999,0.42,670807.0,False
300.0,80402835d130022a9820ca0328640cdb.param,2.0,0.0,0.0,26.18,554543104.0,c808120a1a3225f4ef551ca5055ab8d4,207666.0,1.0,0.0,9.935,8,131541.0,0.0,664631.0,4600.0,2.355,6174.0,4600.0,-1.0,16119.0,0.0,651057.0,11889.0,554543104.0,20.0,7.154,9.509,0.42,670807.0,False
300.0,b1fed41c662b810a67f17347ca208a34.param,0.0,0.0,0.0,34.946999999999996,1145031130.0,a9c8b549ed9b69545a3d4745cd8afc42,86728.0,1.0,0.0,7.322999999999999,8,28886.0,0.0,975801.0,6354.0,3.516,7396.0,6354.0,-1.0,7461.0,0.0,661003.0,14494.0,1145031130.0,29.0,3.193,6.709,0.42,983199.0,False
300.0,b1fed41c662b810a67f17347ca208a34.param,1.0,0.0,0.0,37.0,1145031130.0,a9c8b549ed9b69545a3d4745cd8afc42,86728.0,1.0,0.0,7.186,8,28886.0,0.0,975801.0,6354.0,3.54,7396.0,6354.0,-1.0,7461.0,0.0,661003.0,14494.0,1145031130.0,29.0,3.095,6.635,0.42,983199.0,False
300.0,b1fed41c662b810a67f17347ca208a34.param,2.0,0.0,0.0,33.868,1145031130.0,a9c8b549ed9b69545a3d4745cd8afc42,86728.0,1.0,0.0,7.265,8,28886.0,0.0,975801.0,6354.0,3.548,7396.0,6354.0,-1.0,7461.0,0.0,661003.0,14494.0,1145031130.0,29.0,3.1519999999999997,6.7,0.42,983199.0,False
300.0,d8e0991db153700fc6f942a70d96d0d8.param,0.0,0.0,0.0,9.266,270657042.0,e8eb14f91a9a955f798efd6383820958,82847.0,1.0,0.0,4.03,8,32158.0,0.0,221388.0,6201.0,0.784,1760.0,6201.0,-1.0,7723.0,0.0,637271.0,3249.0,270657042.0,28.0,3.083,3.867,0.19,223150.0,False
300.0,d8e0991db153700fc6f942a70d96d0d8.param,1.0,0.0,0.0,9.036,270657042.0,e8eb14f91a9a955f798efd6383820958,82847.0,1.0,0.0,3.8989999999999996,8,32158.0,0.0,221388.0,6201.0,0.747,1760.0,6201.0,-1.0,7723.0,0.0,637271.0,3249.0,270657042.0,28.0,3.0069999999999997,3.7539999999999996,0.19,223150.0,False
300.0,d8e0991db153700fc6f942a70d96d0d8.param,2.0,0.0,0.0,9.755,270657042.0,e8eb14f91a9a955f798efd6383820958,82847.0,1.0,0.0,4.24,8,32158.0,0.0,221388.0,6201.0,0.833,1760.0,6201.0,-1.0,7723.0,0.0,637271.0,3249.0,270657042.0,28.0,3.218,4.051,0.19,223150.0,False
300.0,96344359b1d56ff7726ed1408e74685f.param,0.0,0.0,0.0,34.604,746355495.0,f15fe1577a44038ffd4e84d542d3d408,38991.0,1.0,0.0,6.431,8,8387.0,0.0,924425.0,4197.0,3.3810000000000002,8690.0,4197.0,-1.0,5531.0,0.0,389397.0,17091.0,746355495.0,17.0,2.494,5.875,0.42,933117.0,False
300.0,96344359b1d56ff7726ed1408e74685f.param,1.0,0.0,0.0,35.624,746355495.0,f15fe1577a44038ffd4e84d542d3d408,38991.0,1.0,0.0,6.24,8,8387.0,0.0,924425.0,4197.0,3.2960000000000003,8690.0,4197.0,-1.0,5531.0,0.0,389397.0,17091.0,746355495.0,17.0,2.417,5.712999999999999,0.42,933117.0,False
300.0,96344359b1d56ff7726ed1408e74685f.param,2.0,0.0,0.0,32.951,746355495.0,f15fe1577a44038ffd4e84d542d3d408,38991.0,1.0,0.0,6.515,8,8387.0,0.0,924425.0,4197.0,3.395,8690.0,4197.0,-1.0,5531.0,0.0,389397.0,17091.0,746355495.0,17.0,2.468,5.8629999999999995,0.42,933117.0,False
300.0,62e0a8d6f7569c04cf8f5f709636e77e.param,0.0,0.0,0.0,24.631999999999998,1057470620.0,a91d986c443e6a37b209e15b70c06520,730816.0,1.0,0.0,35.073,8,542813.0,0.0,642042.0,10287.0,2.296,4420.0,10287.0,-1.0,24959.0,0.0,1382281.0,8436.0,1057470620.0,36.0,32.28,34.576,0.63,646464.0,False
300.0,62e0a8d6f7569c04cf8f5f709636e77e.param,1.0,0.0,0.0,27.18,1057470620.0,a91d986c443e6a37b209e15b70c06520,730816.0,1.0,0.0,35.016,8,542813.0,0.0,642042.0,10287.0,2.324,4420.0,10287.0,-1.0,24959.0,0.0,1382281.0,8436.0,1057470620.0,36.0,32.309,34.633,0.63,646464.0,False
300.0,62e0a8d6f7569c04cf8f5f709636e77e.param,2.0,0.0,0.0,25.189,1057470620.0,a91d986c443e6a37b209e15b70c06520,730816.0,1.0,0.0,35.29,8,542813.0,0.0,642042.0,10287.0,2.313,4420.0,10287.0,-1.0,24959.0,0.0,1382281.0,8436.0,1057470620.0,36.0,32.484,34.797,0.63,646464.0,False
300.0,45f3b2d841eff242a2cd183a0c58dc4d.param,0.0,0.0,0.0,12.208,1257636424.0,e13aa9bfebfd28a264cec80b8998491e,448050.0,1.0,0.0,10.467,8,370881.0,0.0,286483.0,6370.0,0.983,2128.0,6370.0,-1.0,13322.0,0.0,1626825.0,3852.0,1257636424.0,29.0,9.301,10.284,0.42,288613.0,False
300.0,45f3b2d841eff242a2cd183a0c58dc4d.param,1.0,0.0,0.0,11.808,1257636424.0,e13aa9bfebfd28a264cec80b8998491e,448050.0,1.0,0.0,10.248,8,370881.0,0.0,286483.0,6370.0,0.9790000000000001,2128.0,6370.0,-1.0,13322.0,0.0,1626825.0,3852.0,1257636424.0,29.0,9.077,10.056000000000001,0.42,288613.0,False
300.0,45f3b2d841eff242a2cd183a0c58dc4d.param,2.0,0.0,0.0,12.325999999999999,1257636424.0,e13aa9bfebfd28a264cec80b8998491e,448050.0,1.0,0.0,10.522,8,370881.0,0.0,286483.0,6370.0,0.983,2128.0,6370.0,-1.0,13322.0,0.0,1626825.0,3852.0,1257636424.0,29.0,9.343,10.325999999999999,0.42,288613.0,False
300.0,40381a7c5087f4ca968ce41333deeb15.param,0.0,0.0,0.0,23.261999999999997,746355495.0,bc42c0f8dad318c503caa8cf8086fd96,76080.0,1.0,0.0,4.683,8,35706.0,0.0,621549.0,4663.0,2.211,5680.0,4663.0,-1.0,7292.0,0.0,396729.0,11110.0,746355495.0,20.0,2.092,4.303,0.28,627231.0,False
300.0,40381a7c5087f4ca968ce41333deeb15.param,1.0,0.0,0.0,23.355999999999998,746355495.0,bc42c0f8dad318c503caa8cf8086fd96,76080.0,1.0,0.0,4.743,8,35706.0,0.0,621549.0,4663.0,2.245,5680.0,4663.0,-1.0,7292.0,0.0,396729.0,11110.0,746355495.0,20.0,2.099,4.343999999999999,0.28,627231.0,False
300.0,40381a7c5087f4ca968ce41333deeb15.param,2.0,0.0,0.0,25.214000000000002,746355495.0,bc42c0f8dad318c503caa8cf8086fd96,76080.0,1.0,0.0,4.64,8,35706.0,0.0,621549.0,4663.0,2.169,5680.0,4663.0,-1.0,7292.0,0.0,396729.0,11110.0,746355495.0,20.0,2.097,4.266,0.28,627231.0,False
300.0,62b5368b71f5a58af6d0df94093218da.param,0.0,0.0,0.0,43.04600000000001,590654055.0,7b74d7e9ac764ead0e359e599803d8d5,341790.0,1.0,0.0,12.11,8,224663.0,0.0,1143909.0,6314.0,4.104,8880.0,6314.0,-1.0,18115.0,0.0,841576.0,17390.0,590654055.0,29.0,7.143,11.247,0.63,1152791.0,False
300.0,62b5368b71f5a58af6d0df94093218da.param,1.0,0.0,0.0,41.04600000000001,590654055.0,7b74d7e9ac764ead0e359e599803d8d5,341790.0,1.0,0.0,12.03,8,224663.0,0.0,1143909.0,6314.0,4.183,8880.0,6314.0,-1.0,18115.0,0.0,841576.0,17390.0,590654055.0,29.0,7.195,11.378,0.63,1152791.0,False
300.0,62b5368b71f5a58af6d0df94093218da.param,2.0,0.0,0.0,40.882,590654055.0,7b74d7e9ac764ead0e359e599803d8d5,341790.0,1.0,0.0,11.958,8,224663.0,0.0,1143909.0,6314.0,4.15,8880.0,6314.0,-1.0,18115.0,0.0,841576.0,17390.0,590654055.0,29.0,7.135,11.285,0.63,1152791.0,False
300.0,9c8685614d2fcc8ed75e3df0b278a590.param,0.0,0.0,0.0,24.316999999999997,506016928.0,78478548a4866fe4cc336e56e76ed389,351552.0,1.0,0.0,8.752,8,254925.0,0.0,662743.0,6355.0,2.369,4972.0,6355.0,-1.0,13200.0,0.0,862262.0,9586.0,506016928.0,29.0,5.968,8.337,0.28,667717.0,False
300.0,9c8685614d2fcc8ed75e3df0b278a590.param,1.0,0.0,0.0,25.05,506016928.0,78478548a4866fe4cc336e56e76ed389,351552.0,1.0,0.0,8.932,8,254925.0,0.0,662743.0,6355.0,2.369,4972.0,6355.0,-1.0,13200.0,0.0,862262.0,9586.0,506016928.0,29.0,6.055,8.424,0.28,667717.0,False
300.0,9c8685614d2fcc8ed75e3df0b278a590.param,2.0,0.0,0.0,25.107,506016928.0,78478548a4866fe4cc336e56e76ed389,351552.0,1.0,0.0,8.681000000000001,8,254925.0,0.0,662743.0,6355.0,2.336,4972.0,6355.0,-1.0,13200.0,0.0,862262.0,9586.0,506016928.0,29.0,5.943,8.279,0.28,667717.0,False
300.0,da23055718a39734c4c353a6c30d342b.param,0.0,0.0,0.0,44.493,1405409883.0,8b68386450fe50e920b3ca7cc80018d3,66421.0,1.0,0.0,8.264,8,14320.0,0.0,1148189.0,4760.0,4.211,10080.0,4760.0,-1.0,9147.0,0.0,482280.0,19860.0,1405409883.0,21.0,3.253,7.463999999999999,0.63,1158271.0,False
300.0,da23055718a39734c4c353a6c30d342b.param,1.0,0.0,0.0,42.69,1405409883.0,8b68386450fe50e920b3ca7cc80018d3,66421.0,1.0,0.0,8.049,8,14320.0,0.0,1148189.0,4760.0,4.213,10080.0,4760.0,-1.0,9147.0,0.0,482280.0,19860.0,1405409883.0,21.0,3.18,7.393,0.63,1158271.0,False
300.0,da23055718a39734c4c353a6c30d342b.param,2.0,0.0,0.0,44.75100000000001,1405409883.0,8b68386450fe50e920b3ca7cc80018d3,66421.0,1.0,0.0,8.648,8,14320.0,0.0,1148189.0,4760.0,4.427,10080.0,4760.0,-1.0,9147.0,0.0,482280.0,19860.0,1405409883.0,21.0,3.392,7.819,0.63,1158271.0,False
300.0,a14c00732fcd60d2f8416079c6315cd5.param,0.0,0.0,0.0,15.04,95956545.0,0da434fd7acb0a54c375205f99edce31,346853.0,1.0,0.0,10.558,8,253405.0,0.0,378198.0,9687.0,1.374,2744.0,9687.0,-1.0,10760.0,0.0,831862.0,5183.0,95956545.0,32.0,8.881,10.255,0.28,380944.0,False
300.0,a14c00732fcd60d2f8416079c6315cd5.param,1.0,0.0,0.0,15.856,95956545.0,0da434fd7acb0a54c375205f99edce31,346853.0,1.0,0.0,10.440999999999999,8,253405.0,0.0,378198.0,9687.0,1.318,2744.0,9687.0,-1.0,10760.0,0.0,831862.0,5183.0,95956545.0,32.0,8.888,10.206,0.28,380944.0,False
300.0,a14c00732fcd60d2f8416079c6315cd5.param,2.0,0.0,0.0,15.734000000000002,95956545.0,0da434fd7acb0a54c375205f99edce31,346853.0,1.0,0.0,10.356,8,253405.0,0.0,378198.0,9687.0,1.3359999999999999,2744.0,9687.0,-1.0,10760.0,0.0,831862.0,5183.0,95956545.0,32.0,8.756,10.092,0.28,380944.0,False
300.0,291d875a60416791f305122ac9d8b34d.param,0.0,0.0,0.0,22.17,1923385776.0,e4a28a09899e24ec55d8af5e414f765a,317159.0,1.0,0.0,11.55,8,191879.0,0.0,558271.0,10244.0,2.036,3880.0,10244.0,-1.0,13031.0,0.0,933540.0,7452.0,1923385776.0,36.0,9.181000000000001,11.217,0.28,562153.0,False
300.0,291d875a60416791f305122ac9d8b34d.param,1.0,0.0,0.0,21.203000000000007,1923385776.0,e4a28a09899e24ec55d8af5e414f765a,317159.0,1.0,0.0,11.923,8,191879.0,0.0,558271.0,10244.0,1.9769999999999999,3880.0,10244.0,-1.0,13031.0,0.0,933540.0,7452.0,1923385776.0,36.0,9.514,11.491,0.28,562153.0,False
300.0,291d875a60416791f305122ac9d8b34d.param,2.0,0.0,0.0,22.631999999999998,1923385776.0,e4a28a09899e24ec55d8af5e414f765a,317159.0,1.0,0.0,11.571,8,191879.0,0.0,558271.0,10244.0,1.966,3880.0,10244.0,-1.0,13031.0,0.0,933540.0,7452.0,1923385776.0,36.0,9.27,11.235999999999999,0.28,562153.0,False
300.0,902f37d04b6af4dd50620fbce6af0b97.param,0.0,0.0,0.0,45.044,1258716603.0,2e0ec329403e287f661d46f33e4eed82,84073.0,1.0,0.0,10.964,8,14191.0,0.0,1176455.0,5707.0,4.25,9690.0,5707.0,-1.0,10340.0,0.0,586102.0,19071.0,1258716603.0,25.0,6.065,10.315,0.63,1186147.0,False
300.0,902f37d04b6af4dd50620fbce6af0b97.param,1.0,0.0,0.0,43.301,1258716603.0,2e0ec329403e287f661d46f33e4eed82,84073.0,1.0,0.0,11.058,8,14191.0,0.0,1176455.0,5707.0,4.291,9690.0,5707.0,-1.0,10340.0,0.0,586102.0,19071.0,1258716603.0,25.0,6.117000000000001,10.408,0.63,1186147.0,False
300.0,902f37d04b6af4dd50620fbce6af0b97.param,2.0,0.0,0.0,42.806000000000004,1258716603.0,2e0ec329403e287f661d46f33e4eed82,84073.0,1.0,0.0,11.068,8,14191.0,0.0,1176455.0,5707.0,4.3260000000000005,9690.0,5707.0,-1.0,10340.0,0.0,586102.0,19071.0,1258716603.0,25.0,6.114,10.44,0.63,1186147.0,False
300.0,e3acebf7a8b1b7baee676b2504100871.param,0.0,0.0,0.0,8.527999999999999,600810857.0,f6ddbd05ae25dc69acaf705c5dbe4c6a,64789.0,1.0,0.0,3.091,8,32593.0,0.0,201446.0,5720.0,0.679,1464.0,5720.0,-1.0,5056.0,0.0,897941.0,2559.0,600810857.0,25.0,2.2640000000000002,2.943,0.19,202912.0,False
300.0,e3acebf7a8b1b7baee676b2504100871.param,1.0,0.0,0.0,8.187000000000001,600810857.0,f6ddbd05ae25dc69acaf705c5dbe4c6a,64789.0,1.0,0.0,3.103,8,32593.0,0.0,201446.0,5720.0,0.687,1464.0,5720.0,-1.0,5056.0,0.0,897941.0,2559.0,600810857.0,25.0,2.2680000000000002,2.955,0.19,202912.0,False
300.0,e3acebf7a8b1b7baee676b2504100871.param,2.0,0.0,0.0,8.15,600810857.0,f6ddbd05ae25dc69acaf705c5dbe4c6a,64789.0,1.0,0.0,3.122,8,32593.0,0.0,201446.0,5720.0,0.723,1464.0,5720.0,-1.0,5056.0,0.0,897941.0,2559.0,600810857.0,25.0,2.2569999999999997,2.98,0.19,202912.0,False
300.0,ea7bd7600bcbe337da419744986a2765.param,0.0,0.0,0.0,55.986000000000004,1057470620.0,e719ca468f73514c2e45ec483cec6163,1247982.0,1.0,0.0,41.571999999999996,8,1013339.0,0.0,1554329.0,10332.0,5.659,10480.0,10332.0,-1.0,28041.0,0.0,1478602.0,20530.0,1057470620.0,37.0,34.738,40.397,0.63,1564811.0,False
300.0,ea7bd7600bcbe337da419744986a2765.param,1.0,0.0,0.0,59.51,1057470620.0,e719ca468f73514c2e45ec483cec6163,1247982.0,1.0,0.0,41.973,8,1013339.0,0.0,1554329.0,10332.0,5.7139999999999995,10480.0,10332.0,-1.0,28041.0,0.0,1478602.0,20530.0,1057470620.0,37.0,35.092,40.806,0.63,1564811.0,False
300.0,ea7bd7600bcbe337da419744986a2765.param,2.0,0.0,0.0,59.89,1057470620.0,e719ca468f73514c2e45ec483cec6163,1247982.0,1.0,0.0,41.718,8,1013339.0,0.0,1554329.0,10332.0,5.7,10480.0,10332.0,-1.0,28041.0,0.0,1478602.0,20530.0,1057470620.0,37.0,35.141,40.841,0.63,1564811.0,False
300.0,7b5860221ac4bf880739e34b36b6d1fb.param,0.0,0.0,0.0,41.81100000000001,95956545.0,3f0b642b431e2e6a5b14bcbbac1a0d4b,350007.0,1.0,0.0,25.54,8,182715.0,0.0,1101064.0,10332.0,4.133,7420.0,10332.0,-1.0,18188.0,0.0,1110551.0,14490.0,95956545.0,37.0,20.593000000000004,24.726,0.42,1108486.0,False
300.0,7b5860221ac4bf880739e34b36b6d1fb.param,1.0,0.0,0.0,40.056,95956545.0,3f0b642b431e2e6a5b14bcbbac1a0d4b,350007.0,1.0,0.0,25.461,8,182715.0,0.0,1101064.0,10332.0,4.058,7420.0,10332.0,-1.0,18188.0,0.0,1110551.0,14490.0,95956545.0,37.0,20.77,24.82800000000001,0.42,1108486.0,False
300.0,7b5860221ac4bf880739e34b36b6d1fb.param,2.0,0.0,0.0,39.844,95956545.0,3f0b642b431e2e6a5b14bcbbac1a0d4b,350007.0,1.0,0.0,25.239,8,182715.0,0.0,1101064.0,10332.0,4.058,7420.0,10332.0,-1.0,18188.0,0.0,1110551.0,14490.0,95956545.0,37.0,20.565,24.623,0.42,1108486.0,False
300.0,53797da70b0cf5f28e45644f5fda249f.param,0.0,0.0,0.0,8.202,1923385776.0,5499821ea60340e34ab81b3cc9bd75f5,133717.0,1.0,0.0,9.6,8,58696.0,0.0,196061.0,9608.0,0.738,1284.0,9608.0,-1.0,9375.0,0.0,1129525.0,2244.0,1923385776.0,32.0,8.716000000000001,9.454,0.28,197347.0,False
300.0,53797da70b0cf5f28e45644f5fda249f.param,1.0,0.0,0.0,7.978,1923385776.0,5499821ea60340e34ab81b3cc9bd75f5,133717.0,1.0,0.0,9.634,8,58696.0,0.0,196061.0,9608.0,0.6709999999999999,1284.0,9608.0,-1.0,9375.0,0.0,1129525.0,2244.0,1923385776.0,32.0,8.818,9.488999999999999,0.28,197347.0,False
300.0,53797da70b0cf5f28e45644f5fda249f.param,2.0,0.0,0.0,8.298,1923385776.0,5499821ea60340e34ab81b3cc9bd75f5,133717.0,1.0,0.0,9.64,8,58696.0,0.0,196061.0,9608.0,0.6729999999999999,1284.0,9608.0,-1.0,9375.0,0.0,1129525.0,2244.0,1923385776.0,32.0,8.796,9.469,0.28,197347.0,False
300.0,86d0a459cbac55d6b0ecb8de1373f318.param,0.0,0.0,0.0,42.707,34754393.0,6397d0783a7b6e8ce5a75e4a73dc9040,148926.0,1.0,0.0,6.4860000000000015,8,106466.0,0.0,1118815.0,4087.0,4.056,10998.0,4087.0,-1.0,8400.0,0.0,502749.0,21601.0,34754393.0,16.0,1.807,5.8629999999999995,0.63,1129815.0,False
300.0,86d0a459cbac55d6b0ecb8de1373f318.param,1.0,0.0,0.0,39.428000000000004,34754393.0,6397d0783a7b6e8ce5a75e4a73dc9040,148926.0,1.0,0.0,6.95,8,106466.0,0.0,1118815.0,4087.0,4.34,10998.0,4087.0,-1.0,8400.0,0.0,502749.0,21601.0,34754393.0,16.0,1.827,6.1670000000000025,0.63,1129815.0,False
300.0,86d0a459cbac55d6b0ecb8de1373f318.param,2.0,0.0,0.0,42.042,34754393.0,6397d0783a7b6e8ce5a75e4a73dc9040,148926.0,1.0,0.0,6.742999999999999,8,106466.0,0.0,1118815.0,4087.0,4.037,10998.0,4087.0,-1.0,8400.0,0.0,502749.0,21601.0,34754393.0,16.0,1.8969999999999998,5.934,0.63,1129815.0,False
300.0,2c863ef862f94f5be37b35a0e4c17156.param,0.0,0.0,0.0,38.214,1235388569.0,ae9e5c679dedba402475cca183317845,300905.0,1.0,0.0,28.849,8,158921.0,0.0,997253.0,10200.0,3.641,7004.0,10200.0,-1.0,17731.0,0.0,970924.0,13668.0,1235388569.0,36.0,24.456999999999997,28.09800000000001,0.42,1004259.0,False
300.0,2c863ef862f94f5be37b35a0e4c17156.param,1.0,0.0,0.0,37.555,1235388569.0,ae9e5c679dedba402475cca183317845,300905.0,1.0,0.0,28.458000000000002,8,158921.0,0.0,997253.0,10200.0,3.603,7004.0,10200.0,-1.0,17731.0,0.0,970924.0,13668.0,1235388569.0,36.0,24.21,27.813000000000002,0.42,1004259.0,False
300.0,2c863ef862f94f5be37b35a0e4c17156.param,2.0,0.0,0.0,36.739000000000004,1235388569.0,ae9e5c679dedba402475cca183317845,300905.0,1.0,0.0,28.331,8,158921.0,0.0,997253.0,10200.0,3.5780000000000003,7004.0,10200.0,-1.0,17731.0,0.0,970924.0,13668.0,1235388569.0,36.0,24.195,27.773000000000003,0.42,1004259.0,False
300.0,3a224236b6b589e9f8161cb41fb64421.param,0.0,0.0,0.0,31.511999999999997,2028359165.0,1f223a1bf5b39c613ba67f1561b640f0,246660.0,1.0,0.0,8.022,8,172120.0,0.0,915871.0,6395.0,3.3,6790.0,6395.0,-1.0,12656.0,0.0,862534.0,13257.0,2028359165.0,29.0,4.175,7.475,0.42,922663.0,False
300.0,3a224236b6b589e9f8161cb41fb64421.param,1.0,0.0,0.0,33.79,2028359165.0,1f223a1bf5b39c613ba67f1561b640f0,246660.0,1.0,0.0,7.737,8,172120.0,0.0,915871.0,6395.0,3.2460000000000004,6790.0,6395.0,-1.0,12656.0,0.0,862534.0,13257.0,2028359165.0,29.0,3.983,7.229,0.42,922663.0,False
300.0,3a224236b6b589e9f8161cb41fb64421.param,2.0,0.0,0.0,33.894,2028359165.0,1f223a1bf5b39c613ba67f1561b640f0,246660.0,1.0,0.0,7.7410000000000005,8,172120.0,0.0,915871.0,6395.0,3.2460000000000004,6790.0,6395.0,-1.0,12656.0,0.0,862534.0,13257.0,2028359165.0,29.0,3.963,7.209,0.42,922663.0,False
300.0,55b26376914ebad092e2e305df354383.param,0.0,0.0,0.0,21.875999999999998,1470727592.0,e88b3dc088acdd8006fd4f86af4b2842,130340.0,1.0,0.0,9.597000000000001,8,25302.0,0.0,576260.0,6354.0,2.03,4320.0,6354.0,-1.0,15143.0,0.0,673968.0,8349.0,1470727592.0,29.0,7.211,9.241,0.28,580582.0,False
300.0,55b26376914ebad092e2e305df354383.param,1.0,0.0,0.0,21.523000000000003,1470727592.0,e88b3dc088acdd8006fd4f86af4b2842,130340.0,1.0,0.0,9.832,8,25302.0,0.0,576260.0,6354.0,2.068,4320.0,6354.0,-1.0,15143.0,0.0,673968.0,8349.0,1470727592.0,29.0,7.4110000000000005,9.479,0.28,580582.0,False
300.0,55b26376914ebad092e2e305df354383.param,2.0,0.0,0.0,23.136,1470727592.0,e88b3dc088acdd8006fd4f86af4b2842,130340.0,1.0,0.0,9.869,8,25302.0,0.0,576260.0,6354.0,2.016,4320.0,6354.0,-1.0,15143.0,0.0,673968.0,8349.0,1470727592.0,29.0,7.397,9.413,0.28,580582.0,False
300.0,f3f514a91e7728b0df10399e56f94206.param,0.0,0.0,0.0,18.007,590654055.0,237d4e1ebdc43c188bb4a89f42d25fbd,484374.0,1.0,0.0,27.081,8,343303.0,0.0,412774.0,9763.0,1.4340000000000002,2964.0,9763.0,-1.0,18690.0,0.0,1132844.0,5576.0,590654055.0,33.0,25.303,26.737,0.42,415740.0,False
300.0,f3f514a91e7728b0df10399e56f94206.param,1.0,0.0,0.0,16.96,590654055.0,237d4e1ebdc43c188bb4a89f42d25fbd,484374.0,1.0,0.0,26.748,8,343303.0,0.0,412774.0,9763.0,1.42,2964.0,9763.0,-1.0,18690.0,0.0,1132844.0,5576.0,590654055.0,33.0,25.079,26.499000000000002,0.42,415740.0,False
300.0,f3f514a91e7728b0df10399e56f94206.param,2.0,0.0,0.0,17.347,590654055.0,237d4e1ebdc43c188bb4a89f42d25fbd,484374.0,1.0,0.0,27.39,8,343303.0,0.0,412774.0,9763.0,1.485,2964.0,9763.0,-1.0,18690.0,0.0,1132844.0,5576.0,590654055.0,33.0,25.568,27.053,0.42,415740.0,False
300.0,f09afe8bb1fa94a49596406bf88166c9.param,0.0,0.0,0.0,41.931999999999995,1918631718.0,d479f78e81730b161d866650547ef992,364582.0,1.0,0.0,14.06,8,254902.0,0.0,1121719.0,6354.0,4.276,8510.0,6354.0,-1.0,14455.0,0.0,918073.0,16641.0,1918631718.0,29.0,9.156,13.432,0.42,1130231.0,False
300.0,f09afe8bb1fa94a49596406bf88166c9.param,1.0,0.0,0.0,40.478,1918631718.0,d479f78e81730b161d866650547ef992,364582.0,1.0,0.0,13.616,8,254902.0,0.0,1121719.0,6354.0,4.018,8510.0,6354.0,-1.0,14455.0,0.0,918073.0,16641.0,1918631718.0,29.0,8.988,13.005999999999998,0.42,1130231.0,False
300.0,f09afe8bb1fa94a49596406bf88166c9.param,2.0,0.0,0.0,43.14,1918631718.0,d479f78e81730b161d866650547ef992,364582.0,1.0,0.0,13.786,8,254902.0,0.0,1121719.0,6354.0,4.045,8510.0,6354.0,-1.0,14455.0,0.0,918073.0,16641.0,1918631718.0,29.0,9.096,13.140999999999998,0.42,1130231.0,False
300.0,ceb1794b37ee7a46798c6a75e6be96ab.param,0.0,0.0,0.0,16.482,590654055.0,0f1a7fe72758a830f6eaa4f495a9d773,533777.0,1.0,0.0,41.662,8,363542.0,0.0,401133.0,10331.0,1.431,2706.0,10331.0,-1.0,20899.0,0.0,1295793.0,5035.0,590654055.0,37.0,39.9,41.331,0.63,403841.0,False
300.0,ceb1794b37ee7a46798c6a75e6be96ab.param,1.0,0.0,0.0,15.12,590654055.0,0f1a7fe72758a830f6eaa4f495a9d773,533777.0,1.0,0.0,40.935,8,363542.0,0.0,401133.0,10331.0,1.3940000000000001,2706.0,10331.0,-1.0,20899.0,0.0,1295793.0,5035.0,590654055.0,37.0,39.29,40.684,0.63,403841.0,False
300.0,ceb1794b37ee7a46798c6a75e6be96ab.param,2.0,0.0,0.0,14.958,590654055.0,0f1a7fe72758a830f6eaa4f495a9d773,533777.0,1.0,0.0,41.331,8,363542.0,0.0,401133.0,10331.0,1.406,2706.0,10331.0,-1.0,20899.0,0.0,1295793.0,5035.0,590654055.0,37.0,39.603,41.00899999999999,0.63,403841.0,False
300.0,7c50c2c12e2aac2541da57a3aad7ca55.param,0.0,0.0,0.0,61.45,182366586.0,692147dfb059166fa7239affe2291141,343235.0,1.0,0.0,29.511,8,186178.0,0.0,1730748.0,10244.0,6.397,12152.0,10244.0,-1.0,19980.0,0.0,1023786.0,23951.0,182366586.0,36.0,21.831999999999997,28.229,0.63,1742902.0,False
300.0,7c50c2c12e2aac2541da57a3aad7ca55.param,1.0,0.0,0.0,61.513999999999996,182366586.0,692147dfb059166fa7239affe2291141,343235.0,1.0,0.0,28.581,8,186178.0,0.0,1730748.0,10244.0,6.254,12152.0,10244.0,-1.0,19980.0,0.0,1023786.0,23951.0,182366586.0,36.0,21.413,27.666999999999998,0.63,1742902.0,False
300.0,7c50c2c12e2aac2541da57a3aad7ca55.param,2.0,0.0,0.0,64.798,182366586.0,692147dfb059166fa7239affe2291141,343235.0,1.0,0.0,29.04300000000001,8,186178.0,0.0,1730748.0,10244.0,6.294,12152.0,10244.0,-1.0,19980.0,0.0,1023786.0,23951.0,182366586.0,36.0,21.799,28.093000000000004,0.63,1742902.0,False
300.0,9fea3b5fddf357019f10d5f61fc8a74b.param,0.0,0.0,0.0,33.702,693280077.0,b2b2995c0a48282d84b2ac99b43bcd96,49254.0,1.0,0.0,6.3770000000000024,8,9775.0,0.0,924509.0,4172.0,3.33,8820.0,4172.0,-1.0,7989.0,0.0,422320.0,17324.0,693280077.0,17.0,2.509,5.8389999999999995,0.42,933331.0,False
300.0,9fea3b5fddf357019f10d5f61fc8a74b.param,1.0,0.0,0.0,32.989000000000004,693280077.0,b2b2995c0a48282d84b2ac99b43bcd96,49254.0,1.0,0.0,6.638999999999999,8,9775.0,0.0,924509.0,4172.0,3.4789999999999996,8820.0,4172.0,-1.0,7989.0,0.0,422320.0,17324.0,693280077.0,17.0,2.6289999999999996,6.108,0.42,933331.0,False
300.0,9fea3b5fddf357019f10d5f61fc8a74b.param,2.0,0.0,0.0,34.023,693280077.0,b2b2995c0a48282d84b2ac99b43bcd96,49254.0,1.0,0.0,6.651,8,9775.0,0.0,924509.0,4172.0,3.431,8820.0,4172.0,-1.0,7989.0,0.0,422320.0,17324.0,693280077.0,17.0,2.557,5.9879999999999995,0.42,933331.0,False
300.0,5f169f8946c848c062a4dd468eb064c1.param,0.0,0.0,0.0,64.013,2136253402.0,c75ddf604645fb5bde4e663143bbcf4a,505552.0,1.0,0.0,27.616999999999997,8,308259.0,0.0,1783636.0,11800.0,6.431,11440.0,11800.0,-1.0,18771.0,0.0,1348568.0,22501.0,2136253402.0,44.0,19.89,26.320999999999998,0.63,1795078.0,False
300.0,5f169f8946c848c062a4dd468eb064c1.param,1.0,0.0,0.0,65.923,2136253402.0,c75ddf604645fb5bde4e663143bbcf4a,505552.0,1.0,0.0,27.275,8,308259.0,0.0,1783636.0,11800.0,6.5120000000000005,11440.0,11800.0,-1.0,18771.0,0.0,1348568.0,22501.0,2136253402.0,44.0,19.8,26.311999999999998,0.63,1795078.0,False
300.0,5f169f8946c848c062a4dd468eb064c1.param,2.0,0.0,0.0,67.079,2136253402.0,c75ddf604645fb5bde4e663143bbcf4a,505552.0,1.0,0.0,27.134,8,308259.0,0.0,1783636.0,11800.0,6.4639999999999995,11440.0,11800.0,-1.0,18771.0,0.0,1348568.0,22501.0,2136253402.0,44.0,19.692999999999998,26.156999999999996,0.63,1795078.0,False
300.0,971e5d247ffd98140d5d9199460cd7b4.param,0.0,0.0,0.0,27.416999999999998,1257636424.0,4ec1da8b28806a7b13a7819d902f5739,494223.0,1.0,0.0,16.812,8,357674.0,0.0,743336.0,9763.0,2.693,5336.0,9763.0,-1.0,16399.0,0.0,1068080.0,10304.0,1257636424.0,33.0,13.700999999999999,16.394000000000002,0.42,748674.0,False
300.0,971e5d247ffd98140d5d9199460cd7b4.param,1.0,0.0,0.0,29.180999999999997,1257636424.0,4ec1da8b28806a7b13a7819d902f5739,494223.0,1.0,0.0,16.699,8,357674.0,0.0,743336.0,9763.0,2.745,5336.0,9763.0,-1.0,16399.0,0.0,1068080.0,10304.0,1257636424.0,33.0,13.515999999999998,16.261,0.42,748674.0,False
300.0,971e5d247ffd98140d5d9199460cd7b4.param,2.0,0.0,0.0,27.04,1257636424.0,4ec1da8b28806a7b13a7819d902f5739,494223.0,1.0,0.0,16.491,8,357674.0,0.0,743336.0,9763.0,2.653,5336.0,9763.0,-1.0,16399.0,0.0,1068080.0,10304.0,1257636424.0,33.0,13.419,16.072,0.42,748674.0,False
300.0,d77b1e8e85636e2a8e697f0467151b32.param,0.0,0.0,0.0,9.482999999999999,590654055.0,b12f31a29a9a27605c6f8acf26be1cdb,198783.0,1.0,0.0,7.985,8,126323.0,0.0,217667.0,5768.0,0.745,1500.0,5768.0,-1.0,13898.0,0.0,976465.0,2622.0,590654055.0,25.0,7.0889999999999995,7.834,0.42,219169.0,False
300.0,d77b1e8e85636e2a8e697f0467151b32.param,1.0,0.0,0.0,9.507,590654055.0,b12f31a29a9a27605c6f8acf26be1cdb,198783.0,1.0,0.0,7.995,8,126323.0,0.0,217667.0,5768.0,0.747,1500.0,5768.0,-1.0,13898.0,0.0,976465.0,2622.0,590654055.0,25.0,7.096,7.843,0.42,219169.0,False
300.0,d77b1e8e85636e2a8e697f0467151b32.param,2.0,0.0,0.0,8.918,590654055.0,b12f31a29a9a27605c6f8acf26be1cdb,198783.0,1.0,0.0,7.816,8,126323.0,0.0,217667.0,5768.0,0.752,1500.0,5768.0,-1.0,13898.0,0.0,976465.0,2622.0,590654055.0,25.0,6.912999999999999,7.665,0.42,219169.0,False
300.0,accc739b7443ee6f6c986b29106d30b2.param,0.0,0.0,0.0,59.717,1057470620.0,d1b52473fdba428862ddd7a744b982b3,353350.0,1.0,0.0,28.64,8,196344.0,0.0,1697169.0,11294.0,6.175,11100.0,11294.0,-1.0,17128.0,0.0,1323135.0,21820.0,1057470620.0,40.0,21.219,27.394000000000002,0.63,1708271.0,False
300.0,accc739b7443ee6f6c986b29106d30b2.param,1.0,0.0,0.0,61.541000000000004,1057470620.0,d1b52473fdba428862ddd7a744b982b3,353350.0,1.0,0.0,28.24,8,196344.0,0.0,1697169.0,11294.0,6.18,11100.0,11294.0,-1.0,17128.0,0.0,1323135.0,21820.0,1057470620.0,40.0,21.083000000000002,27.263,0.63,1708271.0,False
300.0,accc739b7443ee6f6c986b29106d30b2.param,2.0,0.0,0.0,59.001999999999995,1057470620.0,d1b52473fdba428862ddd7a744b982b3,353350.0,1.0,0.0,27.863000000000003,8,196344.0,0.0,1697169.0,11294.0,6.148,11100.0,11294.0,-1.0,17128.0,0.0,1323135.0,21820.0,1057470620.0,40.0,20.776,26.924,0.63,1708271.0,False
300.0,3516b948e6368c1e04e766cb3dbf658f.param,0.0,0.0,0.0,79.766,1235388569.0,3c60bb54250579a47915115598102339,194386.0,1.0,0.0,20.391,8,89687.0,0.0,2349199.0,10246.0,8.585,16320.0,10246.0,-1.0,11145.0,0.0,972519.0,32270.0,1235388569.0,36.0,10.554,19.139,0.94,2365521.0,False
300.0,3516b948e6368c1e04e766cb3dbf658f.param,1.0,0.0,0.0,84.31,1235388569.0,3c60bb54250579a47915115598102339,194386.0,1.0,0.0,20.32,8,89687.0,0.0,2349199.0,10246.0,8.47,16320.0,10246.0,-1.0,11145.0,0.0,972519.0,32270.0,1235388569.0,36.0,10.579,19.049,0.94,2365521.0,False
300.0,3516b948e6368c1e04e766cb3dbf658f.param,2.0,0.0,0.0,85.985,1235388569.0,3c60bb54250579a47915115598102339,194386.0,1.0,0.0,20.361,8,89687.0,0.0,2349199.0,10246.0,8.577,16320.0,10246.0,-1.0,11145.0,0.0,972519.0,32270.0,1235388569.0,36.0,10.502,19.079,0.94,2365521.0,False
300.0,c73e9bafac569591c4ea47d45cfac20c.param,0.0,0.0,0.0,24.322,1918631718.0,9f3dc6d3908299d31bb8910d9a779934,509898.0,1.0,0.0,29.927,8,335600.0,0.0,686103.0,10336.0,2.44,4674.0,10336.0,-1.0,21422.0,0.0,1168137.0,8963.0,1918631718.0,37.0,26.956,29.396,0.42,690779.0,False
300.0,c73e9bafac569591c4ea47d45cfac20c.param,1.0,0.0,0.0,27.066999999999997,1918631718.0,9f3dc6d3908299d31bb8910d9a779934,509898.0,1.0,0.0,29.74,8,335600.0,0.0,686103.0,10336.0,2.445,4674.0,10336.0,-1.0,21422.0,0.0,1168137.0,8963.0,1918631718.0,37.0,26.895,29.34,0.42,690779.0,False
300.0,c73e9bafac569591c4ea47d45cfac20c.param,2.0,0.0,0.0,27.564,1918631718.0,9f3dc6d3908299d31bb8910d9a779934,509898.0,1.0,0.0,29.919,8,335600.0,0.0,686103.0,10336.0,2.6689999999999996,4674.0,10336.0,-1.0,21422.0,0.0,1168137.0,8963.0,1918631718.0,37.0,26.835,29.504,0.42,690779.0,False
300.0,c7380516182e520bfda807e4d9ed529d.param,0.0,0.0,0.0,10.054,1057470620.0,16101721aa6990d21406aa44b87c7474,355677.0,1.0,0.0,16.241,8,254448.0,0.0,226943.0,9791.0,0.7859999999999999,1548.0,9791.0,-1.0,13741.0,0.0,1096084.0,2706.0,1057470620.0,33.0,15.297,16.083,0.42,228493.0,False
300.0,c7380516182e520bfda807e4d9ed529d.param,1.0,0.0,0.0,9.654,1057470620.0,16101721aa6990d21406aa44b87c7474,355677.0,1.0,0.0,16.299,8,254448.0,0.0,226943.0,9791.0,0.7859999999999999,1548.0,9791.0,-1.0,13741.0,0.0,1096084.0,2706.0,1057470620.0,33.0,15.343,16.129,0.42,228493.0,False
300.0,c7380516182e520bfda807e4d9ed529d.param,2.0,0.0,0.0,9.336,1057470620.0,16101721aa6990d21406aa44b87c7474,355677.0,1.0,0.0,16.227999999999998,8,254448.0,0.0,226943.0,9791.0,0.7659999999999999,1548.0,9791.0,-1.0,13741.0,0.0,1096084.0,2706.0,1057470620.0,33.0,15.259,16.025,0.42,228493.0,False
300.0,bb83bd2588db308f9da59945e9f53761.param,0.0,0.0,0.0,31.44,823094821.0,9f0bd0186f6f2fc40c4c525a485ebb68,139093.0,1.0,0.0,8.243,8,69038.0,0.0,867143.0,5778.0,3.138,6970.0,5778.0,-1.0,11582.0,0.0,615573.0,13647.0,823094821.0,25.0,4.5969999999999995,7.735,0.42,874115.0,False
300.0,bb83bd2588db308f9da59945e9f53761.param,1.0,0.0,0.0,31.139,823094821.0,9f0bd0186f6f2fc40c4c525a485ebb68,139093.0,1.0,0.0,8.186,8,69038.0,0.0,867143.0,5778.0,3.142,6970.0,5778.0,-1.0,11582.0,0.0,615573.0,13647.0,823094821.0,25.0,4.553,7.695,0.42,874115.0,False
300.0,bb83bd2588db308f9da59945e9f53761.param,2.0,0.0,0.0,32.704,823094821.0,9f0bd0186f6f2fc40c4c525a485ebb68,139093.0,1.0,0.0,8.335,8,69038.0,0.0,867143.0,5778.0,3.165,6970.0,5778.0,-1.0,11582.0,0.0,615573.0,13647.0,823094821.0,25.0,4.635,7.8,0.42,874115.0,False
300.0,e132556b0d38151640e92d05691dbdbe.param,0.0,0.0,0.0,66.374,1918631718.0,191f75206f6edf28f9b3646437e9890e,640796.0,1.0,0.0,66.703,8,377268.0,0.0,1819157.0,10288.0,6.761,12648.0,10288.0,-1.0,29616.0,0.0,1250475.0,24876.0,1918631718.0,36.0,58.81399999999999,65.575,0.63,1831807.0,False
300.0,e132556b0d38151640e92d05691dbdbe.param,1.0,0.0,0.0,63.763999999999996,1918631718.0,191f75206f6edf28f9b3646437e9890e,640796.0,1.0,0.0,66.694,8,377268.0,0.0,1819157.0,10288.0,6.766,12648.0,10288.0,-1.0,29616.0,0.0,1250475.0,24876.0,1918631718.0,36.0,58.67100000000001,65.437,0.63,1831807.0,False
300.0,e132556b0d38151640e92d05691dbdbe.param,2.0,0.0,0.0,64.018,1918631718.0,191f75206f6edf28f9b3646437e9890e,640796.0,1.0,0.0,66.176,8,377268.0,0.0,1819157.0,10288.0,6.651,12648.0,10288.0,-1.0,29616.0,0.0,1250475.0,24876.0,1918631718.0,36.0,58.482,65.133,0.63,1831807.0,False
300.0,61f5f3058b749cd913e33ba1bf9fcead.param,0.0,0.0,0.0,5.066,693280077.0,cabf508d0620f97473dacb46e6b74a76,48909.0,1.0,0.0,4.303999999999999,8,25855.0,0.0,115030.0,4661.0,0.392,928.0,4661.0,-1.0,4826.0,0.0,549399.0,1507.0,693280077.0,20.0,3.8160000000000003,4.208,0.19,115960.0,False
300.0,61f5f3058b749cd913e33ba1bf9fcead.param,1.0,0.0,0.0,5.263,693280077.0,cabf508d0620f97473dacb46e6b74a76,48909.0,1.0,0.0,4.351,8,25855.0,0.0,115030.0,4661.0,0.392,928.0,4661.0,-1.0,4826.0,0.0,549399.0,1507.0,693280077.0,20.0,3.835,4.227,0.19,115960.0,False
300.0,61f5f3058b749cd913e33ba1bf9fcead.param,2.0,0.0,0.0,5.024,693280077.0,cabf508d0620f97473dacb46e6b74a76,48909.0,1.0,0.0,4.244,8,25855.0,0.0,115030.0,4661.0,0.401,928.0,4661.0,-1.0,4826.0,0.0,549399.0,1507.0,693280077.0,20.0,3.7430000000000003,4.144,0.19,115960.0,False
300.0,36fc98d1195ddc35e5ef9eb80f9a3178.param,0.0,0.0,0.0,11.714,270657042.0,b67b09e5000c768a8334549ebc40ddbd,55304.0,1.0,0.0,4.956,8,13824.0,0.0,273115.0,4696.0,1.005,2464.0,4696.0,-1.0,7666.0,0.0,371390.0,4684.0,270657042.0,20.0,3.758,4.763,0.19,275581.0,False
300.0,36fc98d1195ddc35e5ef9eb80f9a3178.param,1.0,0.0,0.0,11.197000000000001,270657042.0,b67b09e5000c768a8334549ebc40ddbd,55304.0,1.0,0.0,4.801,8,13824.0,0.0,273115.0,4696.0,0.976,2464.0,4696.0,-1.0,7666.0,0.0,371390.0,4684.0,270657042.0,20.0,3.641,4.617,0.19,275581.0,False
300.0,36fc98d1195ddc35e5ef9eb80f9a3178.param,2.0,0.0,0.0,10.215,270657042.0,b67b09e5000c768a8334549ebc40ddbd,55304.0,1.0,0.0,4.792,8,13824.0,0.0,273115.0,4696.0,0.941,2464.0,4696.0,-1.0,7666.0,0.0,371390.0,4684.0,270657042.0,20.0,3.677,4.618,0.19,275581.0,False
300.0,97b29b11b39e49b80f3ff828f7a4f470.param,0.0,0.0,0.0,23.115,372553220.0,d5931197e34b8c10474d1b9bc3f587c4,237703.0,1.0,0.0,8.74,8,160562.0,0.0,571223.0,5775.0,2.025,4650.0,5775.0,-1.0,11202.0,0.0,602479.0,8999.0,372553220.0,25.0,6.369,8.394,0.28,575875.0,False
300.0,97b29b11b39e49b80f3ff828f7a4f470.param,1.0,0.0,0.0,21.896,372553220.0,d5931197e34b8c10474d1b9bc3f587c4,237703.0,1.0,0.0,9.097999999999999,8,160562.0,0.0,571223.0,5775.0,2.063,4650.0,5775.0,-1.0,11202.0,0.0,602479.0,8999.0,372553220.0,25.0,6.604,8.667,0.28,575875.0,False
300.0,97b29b11b39e49b80f3ff828f7a4f470.param,2.0,0.0,0.0,22.264,372553220.0,d5931197e34b8c10474d1b9bc3f587c4,237703.0,1.0,0.0,8.66,8,160562.0,0.0,571223.0,5775.0,1.9969999999999999,4650.0,5775.0,-1.0,11202.0,0.0,602479.0,8999.0,372553220.0,25.0,6.331,8.328,0.28,575875.0,False
300.0,056d65a7bb6760a4c29fabc08869fd2b.param,0.0,0.0,0.0,89.76700000000002,160742207.0,e80ec872cc6e7a37cc07c0a64086aff8,305459.0,1.0,0.0,29.13,8,140693.0,0.0,2448133.0,10332.0,8.918,16660.0,10332.0,-1.0,16885.0,0.0,1069337.0,32944.0,160742207.0,37.0,18.945,27.863000000000003,0.94,2464795.0,False
300.0,056d65a7bb6760a4c29fabc08869fd2b.param,1.0,0.0,0.0,86.083,160742207.0,e80ec872cc6e7a37cc07c0a64086aff8,305459.0,1.0,0.0,29.384,8,140693.0,0.0,2448133.0,10332.0,8.927,16660.0,10332.0,-1.0,16885.0,0.0,1069337.0,32944.0,160742207.0,37.0,19.097,28.024,0.94,2464795.0,False
300.0,056d65a7bb6760a4c29fabc08869fd2b.param,2.0,0.0,0.0,84.587,160742207.0,e80ec872cc6e7a37cc07c0a64086aff8,305459.0,1.0,0.0,30.017,8,140693.0,0.0,2448133.0,10332.0,9.222000000000001,16660.0,10332.0,-1.0,16885.0,0.0,1069337.0,32944.0,160742207.0,37.0,19.33,28.552,0.94,2464795.0,False
300.0,d6dbb131b6c4096427e3cdbc24174d58.param,0.0,0.0,0.0,13.69,254168822.0,49dc193d571a24c1bc823dd02d6fc611,125043.0,1.0,0.0,10.285,8,33699.0,0.0,344233.0,10200.0,1.18,2444.0,10200.0,-1.0,11566.0,0.0,813008.0,4596.0,254168822.0,36.0,8.821,10.001,0.28,346679.0,False
300.0,d6dbb131b6c4096427e3cdbc24174d58.param,1.0,0.0,0.0,13.968,254168822.0,49dc193d571a24c1bc823dd02d6fc611,125043.0,1.0,0.0,10.094,8,33699.0,0.0,344233.0,10200.0,1.183,2444.0,10200.0,-1.0,11566.0,0.0,813008.0,4596.0,254168822.0,36.0,8.693,9.876,0.28,346679.0,False
300.0,d6dbb131b6c4096427e3cdbc24174d58.param,2.0,0.0,0.0,14.105,254168822.0,49dc193d571a24c1bc823dd02d6fc611,125043.0,1.0,0.0,10.228,8,33699.0,0.0,344233.0,10200.0,1.2109999999999999,2444.0,10200.0,-1.0,11566.0,0.0,813008.0,4596.0,254168822.0,36.0,8.81,10.021,0.28,346679.0,False
300.0,92f07d9616904178c202cd6d7e0ae97d.param,0.0,0.0,0.0,24.63300000000001,1098776393.0,6489a3afc446735805a4f26fe816b634,116367.0,1.0,0.0,13.190999999999999,8,28555.0,0.0,674140.0,10200.0,2.373,4784.0,10200.0,-1.0,10716.0,0.0,817817.0,9269.0,1098776393.0,36.0,10.414000000000001,12.787,0.28,678926.0,False
300.0,92f07d9616904178c202cd6d7e0ae97d.param,1.0,0.0,0.0,25.664,1098776393.0,6489a3afc446735805a4f26fe816b634,116367.0,1.0,0.0,13.289000000000001,8,28555.0,0.0,674140.0,10200.0,2.385,4784.0,10200.0,-1.0,10716.0,0.0,817817.0,9269.0,1098776393.0,36.0,10.509,12.894,0.28,678926.0,False
300.0,92f07d9616904178c202cd6d7e0ae97d.param,2.0,0.0,0.0,26.963,1098776393.0,6489a3afc446735805a4f26fe816b634,116367.0,1.0,0.0,13.213,8,28555.0,0.0,674140.0,10200.0,2.406,4784.0,10200.0,-1.0,10716.0,0.0,817817.0,9269.0,1098776393.0,36.0,10.43,12.835999999999999,0.28,678926.0,False
300.0,2cf01039b19cea84eef8c942aea32605.param,0.0,0.0,0.0,62.153,1057470620.0,d501a4f4ba0813874f4f26c34ad05a76,1006183.0,1.0,0.0,53.25100000000001,8,781656.0,0.0,1798091.0,11246.0,6.78,12000.0,11246.0,-1.0,24654.0,0.0,1414679.0,23580.0,1057470620.0,40.0,45.295,52.075,0.63,1810093.0,False
300.0,2cf01039b19cea84eef8c942aea32605.param,1.0,0.0,0.0,66.06,1057470620.0,d501a4f4ba0813874f4f26c34ad05a76,1006183.0,1.0,0.0,53.00100000000001,8,781656.0,0.0,1798091.0,11246.0,6.585,12000.0,11246.0,-1.0,24654.0,0.0,1414679.0,23580.0,1057470620.0,40.0,45.13399999999999,51.718999999999994,0.63,1810093.0,False
300.0,2cf01039b19cea84eef8c942aea32605.param,2.0,0.0,0.0,66.153,1057470620.0,d501a4f4ba0813874f4f26c34ad05a76,1006183.0,1.0,0.0,52.935,8,781656.0,0.0,1798091.0,11246.0,6.683,12000.0,11246.0,-1.0,24654.0,0.0,1414679.0,23580.0,1057470620.0,40.0,45.132,51.815,0.63,1810093.0,False
300.0,ea9e2588afe4504c0be19561db25ccfd.param,0.0,0.0,0.0,33.735,2050821110.0,44a151b2cdcf18b0a0cb43f99897f11f,114499.0,1.0,0.0,7.7479999999999976,8,54364.0,0.0,845291.0,5635.0,3.063,7140.0,5635.0,-1.0,8887.0,0.0,582531.0,13986.0,2050821110.0,24.0,4.188,7.251,0.42,852433.0,False
300.0,ea9e2588afe4504c0be19561db25ccfd.param,1.0,0.0,0.0,32.138000000000005,2050821110.0,44a151b2cdcf18b0a0cb43f99897f11f,114499.0,1.0,0.0,7.9170000000000025,8,54364.0,0.0,845291.0,5635.0,3.02,7140.0,5635.0,-1.0,8887.0,0.0,582531.0,13986.0,2050821110.0,24.0,4.261,7.2810000000000015,0.42,852433.0,False
300.0,ea9e2588afe4504c0be19561db25ccfd.param,2.0,0.0,0.0,33.031,2050821110.0,44a151b2cdcf18b0a0cb43f99897f11f,114499.0,1.0,0.0,7.706,8,54364.0,0.0,845291.0,5635.0,3.093,7140.0,5635.0,-1.0,8887.0,0.0,582531.0,13986.0,2050821110.0,24.0,4.136,7.229,0.42,852433.0,False
300.0,8dbc47c71dc08cbc8ffa4bf3b92aa057.param,0.0,0.0,0.0,18.343,1571287961.0,5257cfe774624bf50e0c7ed3c4acff82,166221.0,1.0,0.0,4.412,8,121706.0,0.0,448268.0,4664.0,1.5830000000000002,4104.0,4664.0,-1.0,9244.0,0.0,554313.0,7868.0,1571287961.0,20.0,2.562,4.145,0.28,452374.0,False
300.0,8dbc47c71dc08cbc8ffa4bf3b92aa057.param,1.0,0.0,0.0,18.75,1571287961.0,5257cfe774624bf50e0c7ed3c4acff82,166221.0,1.0,0.0,4.64,8,121706.0,0.0,448268.0,4664.0,1.625,4104.0,4664.0,-1.0,9244.0,0.0,554313.0,7868.0,1571287961.0,20.0,2.647,4.272,0.28,452374.0,False
300.0,8dbc47c71dc08cbc8ffa4bf3b92aa057.param,2.0,0.0,0.0,19.024,1571287961.0,5257cfe774624bf50e0c7ed3c4acff82,166221.0,1.0,0.0,4.437,8,121706.0,0.0,448268.0,4664.0,1.584,4104.0,4664.0,-1.0,9244.0,0.0,554313.0,7868.0,1571287961.0,20.0,2.562,4.146,0.28,452374.0,False
300.0,a78197c32b5c06c92ee4f6e438ee3962.param,0.0,0.0,0.0,65.555,506016928.0,a844af41b890ca6fb5a98c7100e8d52c,101257.0,1.0,0.0,12.0,8,33384.0,0.0,1764838.0,6355.0,6.441,13376.0,6355.0,-1.0,9037.0,0.0,734379.0,26415.0,506016928.0,29.0,4.27,10.710999999999999,0.63,1778216.0,False
300.0,a78197c32b5c06c92ee4f6e438ee3962.param,1.0,0.0,0.0,62.967,506016928.0,a844af41b890ca6fb5a98c7100e8d52c,101257.0,1.0,0.0,12.091,8,33384.0,0.0,1764838.0,6355.0,6.602,13376.0,6355.0,-1.0,9037.0,0.0,734379.0,26415.0,506016928.0,29.0,4.29,10.892000000000001,0.63,1778216.0,False
300.0,a78197c32b5c06c92ee4f6e438ee3962.param,2.0,0.0,0.0,64.891,506016928.0,a844af41b890ca6fb5a98c7100e8d52c,101257.0,1.0,0.0,11.821,8,33384.0,0.0,1764838.0,6355.0,6.444,13376.0,6355.0,-1.0,9037.0,0.0,734379.0,26415.0,506016928.0,29.0,4.205,10.649000000000001,0.63,1778216.0,False
300.0,ba4c3b35debdf0cbd1cf9beea46e68ac.param,0.0,0.0,0.0,13.772,1083416308.0,74413123fa3dcfd5e3745567d4b8e563,388096.0,1.0,0.0,7.7360000000000015,8,291271.0,0.0,350138.0,6238.0,1.252,2816.0,6238.0,-1.0,13848.0,0.0,664328.0,5355.0,1083416308.0,28.0,6.249,7.501,0.28,352956.0,False
300.0,ba4c3b35debdf0cbd1cf9beea46e68ac.param,1.0,0.0,0.0,14.712,1083416308.0,74413123fa3dcfd5e3745567d4b8e563,388096.0,1.0,0.0,7.725,8,291271.0,0.0,350138.0,6238.0,1.217,2816.0,6238.0,-1.0,13848.0,0.0,664328.0,5355.0,1083416308.0,28.0,6.2570000000000014,7.474,0.28,352956.0,False
300.0,ba4c3b35debdf0cbd1cf9beea46e68ac.param,2.0,0.0,0.0,14.314,1083416308.0,74413123fa3dcfd5e3745567d4b8e563,388096.0,1.0,0.0,7.681,8,291271.0,0.0,350138.0,6238.0,1.212,2816.0,6238.0,-1.0,13848.0,0.0,664328.0,5355.0,1083416308.0,28.0,6.269,7.481,0.28,352956.0,False
300.0,9a031fb141138ee9bc8fad2cc059ee0e.param,0.0,0.0,0.0,15.675999999999998,95956545.0,9ec80d8dbf531307dc499f37133e63a9,327436.0,1.0,0.0,11.257,8,220366.0,0.0,396383.0,6395.0,1.369,2940.0,6395.0,-1.0,14612.0,0.0,765395.0,5574.0,95956545.0,29.0,9.606,10.975,0.28,399325.0,False
300.0,9a031fb141138ee9bc8fad2cc059ee0e.param,1.0,0.0,0.0,16.855,95956545.0,9ec80d8dbf531307dc499f37133e63a9,327436.0,1.0,0.0,11.347000000000001,8,220366.0,0.0,396383.0,6395.0,1.385,2940.0,6395.0,-1.0,14612.0,0.0,765395.0,5574.0,95956545.0,29.0,9.712,11.097000000000001,0.28,399325.0,False
300.0,9a031fb141138ee9bc8fad2cc059ee0e.param,2.0,0.0,0.0,15.989,95956545.0,9ec80d8dbf531307dc499f37133e63a9,327436.0,1.0,0.0,11.370999999999999,8,220366.0,0.0,396383.0,6395.0,1.4480000000000002,2940.0,6395.0,-1.0,14612.0,0.0,765395.0,5574.0,95956545.0,29.0,9.634,11.082,0.28,399325.0,False
300.0,21ba7bf1bed51e1d4137a5d2b4095413.param,0.0,0.0,0.0,40.289,753387864.0,07e127d7a3ebf4869e2de1ecf767e0af,69476.0,1.0,0.0,8.33,8,26067.0,0.0,1129933.0,4726.0,4.311,10050.0,4726.0,-1.0,7305.0,0.0,446413.0,19811.0,753387864.0,21.0,3.198,7.508999999999999,0.63,1139985.0,False
300.0,21ba7bf1bed51e1d4137a5d2b4095413.param,1.0,0.0,0.0,43.646,753387864.0,07e127d7a3ebf4869e2de1ecf767e0af,69476.0,1.0,0.0,8.355,8,26067.0,0.0,1129933.0,4726.0,4.438,10050.0,4726.0,-1.0,7305.0,0.0,446413.0,19811.0,753387864.0,21.0,3.267,7.705,0.63,1139985.0,False
300.0,21ba7bf1bed51e1d4137a5d2b4095413.param,2.0,0.0,0.0,40.235,753387864.0,07e127d7a3ebf4869e2de1ecf767e0af,69476.0,1.0,0.0,7.817,8,26067.0,0.0,1129933.0,4726.0,4.052,10050.0,4726.0,-1.0,7305.0,0.0,446413.0,19811.0,753387864.0,21.0,3.0989999999999998,7.151,0.63,1139985.0,False
300.0,73a51090daaf16aa8d614ff285bfb6e4.param,0.0,0.0,0.0,65.998,221638566.0,3a57f79ccbabcf8bcc4aa5221ab40c71,420948.0,1.0,0.0,25.665,8,236269.0,0.0,1827053.0,6385.0,6.702999999999999,14022.0,6385.0,-1.0,24322.0,0.0,924548.0,27621.0,221638566.0,29.0,17.973,24.676,0.94,1841077.0,False
300.0,73a51090daaf16aa8d614ff285bfb6e4.param,1.0,0.0,0.0,64.812,221638566.0,3a57f79ccbabcf8bcc4aa5221ab40c71,420948.0,1.0,0.0,25.516,8,236269.0,0.0,1827053.0,6385.0,6.638,14022.0,6385.0,-1.0,24322.0,0.0,924548.0,27621.0,221638566.0,29.0,17.89,24.528000000000002,0.94,1841077.0,False
300.0,73a51090daaf16aa8d614ff285bfb6e4.param,2.0,0.0,0.0,63.19,221638566.0,3a57f79ccbabcf8bcc4aa5221ab40c71,420948.0,1.0,0.0,26.07800000000001,8,236269.0,0.0,1827053.0,6385.0,6.664,14022.0,6385.0,-1.0,24322.0,0.0,924548.0,27621.0,221638566.0,29.0,18.053,24.717,0.94,1841077.0,False
300.0,ffb2d731edec22edde6bc403f6c68136.param,0.0,0.0,0.0,27.505,1470727592.0,bf5a64a4432ef3d6cc6f70143f0ac2aa,151885.0,1.0,0.0,5.8260000000000005,8,111462.0,0.0,786675.0,5663.0,2.821,6560.0,5663.0,-1.0,6743.0,0.0,570405.0,12842.0,1470727592.0,24.0,2.543,5.364,0.42,793237.0,False
300.0,ffb2d731edec22edde6bc403f6c68136.param,1.0,0.0,0.0,30.298000000000002,1470727592.0,bf5a64a4432ef3d6cc6f70143f0ac2aa,151885.0,1.0,0.0,5.91,8,111462.0,0.0,786675.0,5663.0,2.892,6560.0,5663.0,-1.0,6743.0,0.0,570405.0,12842.0,1470727592.0,24.0,2.53,5.4220000000000015,0.42,793237.0,False
300.0,ffb2d731edec22edde6bc403f6c68136.param,2.0,0.0,0.0,27.438000000000002,1470727592.0,bf5a64a4432ef3d6cc6f70143f0ac2aa,151885.0,1.0,0.0,5.776,8,111462.0,0.0,786675.0,5663.0,2.77,6560.0,5663.0,-1.0,6743.0,0.0,570405.0,12842.0,1470727592.0,24.0,2.521,5.291,0.42,793237.0,False
300.0,4ee13ffb8d0ec1ceaf1bb37447281f58.param,0.0,0.0,0.0,26.804000000000002,506016928.0,4667345d9aede4fa1bd0ac1b5235cf91,151334.0,1.0,0.0,5.94,8,118897.0,0.0,665466.0,4118.0,2.333,6536.0,4118.0,-1.0,6527.0,0.0,422011.0,12779.0,506016928.0,17.0,3.2089999999999996,5.5420000000000025,0.42,672004.0,False
300.0,4ee13ffb8d0ec1ceaf1bb37447281f58.param,1.0,0.0,0.0,25.160999999999998,506016928.0,4667345d9aede4fa1bd0ac1b5235cf91,151334.0,1.0,0.0,5.888,8,118897.0,0.0,665466.0,4118.0,2.349,6536.0,4118.0,-1.0,6527.0,0.0,422011.0,12779.0,506016928.0,17.0,3.139,5.4879999999999995,0.42,672004.0,False
300.0,4ee13ffb8d0ec1ceaf1bb37447281f58.param,2.0,0.0,0.0,24.862,506016928.0,4667345d9aede4fa1bd0ac1b5235cf91,151334.0,1.0,0.0,5.955,8,118897.0,0.0,665466.0,4118.0,2.345,6536.0,4118.0,-1.0,6527.0,0.0,422011.0,12779.0,506016928.0,17.0,3.215,5.56,0.42,672004.0,False
300.0,37f39e77e4ab35860e338849791d985b.param,0.0,0.0,0.0,54.698,1057470620.0,08bb9716e74b2fe7235849c33da12eab,590709.0,1.0,0.0,47.864,8,303624.0,0.0,1417226.0,11293.0,5.092,9272.0,11293.0,-1.0,28470.0,0.0,1313287.0,18143.0,1057470620.0,40.0,41.985,47.077,0.63,1426500.0,False
300.0,37f39e77e4ab35860e338849791d985b.param,1.0,0.0,0.0,53.233000000000004,1057470620.0,08bb9716e74b2fe7235849c33da12eab,590709.0,1.0,0.0,48.18899999999999,8,303624.0,0.0,1417226.0,11293.0,5.125,9272.0,11293.0,-1.0,28470.0,0.0,1313287.0,18143.0,1057470620.0,40.0,42.019,47.144,0.63,1426500.0,False
300.0,37f39e77e4ab35860e338849791d985b.param,2.0,0.0,0.0,52.668,1057470620.0,08bb9716e74b2fe7235849c33da12eab,590709.0,1.0,0.0,49.181999999999995,8,303624.0,0.0,1417226.0,11293.0,5.256,9272.0,11293.0,-1.0,28470.0,0.0,1313287.0,18143.0,1057470620.0,40.0,42.87,48.12600000000001,0.63,1426500.0,False
300.0,62e2738034d51eb1ca2518ead10bb1b8.param,0.0,0.0,0.0,13.190999999999999,270657042.0,6aa85dd2820cd44cf51bdd29bc14ee4b,42759.0,1.0,0.0,2.7769999999999997,8,10686.0,0.0,324490.0,4763.0,1.194,2812.0,4763.0,-1.0,4811.0,0.0,407397.0,5386.0,270657042.0,21.0,1.3659999999999999,2.56,0.19,327304.0,False
300.0,62e2738034d51eb1ca2518ead10bb1b8.param,1.0,0.0,0.0,13.195,270657042.0,6aa85dd2820cd44cf51bdd29bc14ee4b,42759.0,1.0,0.0,2.674,8,10686.0,0.0,324490.0,4763.0,1.141,2812.0,4763.0,-1.0,4811.0,0.0,407397.0,5386.0,270657042.0,21.0,1.328,2.469,0.19,327304.0,False
300.0,62e2738034d51eb1ca2518ead10bb1b8.param,2.0,0.0,0.0,12.734000000000002,270657042.0,6aa85dd2820cd44cf51bdd29bc14ee4b,42759.0,1.0,0.0,2.665,8,10686.0,0.0,324490.0,4763.0,1.12,2812.0,4763.0,-1.0,4811.0,0.0,407397.0,5386.0,270657042.0,21.0,1.327,2.447,0.19,327304.0,False
300.0,d8b978c6119710e61692eb0c8ed59509.param,0.0,0.0,0.0,39.251,1571287961.0,b15fc93c1fe4d24fafa15b0fade2aa23,313464.0,1.0,0.0,19.314,8,157254.0,0.0,1060587.0,6355.0,3.8089999999999997,7956.0,6355.0,-1.0,22568.0,0.0,878831.0,15530.0,1571287961.0,29.0,14.883,18.692,0.42,1068545.0,False
300.0,d8b978c6119710e61692eb0c8ed59509.param,1.0,0.0,0.0,40.265,1571287961.0,b15fc93c1fe4d24fafa15b0fade2aa23,313464.0,1.0,0.0,19.219,8,157254.0,0.0,1060587.0,6355.0,3.847,7956.0,6355.0,-1.0,22568.0,0.0,878831.0,15530.0,1571287961.0,29.0,14.765999999999998,18.613,0.42,1068545.0,False
300.0,d8b978c6119710e61692eb0c8ed59509.param,2.0,0.0,0.0,40.876,1571287961.0,b15fc93c1fe4d24fafa15b0fade2aa23,313464.0,1.0,0.0,19.843,8,157254.0,0.0,1060587.0,6355.0,3.822,7956.0,6355.0,-1.0,22568.0,0.0,878831.0,15530.0,1571287961.0,29.0,15.193,19.015,0.42,1068545.0,False
300.0,f2209196093db16c0e1ccffc86fe7af3.param,0.0,0.0,0.0,42.416000000000004,1242281828.0,3e9e9a6bdb8b2131033aec566b36fbe9,45400.0,1.0,0.0,7.127999999999999,8,7277.0,0.0,1134363.0,4663.0,4.096,10366.0,4663.0,-1.0,6110.0,0.0,461675.0,20445.0,1242281828.0,20.0,2.4,6.496,0.63,1144731.0,False
300.0,f2209196093db16c0e1ccffc86fe7af3.param,1.0,0.0,0.0,40.619,1242281828.0,3e9e9a6bdb8b2131033aec566b36fbe9,45400.0,1.0,0.0,7.2360000000000015,8,7277.0,0.0,1134363.0,4663.0,4.167,10366.0,4663.0,-1.0,6110.0,0.0,461675.0,20445.0,1242281828.0,20.0,2.394,6.561,0.63,1144731.0,False
300.0,f2209196093db16c0e1ccffc86fe7af3.param,2.0,0.0,0.0,42.184,1242281828.0,3e9e9a6bdb8b2131033aec566b36fbe9,45400.0,1.0,0.0,7.09,8,7277.0,0.0,1134363.0,4663.0,4.077,10366.0,4663.0,-1.0,6110.0,0.0,461675.0,20445.0,1242281828.0,20.0,2.383,6.46,0.63,1144731.0,False
300.0,c1fde8776f334c859cdb281cb0bed488.param,0.0,0.0,0.0,12.685,506016928.0,79eec6be9ec080d72c3268a007426018,61050.0,1.0,0.0,4.064,8,26529.0,0.0,299273.0,4172.0,1.166,2856.0,4172.0,-1.0,7696.0,0.0,358606.0,5446.0,506016928.0,17.0,2.677,3.843,0.19,302131.0,False
300.0,c1fde8776f334c859cdb281cb0bed488.param,1.0,0.0,0.0,12.57,506016928.0,79eec6be9ec080d72c3268a007426018,61050.0,1.0,0.0,3.97,8,26529.0,0.0,299273.0,4172.0,1.022,2856.0,4172.0,-1.0,7696.0,0.0,358606.0,5446.0,506016928.0,17.0,2.7430000000000003,3.765,0.19,302131.0,False
300.0,c1fde8776f334c859cdb281cb0bed488.param,2.0,0.0,0.0,12.25,506016928.0,79eec6be9ec080d72c3268a007426018,61050.0,1.0,0.0,3.858,8,26529.0,0.0,299273.0,4172.0,1.0290000000000001,2856.0,4172.0,-1.0,7696.0,0.0,358606.0,5446.0,506016928.0,17.0,2.6430000000000002,3.6719999999999997,0.19,302131.0,False
300.0,c0cc3cb80752c8cae8a567aa7598d4aa.param,0.0,0.0,0.0,42.373999999999995,506016928.0,97665ae5a67d5eda1e8853b52905bf41,261523.0,1.0,0.0,11.214,8,170334.0,0.0,1196153.0,6200.0,4.481,9504.0,6200.0,-1.0,13176.0,0.0,754638.0,18666.0,506016928.0,28.0,6.056,10.537,0.63,1205659.0,False
300.0,c0cc3cb80752c8cae8a567aa7598d4aa.param,1.0,0.0,0.0,42.143,506016928.0,97665ae5a67d5eda1e8853b52905bf41,261523.0,1.0,0.0,11.058,8,170334.0,0.0,1196153.0,6200.0,4.313,9504.0,6200.0,-1.0,13176.0,0.0,754638.0,18666.0,506016928.0,28.0,6.079,10.392000000000001,0.63,1205659.0,False
300.0,c0cc3cb80752c8cae8a567aa7598d4aa.param,2.0,0.0,0.0,44.815,506016928.0,97665ae5a67d5eda1e8853b52905bf41,261523.0,1.0,0.0,11.064,8,170334.0,0.0,1196153.0,6200.0,4.352,9504.0,6200.0,-1.0,13176.0,0.0,754638.0,18666.0,506016928.0,28.0,6.021,10.373,0.63,1205659.0,False
300.0,ba49f12ab41d4271c475e4948758589d.param,0.0,0.0,0.0,22.331999999999997,83966730.0,823266482f38a3f8d7aa770cd1f3256b,34330.0,1.0,0.0,3.345,8,10932.0,0.0,558824.0,4172.0,1.999,5328.0,4172.0,-1.0,3907.0,0.0,343213.0,10401.0,83966730.0,17.0,0.976,2.975,0.28,564154.0,False
300.0,ba49f12ab41d4271c475e4948758589d.param,1.0,0.0,0.0,20.980999999999998,83966730.0,823266482f38a3f8d7aa770cd1f3256b,34330.0,1.0,0.0,3.2739999999999996,8,10932.0,0.0,558824.0,4172.0,1.959,5328.0,4172.0,-1.0,3907.0,0.0,343213.0,10401.0,83966730.0,17.0,0.975,2.9339999999999997,0.28,564154.0,False
300.0,ba49f12ab41d4271c475e4948758589d.param,2.0,0.0,0.0,20.791999999999998,83966730.0,823266482f38a3f8d7aa770cd1f3256b,34330.0,1.0,0.0,3.3289999999999997,8,10932.0,0.0,558824.0,4172.0,1.994,5328.0,4172.0,-1.0,3907.0,0.0,343213.0,10401.0,83966730.0,17.0,0.992,2.986,0.28,564154.0,False
300.0,876c6467204e8ca8aabecbfbd3b45139.param,0.0,0.0,0.0,53.43899999999999,1257636424.0,76d246e62ab280a70850ea514cb6cfcf,730463.0,1.0,0.0,19.255,8,582612.0,0.0,1450518.0,6278.0,5.216,11264.0,6278.0,-1.0,20912.0,0.0,1064934.0,22103.0,1257636424.0,28.0,12.946,18.162,0.63,1461784.0,False
300.0,876c6467204e8ca8aabecbfbd3b45139.param,1.0,0.0,0.0,54.58600000000001,1257636424.0,76d246e62ab280a70850ea514cb6cfcf,730463.0,1.0,0.0,18.741,8,582612.0,0.0,1450518.0,6278.0,5.1739999999999995,11264.0,6278.0,-1.0,20912.0,0.0,1064934.0,22103.0,1257636424.0,28.0,12.75,17.924,0.63,1461784.0,False
300.0,876c6467204e8ca8aabecbfbd3b45139.param,2.0,0.0,0.0,52.118,1257636424.0,76d246e62ab280a70850ea514cb6cfcf,730463.0,1.0,0.0,19.410999999999998,8,582612.0,0.0,1450518.0,6278.0,5.266,11264.0,6278.0,-1.0,20912.0,0.0,1064934.0,22103.0,1257636424.0,28.0,13.069,18.335,0.63,1461784.0,False
300.0,4fb489f83300339f94af01b969c1f325.param,0.0,0.0,0.0,47.89,1098776393.0,eabbe0e08967680fcbbe7a5b9a59faac,395082.0,1.0,0.0,31.531,8,247347.0,0.0,1303651.0,11246.0,4.744,8610.0,11246.0,-1.0,18454.0,0.0,1291610.0,16867.0,1098776393.0,40.0,25.805,30.549,0.63,1312263.0,False
300.0,4fb489f83300339f94af01b969c1f325.param,1.0,0.0,0.0,51.37300000000001,1098776393.0,eabbe0e08967680fcbbe7a5b9a59faac,395082.0,1.0,0.0,31.741999999999997,8,247347.0,0.0,1303651.0,11246.0,4.763,8610.0,11246.0,-1.0,18454.0,0.0,1291610.0,16867.0,1098776393.0,40.0,26.011999999999997,30.775,0.63,1312263.0,False
300.0,4fb489f83300339f94af01b969c1f325.param,2.0,0.0,0.0,47.108000000000004,1098776393.0,eabbe0e08967680fcbbe7a5b9a59faac,395082.0,1.0,0.0,31.285,8,247347.0,0.0,1303651.0,11246.0,4.654,8610.0,11246.0,-1.0,18454.0,0.0,1291610.0,16867.0,1098776393.0,40.0,25.858,30.511999999999997,0.63,1312263.0,False
300.0,10049dd55bf99f7dbc88dc007745262f.param,0.0,0.0,0.0,9.619,254168822.0,7ee9ec079d377ff54fdcd66a73bdbdd9,125740.0,1.0,0.0,3.6439999999999997,8,66304.0,0.0,244655.0,6206.0,0.8909999999999999,1944.0,6206.0,-1.0,7250.0,0.0,578245.0,3636.0,254168822.0,28.0,2.539,3.43,0.19,246601.0,False
300.0,10049dd55bf99f7dbc88dc007745262f.param,1.0,0.0,0.0,10.616,254168822.0,7ee9ec079d377ff54fdcd66a73bdbdd9,125740.0,1.0,0.0,3.7239999999999998,8,66304.0,0.0,244655.0,6206.0,0.8320000000000001,1944.0,6206.0,-1.0,7250.0,0.0,578245.0,3636.0,254168822.0,28.0,2.7319999999999998,3.5639999999999996,0.19,246601.0,False
300.0,10049dd55bf99f7dbc88dc007745262f.param,2.0,0.0,0.0,10.402000000000001,254168822.0,7ee9ec079d377ff54fdcd66a73bdbdd9,125740.0,1.0,0.0,3.478,8,66304.0,0.0,244655.0,6206.0,0.866,1944.0,6206.0,-1.0,7250.0,0.0,578245.0,3636.0,254168822.0,28.0,2.444,3.31,0.19,246601.0,False
300.0,222abd76a7db47e3d5cbf580e108b101.param,0.0,0.0,0.0,46.08600000000001,1802391418.0,3ccdbbe29eeb37e10d08a421e4890805,102403.0,1.0,0.0,9.089,8,33135.0,0.0,1271220.0,6278.0,4.49,9976.0,6278.0,-1.0,8266.0,0.0,639809.0,19639.0,1802391418.0,28.0,3.9,8.39,0.63,1281198.0,False
300.0,222abd76a7db47e3d5cbf580e108b101.param,1.0,0.0,0.0,46.585,1802391418.0,3ccdbbe29eeb37e10d08a421e4890805,102403.0,1.0,0.0,9.259,8,33135.0,0.0,1271220.0,6278.0,4.6080000000000005,9976.0,6278.0,-1.0,8266.0,0.0,639809.0,19639.0,1802391418.0,28.0,3.924,8.532,0.63,1281198.0,False
300.0,222abd76a7db47e3d5cbf580e108b101.param,2.0,0.0,0.0,46.37,1802391418.0,3ccdbbe29eeb37e10d08a421e4890805,102403.0,1.0,0.0,9.287,8,33135.0,0.0,1271220.0,6278.0,4.565,9976.0,6278.0,-1.0,8266.0,0.0,639809.0,19639.0,1802391418.0,28.0,4.025,8.59,0.63,1281198.0,False
300.0,8fafcc4984fc93de8a9182509b2a0a65.param,0.0,0.0,0.0,61.668,1057470620.0,8b78cc6d498693fd9d40a831cbefa873,975083.0,1.0,0.0,40.012,8,655360.0,0.0,1619938.0,11366.0,5.827999999999999,10496.0,11366.0,-1.0,34834.0,0.0,1640130.0,20570.0,1057470620.0,41.0,33.221,39.049,0.94,1630436.0,False
300.0,8fafcc4984fc93de8a9182509b2a0a65.param,1.0,0.0,0.0,56.592,1057470620.0,8b78cc6d498693fd9d40a831cbefa873,975083.0,1.0,0.0,40.35,8,655360.0,0.0,1619938.0,11366.0,5.8420000000000005,10496.0,11366.0,-1.0,34834.0,0.0,1640130.0,20570.0,1057470620.0,41.0,33.623000000000005,39.465,0.94,1630436.0,False
300.0,8fafcc4984fc93de8a9182509b2a0a65.param,2.0,0.0,0.0,61.95,1057470620.0,8b78cc6d498693fd9d40a831cbefa873,975083.0,1.0,0.0,40.176,8,655360.0,0.0,1619938.0,11366.0,5.8420000000000005,10496.0,11366.0,-1.0,34834.0,0.0,1640130.0,20570.0,1057470620.0,41.0,33.431,39.273,0.94,1630436.0,False
300.0,94211d2a9b412d1df1f93eb8fa322afa.param,0.0,0.0,0.0,12.607000000000001,270657042.0,1d1d861f885bdb315897c6987db54c2f,60782.0,1.0,0.0,3.662,7-33,12210.0,0.0,294524.0,6395.0,1.102,3289.0,6395.0,-1.0,6916.0,0.0,643326.0,4087.0,270657042.0,29.0,2.37,3.472,0.19,297815.0,False
300.0,94211d2a9b412d1df1f93eb8fa322afa.param,1.0,0.0,0.0,12.705,270657042.0,1d1d861f885bdb315897c6987db54c2f,60782.0,1.0,0.0,3.6,7-33,12210.0,0.0,294524.0,6395.0,1.0859999999999999,3289.0,6395.0,-1.0,6916.0,0.0,643326.0,4087.0,270657042.0,29.0,2.318,3.404,0.19,297815.0,False
300.0,94211d2a9b412d1df1f93eb8fa322afa.param,2.0,0.0,0.0,13.398,270657042.0,1d1d861f885bdb315897c6987db54c2f,60782.0,1.0,0.0,3.608,7-33,12210.0,0.0,294524.0,6395.0,1.14,3289.0,6395.0,-1.0,6916.0,0.0,643326.0,4087.0,270657042.0,29.0,2.2769999999999997,3.417,0.19,297815.0,False
300.0,f019c54ca541e1449e1424c6aa46d35e.param,0.0,0.0,0.0,5.388,95956545.0,0fc8c4c8a83aecc62fb50e5b6ce5b1ef,141522.0,1.0,0.0,13.355,7-33,75811.0,0.0,113294.0,10247.0,0.452,1165.0,10247.0,-1.0,11383.0,0.0,1045659.0,1162.0,95956545.0,36.0,12.799000000000001,13.251,0.28,114461.0,False
300.0,f019c54ca541e1449e1424c6aa46d35e.param,1.0,0.0,0.0,5.79,95956545.0,0fc8c4c8a83aecc62fb50e5b6ce5b1ef,141522.0,1.0,0.0,13.295,7-33,75811.0,0.0,113294.0,10247.0,0.406,1165.0,10247.0,-1.0,11383.0,0.0,1045659.0,1162.0,95956545.0,36.0,12.793,13.199000000000002,0.28,114461.0,False
300.0,f019c54ca541e1449e1424c6aa46d35e.param,2.0,0.0,0.0,5.546,95956545.0,0fc8c4c8a83aecc62fb50e5b6ce5b1ef,141522.0,1.0,0.0,13.418,7-33,75811.0,0.0,113294.0,10247.0,0.408,1165.0,10247.0,-1.0,11383.0,0.0,1045659.0,1162.0,95956545.0,36.0,12.914000000000001,13.322000000000001,0.28,114461.0,False
300.0,d0bc402d6d4e2f421314981899e705da.param,0.0,0.0,0.0,49.217,1057470620.0,d4356f4eb733d6af4ce3c5184e6f40f6,282270.0,1.0,0.0,13.437999999999999,8,189982.0,0.0,1429534.0,6395.0,5.218999999999999,10600.0,6395.0,-1.0,10660.0,0.0,931867.0,20835.0,1057470620.0,29.0,7.365,12.584000000000001,0.63,1440136.0,False
300.0,d0bc402d6d4e2f421314981899e705da.param,1.0,0.0,0.0,51.824,1057470620.0,d4356f4eb733d6af4ce3c5184e6f40f6,282270.0,1.0,0.0,13.613,8,189982.0,0.0,1429534.0,6395.0,5.355,10600.0,6395.0,-1.0,10660.0,0.0,931867.0,20835.0,1057470620.0,29.0,7.2860000000000005,12.640999999999998,0.63,1440136.0,False
300.0,d0bc402d6d4e2f421314981899e705da.param,2.0,0.0,0.0,52.847,1057470620.0,d4356f4eb733d6af4ce3c5184e6f40f6,282270.0,1.0,0.0,13.501,8,189982.0,0.0,1429534.0,6395.0,5.367000000000001,10600.0,6395.0,-1.0,10660.0,0.0,931867.0,20835.0,1057470620.0,29.0,7.337999999999999,12.705,0.63,1440136.0,False
300.0,fc2d899db36a3003ebbcd92cad9223b0.param,0.0,0.0,0.0,24.416999999999998,1923385776.0,8819a34740426e3ea2748a5fbd98aa3b,130911.0,1.0,0.0,9.02,8,57532.0,0.0,596698.0,6315.0,2.157,4576.0,6315.0,-1.0,9604.0,0.0,672859.0,8865.0,1923385776.0,29.0,6.504,8.661,0.28,601276.0,False
300.0,fc2d899db36a3003ebbcd92cad9223b0.param,1.0,0.0,0.0,24.19,1923385776.0,8819a34740426e3ea2748a5fbd98aa3b,130911.0,1.0,0.0,9.054,8,57532.0,0.0,596698.0,6315.0,2.195,4576.0,6315.0,-1.0,9604.0,0.0,672859.0,8865.0,1923385776.0,29.0,6.4979999999999976,8.693,0.28,601276.0,False
300.0,fc2d899db36a3003ebbcd92cad9223b0.param,2.0,0.0,0.0,22.991999999999997,1923385776.0,8819a34740426e3ea2748a5fbd98aa3b,130911.0,1.0,0.0,8.997,8,57532.0,0.0,596698.0,6315.0,2.125,4576.0,6315.0,-1.0,9604.0,0.0,672859.0,8865.0,1923385776.0,29.0,6.5020000000000024,8.627,0.28,601276.0,False
300.0,f0b6a6311818b4dd8f5227b40762bd4a.param,0.0,0.0,0.0,29.93,1057470620.0,4da43f2a16603ffefdcddd80830fa582,120317.0,1.0,0.0,8.404,8,48763.0,0.0,758679.0,4726.0,2.68,6758.0,4726.0,-1.0,12212.0,0.0,543334.0,13161.0,1057470620.0,21.0,5.2860000000000005,7.966,0.42,765439.0,False
300.0,f0b6a6311818b4dd8f5227b40762bd4a.param,1.0,0.0,0.0,29.268,1057470620.0,4da43f2a16603ffefdcddd80830fa582,120317.0,1.0,0.0,8.511000000000001,8,48763.0,0.0,758679.0,4726.0,2.695,6758.0,4726.0,-1.0,12212.0,0.0,543334.0,13161.0,1057470620.0,21.0,5.376,8.071,0.42,765439.0,False
300.0,f0b6a6311818b4dd8f5227b40762bd4a.param,2.0,0.0,0.0,28.19400000000001,1057470620.0,4da43f2a16603ffefdcddd80830fa582,120317.0,1.0,0.0,8.462,8,48763.0,0.0,758679.0,4726.0,2.702,6758.0,4726.0,-1.0,12212.0,0.0,543334.0,13161.0,1057470620.0,21.0,5.3229999999999995,8.025,0.42,765439.0,False
300.0,867c000858982af2c7444466a304af04.param,0.0,0.0,0.0,46.728,1057470620.0,42e3745d0758da7e622c4b3d80d1f033,164347.0,1.0,0.0,11.205,8,96352.0,0.0,1197734.0,4762.0,4.46,10388.0,4762.0,-1.0,11701.0,0.0,598588.0,20412.0,1057470620.0,21.0,5.992000000000001,10.452,0.63,1208124.0,False
300.0,867c000858982af2c7444466a304af04.param,1.0,0.0,0.0,47.523,1057470620.0,42e3745d0758da7e622c4b3d80d1f033,164347.0,1.0,0.0,10.957,8,96352.0,0.0,1197734.0,4762.0,4.272,10388.0,4762.0,-1.0,11701.0,0.0,598588.0,20412.0,1057470620.0,21.0,5.9860000000000015,10.258,0.63,1208124.0,False
300.0,867c000858982af2c7444466a304af04.param,2.0,0.0,0.0,42.636,1057470620.0,42e3745d0758da7e622c4b3d80d1f033,164347.0,1.0,0.0,11.373,8,96352.0,0.0,1197734.0,4762.0,4.418,10388.0,4762.0,-1.0,11701.0,0.0,598588.0,20412.0,1057470620.0,21.0,6.0520000000000005,10.47,0.63,1208124.0,False
300.0,d52ad8a9dee13cb147c0b0d6d29d8a1a.param,0.0,0.0,0.0,16.232,1257636424.0,349c893414e7518bc61311284e4c59f9,59865.0,1.0,0.0,2.597,7-33,24871.0,0.0,342260.0,4789.0,1.3030000000000002,3865.0,4789.0,-1.0,6763.0,0.0,590693.0,4807.0,1257636424.0,21.0,1.07,2.373,0.19,346127.0,False
300.0,d52ad8a9dee13cb147c0b0d6d29d8a1a.param,1.0,0.0,0.0,15.099,1257636424.0,349c893414e7518bc61311284e4c59f9,59865.0,1.0,0.0,2.5069999999999997,7-33,24871.0,0.0,342260.0,4789.0,1.263,3865.0,4789.0,-1.0,6763.0,0.0,590693.0,4807.0,1257636424.0,21.0,1.028,2.291,0.19,346127.0,False
300.0,d52ad8a9dee13cb147c0b0d6d29d8a1a.param,2.0,0.0,0.0,15.193,1257636424.0,349c893414e7518bc61311284e4c59f9,59865.0,1.0,0.0,2.6889999999999996,7-33,24871.0,0.0,342260.0,4789.0,1.284,3865.0,4789.0,-1.0,6763.0,0.0,590693.0,4807.0,1257636424.0,21.0,1.195,2.479,0.19,346127.0,False
300.0,d62c2a52625c21dd4bc4370bcd02db43.param,0.0,0.0,0.0,40.912,554543104.0,69d0289b478ca232872a00b12fdfabf4,180160.0,1.0,0.0,17.043,8,47075.0,0.0,1090145.0,11294.0,3.986,7128.0,11294.0,-1.0,12427.0,0.0,1053876.0,13926.0,554543104.0,40.0,12.238,16.224,0.42,1097275.0,False
300.0,d62c2a52625c21dd4bc4370bcd02db43.param,1.0,0.0,0.0,39.24,554543104.0,69d0289b478ca232872a00b12fdfabf4,180160.0,1.0,0.0,16.798,8,47075.0,0.0,1090145.0,11294.0,4.019,7128.0,11294.0,-1.0,12427.0,0.0,1053876.0,13926.0,554543104.0,40.0,12.12,16.139,0.42,1097275.0,False
300.0,d62c2a52625c21dd4bc4370bcd02db43.param,2.0,0.0,0.0,41.282,554543104.0,69d0289b478ca232872a00b12fdfabf4,180160.0,1.0,0.0,17.172,8,47075.0,0.0,1090145.0,11294.0,4.0,7128.0,11294.0,-1.0,12427.0,0.0,1053876.0,13926.0,554543104.0,40.0,12.355,16.355,0.42,1097275.0,False
300.0,a2bb37bd1970b7fe11a8b59cb1f3a6f3.param,0.0,0.0,0.0,37.661,1139903203.0,7633333f9ff06fb60b2800fa9c0f9e36,109016.0,1.0,0.0,8.01,7-33,43884.0,0.0,887076.0,10323.0,3.35,8730.0,10323.0,-1.0,8715.0,0.0,1063709.0,11275.0,1139903203.0,37.0,4.18,7.53,0.42,895808.0,False
300.0,a2bb37bd1970b7fe11a8b59cb1f3a6f3.param,1.0,0.0,0.0,37.166,1139903203.0,7633333f9ff06fb60b2800fa9c0f9e36,109016.0,1.0,0.0,8.751,7-33,43884.0,0.0,887076.0,10323.0,3.596,8730.0,10323.0,-1.0,8715.0,0.0,1063709.0,11275.0,1139903203.0,37.0,4.508,8.104,0.42,895808.0,False
300.0,a2bb37bd1970b7fe11a8b59cb1f3a6f3.param,2.0,0.0,0.0,35.808,1139903203.0,7633333f9ff06fb60b2800fa9c0f9e36,109016.0,1.0,0.0,8.11,7-33,43884.0,0.0,887076.0,10323.0,3.335,8730.0,10323.0,-1.0,8715.0,0.0,1063709.0,11275.0,1139903203.0,37.0,4.254,7.588999999999999,0.42,895808.0,False
300.0,b6b46bc646920ea1298e9f12b19fab10.param,0.0,0.0,0.0,43.475,254168822.0,be3098577bbd3ecb69d31b819cb739af,69380.0,1.0,0.0,7.5760000000000005,8,16435.0,0.0,1142607.0,6203.0,4.217,9072.0,6203.0,-1.0,7102.0,0.0,590857.0,17848.0,254168822.0,28.0,2.7319999999999998,6.949,0.63,1151681.0,False
300.0,b6b46bc646920ea1298e9f12b19fab10.param,1.0,0.0,0.0,43.39100000000001,254168822.0,be3098577bbd3ecb69d31b819cb739af,69380.0,1.0,0.0,7.487,8,16435.0,0.0,1142607.0,6203.0,4.078,9072.0,6203.0,-1.0,7102.0,0.0,590857.0,17848.0,254168822.0,28.0,2.748,6.8260000000000005,0.63,1151681.0,False
300.0,b6b46bc646920ea1298e9f12b19fab10.param,2.0,0.0,0.0,43.34,254168822.0,be3098577bbd3ecb69d31b819cb739af,69380.0,1.0,0.0,7.572,8,16435.0,0.0,1142607.0,6203.0,4.1960000000000015,9072.0,6203.0,-1.0,7102.0,0.0,590857.0,17848.0,254168822.0,28.0,2.7260000000000004,6.9220000000000015,0.63,1151681.0,False
300.0,85b90a483e5d2ab64757532083d99628.param,0.0,0.0,0.0,54.693999999999996,1083416308.0,6c44877af0b46bd363b01e11ede53ed0,295619.0,1.0,0.0,18.489,8,163811.0,0.0,1530975.0,10200.0,5.496,10864.0,10200.0,-1.0,14963.0,0.0,1067487.0,21384.0,1083416308.0,36.0,12.125,17.621,0.63,1541841.0,False
300.0,85b90a483e5d2ab64757532083d99628.param,1.0,0.0,0.0,55.266999999999996,1083416308.0,6c44877af0b46bd363b01e11ede53ed0,295619.0,1.0,0.0,18.820999999999998,8,163811.0,0.0,1530975.0,10200.0,5.752999999999999,10864.0,10200.0,-1.0,14963.0,0.0,1067487.0,21384.0,1083416308.0,36.0,12.198,17.951,0.63,1541841.0,False
300.0,85b90a483e5d2ab64757532083d99628.param,2.0,0.0,0.0,59.313,1083416308.0,6c44877af0b46bd363b01e11ede53ed0,295619.0,1.0,0.0,19.02,8,163811.0,0.0,1530975.0,10200.0,5.466,10864.0,10200.0,-1.0,14963.0,0.0,1067487.0,21384.0,1083416308.0,36.0,12.376,17.842,0.63,1541841.0,False
300.0,44fed91bbf02c3af539328e6662bf914.param,0.0,0.0,0.0,42.386,95956545.0,7aae0abfa0a2ed0335b41b73d96ef995,358514.0,1.0,0.0,11.489,8,246501.0,0.0,1120392.0,6238.0,4.059,8800.0,6238.0,-1.0,16536.0,0.0,810489.0,17233.0,95956545.0,28.0,6.775,10.834000000000001,0.63,1129194.0,False
300.0,44fed91bbf02c3af539328e6662bf914.param,1.0,0.0,0.0,41.43600000000001,95956545.0,7aae0abfa0a2ed0335b41b73d96ef995,358514.0,1.0,0.0,11.63,8,246501.0,0.0,1120392.0,6238.0,4.073,8800.0,6238.0,-1.0,16536.0,0.0,810489.0,17233.0,95956545.0,28.0,6.896,10.969000000000001,0.63,1129194.0,False
300.0,44fed91bbf02c3af539328e6662bf914.param,2.0,0.0,0.0,41.088,95956545.0,7aae0abfa0a2ed0335b41b73d96ef995,358514.0,1.0,0.0,11.543,8,246501.0,0.0,1120392.0,6238.0,4.067,8800.0,6238.0,-1.0,16536.0,0.0,810489.0,17233.0,95956545.0,28.0,6.843999999999999,10.911,0.63,1129194.0,False
300.0,8b3ad6188dc92a4335827c8e01628c0f.param,0.0,0.0,0.0,34.058,182366586.0,c8a92cf6ddce3d8523c79751ecf7a8f3,54626.0,1.0,0.0,5.284,7-33,13152.0,0.0,798698.0,4665.0,3.025,10561.0,4665.0,-1.0,6888.0,0.0,591890.0,13753.0,182366586.0,20.0,1.8030000000000002,4.828,0.42,809261.0,False
300.0,8b3ad6188dc92a4335827c8e01628c0f.param,1.0,0.0,0.0,32.635,182366586.0,c8a92cf6ddce3d8523c79751ecf7a8f3,54626.0,1.0,0.0,5.31,7-33,13152.0,0.0,798698.0,4665.0,3.012,10561.0,4665.0,-1.0,6888.0,0.0,591890.0,13753.0,182366586.0,20.0,1.8519999999999999,4.864,0.42,809261.0,False
300.0,8b3ad6188dc92a4335827c8e01628c0f.param,2.0,0.0,0.0,33.092,182366586.0,c8a92cf6ddce3d8523c79751ecf7a8f3,54626.0,1.0,0.0,5.271,7-33,13152.0,0.0,798698.0,4665.0,2.991,10561.0,4665.0,-1.0,6888.0,0.0,591890.0,13753.0,182366586.0,20.0,1.814,4.805,0.42,809261.0,False
300.0,5fef6050cdd12ec4963b342a00b8769f.param,0.0,0.0,0.0,51.051,335975281.0,592981f3c565dd0419c2d943d6211a32,78854.0,1.0,0.0,9.21,7-33,12568.0,0.0,1263130.0,6398.0,4.852,13937.0,6398.0,-1.0,9421.0,0.0,1225228.0,18197.0,335975281.0,29.0,3.6310000000000002,8.482999999999999,0.63,1277069.0,False
300.0,5fef6050cdd12ec4963b342a00b8769f.param,1.0,0.0,0.0,52.868,335975281.0,592981f3c565dd0419c2d943d6211a32,78854.0,1.0,0.0,9.097999999999999,7-33,12568.0,0.0,1263130.0,6398.0,4.7860000000000005,13937.0,6398.0,-1.0,9421.0,0.0,1225228.0,18197.0,335975281.0,29.0,3.6039999999999996,8.39,0.63,1277069.0,False
300.0,5fef6050cdd12ec4963b342a00b8769f.param,2.0,0.0,0.0,52.006,335975281.0,592981f3c565dd0419c2d943d6211a32,78854.0,1.0,0.0,9.135,7-33,12568.0,0.0,1263130.0,6398.0,4.86,13937.0,6398.0,-1.0,9421.0,0.0,1225228.0,18197.0,335975281.0,29.0,3.573,8.433,0.63,1277069.0,False
300.0,f77193d98d97a8df35aba3d3d50b907e.param,0.0,0.0,0.0,33.25,646920589.0,e4ad3744da198969406f96e448895f11,239521.0,1.0,0.0,9.684,7-33,154505.0,0.0,801426.0,5709.0,3.055,9584.0,5709.0,-1.0,13160.0,0.0,1291921.0,12437.0,646920589.0,25.0,6.107,9.162,0.42,811012.0,False
300.0,f77193d98d97a8df35aba3d3d50b907e.param,1.0,0.0,0.0,34.361999999999995,646920589.0,e4ad3744da198969406f96e448895f11,239521.0,1.0,0.0,9.182,7-33,154505.0,0.0,801426.0,5709.0,3.017,9584.0,5709.0,-1.0,13160.0,0.0,1291921.0,12437.0,646920589.0,25.0,5.73,8.747,0.42,811012.0,False
300.0,f77193d98d97a8df35aba3d3d50b907e.param,2.0,0.0,0.0,31.41800000000001,646920589.0,e4ad3744da198969406f96e448895f11,239521.0,1.0,0.0,9.001,7-33,154505.0,0.0,801426.0,5709.0,3.015,9584.0,5709.0,-1.0,13160.0,0.0,1291921.0,12437.0,646920589.0,25.0,5.5,8.515,0.42,811012.0,False
300.0,fece5a92f820b73659733b9639b82885.param,0.0,0.0,0.0,18.653,1242281828.0,668770cafd025b92d9981269183fc054,709450.0,1.0,0.0,21.171,7-33,534065.0,0.0,393714.0,9770.0,1.501,4121.0,9770.0,-1.0,25899.0,0.0,1268955.0,5063.0,1242281828.0,33.0,19.424,20.925,0.94,397837.0,False
300.0,fece5a92f820b73659733b9639b82885.param,1.0,0.0,0.0,18.112000000000002,1242281828.0,668770cafd025b92d9981269183fc054,709450.0,1.0,0.0,20.739,7-33,534065.0,0.0,393714.0,9770.0,1.462,4121.0,9770.0,-1.0,25899.0,0.0,1268955.0,5063.0,1242281828.0,33.0,19.038,20.5,0.94,397837.0,False
300.0,fece5a92f820b73659733b9639b82885.param,2.0,0.0,0.0,17.811,1242281828.0,668770cafd025b92d9981269183fc054,709450.0,1.0,0.0,20.773000000000003,7-33,534065.0,0.0,393714.0,9770.0,1.4769999999999999,4121.0,9770.0,-1.0,25899.0,0.0,1268955.0,5063.0,1242281828.0,33.0,19.049,20.526,0.94,397837.0,False
300.0,b7c1926b06d5191f5f23b3654f7eea8a.param,0.0,0.0,0.0,31.776,1883039101.0,6532351047233a562d575a8c8f5d42a5,42262.0,1.0,0.0,4.177,7-33,13376.0,0.0,719158.0,4030.0,2.681,10634.0,4030.0,-1.0,7658.0,0.0,353255.0,13851.0,1883039101.0,16.0,1.071,3.752,0.42,729794.0,False
300.0,b7c1926b06d5191f5f23b3654f7eea8a.param,1.0,0.0,0.0,30.651,1883039101.0,6532351047233a562d575a8c8f5d42a5,42262.0,1.0,0.0,4.204,7-33,13376.0,0.0,719158.0,4030.0,2.739,10634.0,4030.0,-1.0,7658.0,0.0,353255.0,13851.0,1883039101.0,16.0,1.063,3.802,0.42,729794.0,False
300.0,b7c1926b06d5191f5f23b3654f7eea8a.param,2.0,0.0,0.0,29.976999999999997,1883039101.0,6532351047233a562d575a8c8f5d42a5,42262.0,1.0,0.0,4.183,7-33,13376.0,0.0,719158.0,4030.0,2.733,10634.0,4030.0,-1.0,7658.0,0.0,353255.0,13851.0,1883039101.0,16.0,1.048,3.781,0.42,729794.0,False
300.0,b24ff19d000a151b6659a6c65e6c35c6.param,0.0,0.0,0.0,38.828,590654055.0,cb73c83e6828435ade8cfbcd6e6dcf27,848836.0,1.0,0.0,29.706999999999997,7-33,635672.0,0.0,916275.0,10304.0,3.608,9387.0,10304.0,-1.0,34304.0,0.0,1231475.0,12098.0,590654055.0,37.0,25.576,29.184,0.94,925664.0,False
300.0,b24ff19d000a151b6659a6c65e6c35c6.param,1.0,0.0,0.0,38.295,590654055.0,cb73c83e6828435ade8cfbcd6e6dcf27,848836.0,1.0,0.0,30.351999999999997,7-33,635672.0,0.0,916275.0,10304.0,3.638,9387.0,10304.0,-1.0,34304.0,0.0,1231475.0,12098.0,590654055.0,37.0,26.061,29.699,0.94,925664.0,False
300.0,b24ff19d000a151b6659a6c65e6c35c6.param,2.0,0.0,0.0,36.493,590654055.0,cb73c83e6828435ade8cfbcd6e6dcf27,848836.0,1.0,0.0,29.714000000000002,7-33,635672.0,0.0,916275.0,10304.0,3.455,9387.0,10304.0,-1.0,34304.0,0.0,1231475.0,12098.0,590654055.0,37.0,25.575,29.03,0.94,925664.0,False
300.0,e5fa51f4b48f9d73b966b1eb0389e73c.param,0.0,0.0,0.0,75.99600000000002,2136253402.0,1b97388d8ba3f73b0e2e92c85989a96a,301475.0,1.0,0.0,30.366,8,111666.0,0.0,2181113.0,11382.0,7.9270000000000005,14124.0,11382.0,-1.0,19373.0,0.0,1205753.0,27864.0,2136253402.0,41.0,21.2,29.127,0.94,2195239.0,False
300.0,e5fa51f4b48f9d73b966b1eb0389e73c.param,1.0,0.0,0.0,83.323,2136253402.0,1b97388d8ba3f73b0e2e92c85989a96a,301475.0,1.0,0.0,31.084,8,111666.0,0.0,2181113.0,11382.0,8.26,14124.0,11382.0,-1.0,19373.0,0.0,1205753.0,27864.0,2136253402.0,41.0,21.480999999999998,29.741,0.94,2195239.0,False
300.0,e5fa51f4b48f9d73b966b1eb0389e73c.param,2.0,0.0,0.0,78.185,2136253402.0,1b97388d8ba3f73b0e2e92c85989a96a,301475.0,1.0,0.0,31.151999999999997,8,111666.0,0.0,2181113.0,11382.0,8.011000000000001,14124.0,11382.0,-1.0,19373.0,0.0,1205753.0,27864.0,2136253402.0,41.0,21.583000000000002,29.594,0.94,2195239.0,False
300.0,3df40218b019eea866b53a1349c0d0e2.param,0.0,0.0,0.0,17.455,1145031130.0,0adcf09e71618aac02382bdd354309bc,102620.0,0.0,0.0,7.483,7-33,70707.0,0.0,26204.0,27650.0,0.214,673.0,27650.0,-1.0,552.0,0.0,708281.0,775.0,1145031130.0,87.0,7.213999999999999,7.428,0.02,26879.0,False
300.0,3df40218b019eea866b53a1349c0d0e2.param,1.0,0.0,0.0,17.461,1145031130.0,0adcf09e71618aac02382bdd354309bc,102620.0,0.0,0.0,7.191,7-33,70707.0,0.0,26204.0,27650.0,0.21,673.0,27650.0,-1.0,552.0,0.0,708281.0,775.0,1145031130.0,87.0,6.928,7.138,0.02,26879.0,False
300.0,3df40218b019eea866b53a1349c0d0e2.param,2.0,0.0,0.0,16.182000000000002,1145031130.0,0adcf09e71618aac02382bdd354309bc,102620.0,0.0,0.0,7.0020000000000024,7-33,70707.0,0.0,26204.0,27650.0,0.213,673.0,27650.0,-1.0,552.0,0.0,708281.0,775.0,1145031130.0,87.0,6.737,6.95,0.02,26879.0,False
300.0,3202e56149cbd27d0de3bdbd879f81e3.param,0.0,0.0,0.0,14.757,83966730.0,dd5dae93be41de3a47a2faf0336532ba,43664.0,1.0,0.0,2.8560000000000003,7-33,5940.0,0.0,314520.0,5712.0,1.1420000000000001,3809.0,5712.0,-1.0,5064.0,0.0,643196.0,4807.0,83966730.0,25.0,1.518,2.66,0.19,318331.0,False
300.0,3202e56149cbd27d0de3bdbd879f81e3.param,1.0,0.0,0.0,14.075999999999999,83966730.0,dd5dae93be41de3a47a2faf0336532ba,43664.0,1.0,0.0,2.755,7-33,5940.0,0.0,314520.0,5712.0,1.173,3809.0,5712.0,-1.0,5064.0,0.0,643196.0,4807.0,83966730.0,25.0,1.391,2.5639999999999996,0.19,318331.0,False
300.0,3202e56149cbd27d0de3bdbd879f81e3.param,2.0,0.0,0.0,14.277000000000001,83966730.0,dd5dae93be41de3a47a2faf0336532ba,43664.0,1.0,0.0,2.847,7-33,5940.0,0.0,314520.0,5712.0,1.198,3809.0,5712.0,-1.0,5064.0,0.0,643196.0,4807.0,83966730.0,25.0,1.44,2.638,0.19,318331.0,False
300.0,f96e501784f98c21890b02a2712e89bd.param,0.0,0.0,0.0,47.184,590654055.0,8c9d9db1b91894562f03d615ea693a37,117853.0,1.0,0.0,8.15,7-33,30104.0,0.0,1187133.0,6396.0,4.564,13245.0,6396.0,-1.0,14481.0,0.0,737986.0,17260.0,590654055.0,29.0,2.92,7.484,0.63,1200380.0,False
300.0,f96e501784f98c21890b02a2712e89bd.param,1.0,0.0,0.0,48.461999999999996,590654055.0,8c9d9db1b91894562f03d615ea693a37,117853.0,1.0,0.0,8.465,7-33,30104.0,0.0,1187133.0,6396.0,4.617,13245.0,6396.0,-1.0,14481.0,0.0,737986.0,17260.0,590654055.0,29.0,2.97,7.5870000000000015,0.63,1200380.0,False
300.0,f96e501784f98c21890b02a2712e89bd.param,2.0,0.0,0.0,46.983000000000004,590654055.0,8c9d9db1b91894562f03d615ea693a37,117853.0,1.0,0.0,8.068,7-33,30104.0,0.0,1187133.0,6396.0,4.563,13245.0,6396.0,-1.0,14481.0,0.0,737986.0,17260.0,590654055.0,29.0,2.844,7.407,0.63,1200380.0,False
300.0,a41351309b1ab4b5310538c23b8dec0e.param,0.0,0.0,0.0,61.393,1234135464.0,e44ac636a58ee9eed1afb85cb4f36307,376387.0,1.0,0.0,27.593000000000004,7-33,174263.0,0.0,1533272.0,9771.0,6.096,16033.0,9771.0,-1.0,30143.0,0.0,1391055.0,20935.0,1234135464.0,33.0,20.378,26.474,0.94,1549307.0,False
300.0,a41351309b1ab4b5310538c23b8dec0e.param,1.0,0.0,0.0,60.038999999999994,1234135464.0,e44ac636a58ee9eed1afb85cb4f36307,376387.0,1.0,0.0,26.749000000000002,7-33,174263.0,0.0,1533272.0,9771.0,5.896,16033.0,9771.0,-1.0,30143.0,0.0,1391055.0,20935.0,1234135464.0,33.0,19.999000000000002,25.895,0.94,1549307.0,False
300.0,a41351309b1ab4b5310538c23b8dec0e.param,2.0,0.0,0.0,61.684,1234135464.0,e44ac636a58ee9eed1afb85cb4f36307,376387.0,1.0,0.0,26.923000000000002,7-33,174263.0,0.0,1533272.0,9771.0,5.886,16033.0,9771.0,-1.0,30143.0,0.0,1391055.0,20935.0,1234135464.0,33.0,19.927,25.813000000000002,0.94,1549307.0,False
300.0,ebfb38d0b486754d6704faf1ad393db8.param,0.0,0.0,0.0,24.43,1234135464.0,86e1c0bbb3acf34d4aa1a9c482534a7d,106489.0,1.0,0.0,11.645,7-33,26712.0,0.0,532736.0,9645.0,2.031,5692.0,9645.0,-1.0,12671.0,0.0,737686.0,7273.0,1234135464.0,32.0,9.289,11.32,0.42,538430.0,False
300.0,ebfb38d0b486754d6704faf1ad393db8.param,1.0,0.0,0.0,22.38,1234135464.0,86e1c0bbb3acf34d4aa1a9c482534a7d,106489.0,1.0,0.0,11.717,7-33,26712.0,0.0,532736.0,9645.0,2.03,5692.0,9645.0,-1.0,12671.0,0.0,737686.0,7273.0,1234135464.0,32.0,9.367,11.397,0.42,538430.0,False
300.0,ebfb38d0b486754d6704faf1ad393db8.param,2.0,0.0,0.0,23.11,1234135464.0,86e1c0bbb3acf34d4aa1a9c482534a7d,106489.0,1.0,0.0,11.585999999999999,7-33,26712.0,0.0,532736.0,9645.0,2.02,5692.0,9645.0,-1.0,12671.0,0.0,737686.0,7273.0,1234135464.0,32.0,9.261000000000001,11.280999999999999,0.42,538430.0,False
300.0,9feb6f2064b86f090bb3887f069a4d0d.param,0.0,0.0,0.0,62.643,1918631718.0,979a49eb5b6fc31a3c93783cdbdb8a8a,161086.0,1.0,0.0,15.847000000000001,7-33,47239.0,0.0,1620105.0,5694.0,6.228,15786.0,5694.0,-1.0,20581.0,0.0,1860145.0,20571.0,1918631718.0,24.0,8.767000000000001,14.995,0.94,1635893.0,False
300.0,9feb6f2064b86f090bb3887f069a4d0d.param,1.0,0.0,0.0,60.723,1918631718.0,979a49eb5b6fc31a3c93783cdbdb8a8a,161086.0,1.0,0.0,17.090999999999998,7-33,47239.0,0.0,1620105.0,5694.0,6.459,15786.0,5694.0,-1.0,20581.0,0.0,1860145.0,20571.0,1918631718.0,24.0,9.722000000000001,16.180999999999994,0.94,1635893.0,False
300.0,9feb6f2064b86f090bb3887f069a4d0d.param,2.0,0.0,0.0,64.82300000000001,1918631718.0,979a49eb5b6fc31a3c93783cdbdb8a8a,161086.0,1.0,0.0,16.706,7-33,47239.0,0.0,1620105.0,5694.0,6.454,15786.0,5694.0,-1.0,20581.0,0.0,1860145.0,20571.0,1918631718.0,24.0,9.066,15.52,0.94,1635893.0,False
300.0,f8df5f5150968e8beed02c87bc2ab666.param,0.0,0.0,0.0,52.828,1258716603.0,eabeca768198b10e3b895a2c8512b8b1,133865.0,1.0,0.0,10.872,7-33,53242.0,0.0,1406902.0,6354.0,5.485,15873.0,6354.0,-1.0,11327.0,0.0,1232598.0,20767.0,1258716603.0,29.0,4.399,9.884,0.63,1422777.0,False
300.0,f8df5f5150968e8beed02c87bc2ab666.param,1.0,0.0,0.0,57.155,1258716603.0,eabeca768198b10e3b895a2c8512b8b1,133865.0,1.0,0.0,10.462,7-33,53242.0,0.0,1406902.0,6354.0,5.354,15873.0,6354.0,-1.0,11327.0,0.0,1232598.0,20767.0,1258716603.0,29.0,4.367,9.721,0.63,1422777.0,False
300.0,f8df5f5150968e8beed02c87bc2ab666.param,2.0,0.0,0.0,55.004,1258716603.0,eabeca768198b10e3b895a2c8512b8b1,133865.0,1.0,0.0,10.44,7-33,53242.0,0.0,1406902.0,6354.0,5.325,15873.0,6354.0,-1.0,11327.0,0.0,1232598.0,20767.0,1258716603.0,29.0,4.388,9.713,0.63,1422777.0,False
300.0,411eb8af67a987b6d330a3f7c487347c.param,0.0,0.0,0.0,14.380999999999998,1083416308.0,c8efdd4ba9a11d905c72ad235904fd7d,34843.0,1.0,0.0,2.23,7-33,13007.0,0.0,325836.0,4656.0,1.263,4200.0,4656.0,-1.0,3292.0,0.0,450631.0,5317.0,1083416308.0,20.0,0.757,2.02,0.19,330038.0,False
300.0,411eb8af67a987b6d330a3f7c487347c.param,1.0,0.0,0.0,13.960999999999999,1083416308.0,c8efdd4ba9a11d905c72ad235904fd7d,34843.0,1.0,0.0,2.2230000000000003,7-33,13007.0,0.0,325836.0,4656.0,1.29,4200.0,4656.0,-1.0,3292.0,0.0,450631.0,5317.0,1083416308.0,20.0,0.733,2.023,0.19,330038.0,False
300.0,411eb8af67a987b6d330a3f7c487347c.param,2.0,0.0,0.0,14.511,1083416308.0,c8efdd4ba9a11d905c72ad235904fd7d,34843.0,1.0,0.0,2.198,7-33,13007.0,0.0,325836.0,4656.0,1.251,4200.0,4656.0,-1.0,3292.0,0.0,450631.0,5317.0,1083416308.0,20.0,0.741,1.992,0.19,330038.0,False
300.0,9847d0c027bbaccb1847a48fd98a95ac.param,0.0,0.0,0.0,25.283,1405409883.0,5bfa06e7e66379108463b9ef171b4846,49178.0,1.0,0.0,3.5639999999999996,7-33,24671.0,0.0,528614.0,4713.0,2.012,5473.0,4713.0,-1.0,6022.0,0.0,492305.0,6955.0,1405409883.0,21.0,1.251,3.263,0.28,534089.0,False
300.0,9847d0c027bbaccb1847a48fd98a95ac.param,1.0,0.0,0.0,22.17,1405409883.0,5bfa06e7e66379108463b9ef171b4846,49178.0,1.0,0.0,3.5039999999999996,7-33,24671.0,0.0,528614.0,4713.0,1.972,5473.0,4713.0,-1.0,6022.0,0.0,492305.0,6955.0,1405409883.0,21.0,1.24,3.2119999999999997,0.28,534089.0,False
300.0,9847d0c027bbaccb1847a48fd98a95ac.param,2.0,0.0,0.0,24.592,1405409883.0,5bfa06e7e66379108463b9ef171b4846,49178.0,1.0,0.0,3.659,7-33,24671.0,0.0,528614.0,4713.0,2.076,5473.0,4713.0,-1.0,6022.0,0.0,492305.0,6955.0,1405409883.0,21.0,1.262,3.338,0.28,534089.0,False
300.0,3c59340fb353a585970ae15583e52dc2.param,0.0,0.0,0.0,63.303999999999995,1923385776.0,8e2fae755bb8b3cf32c04277adc13bc0,284066.0,1.0,0.0,25.804000000000002,7-33,127539.0,0.0,1573357.0,9643.0,6.041,16803.0,9643.0,-1.0,17869.0,0.0,1255512.0,21992.0,1923385776.0,32.0,18.668,24.709,0.63,1590162.0,False
300.0,3c59340fb353a585970ae15583e52dc2.param,1.0,0.0,0.0,59.647,1923385776.0,8e2fae755bb8b3cf32c04277adc13bc0,284066.0,1.0,0.0,25.874000000000002,7-33,127539.0,0.0,1573357.0,9643.0,5.981,16803.0,9643.0,-1.0,17869.0,0.0,1255512.0,21992.0,1923385776.0,32.0,18.766,24.747,0.63,1590162.0,False
300.0,3c59340fb353a585970ae15583e52dc2.param,2.0,0.0,0.0,62.633,1923385776.0,8e2fae755bb8b3cf32c04277adc13bc0,284066.0,1.0,0.0,26.778000000000002,7-33,127539.0,0.0,1573357.0,9643.0,6.202000000000001,16803.0,9643.0,-1.0,17869.0,0.0,1255512.0,21992.0,1923385776.0,32.0,19.407,25.609,0.63,1590162.0,False
300.0,964d1ae550e8b1567ec8e3803e14c5da.param,0.0,0.0,0.0,35.606,693280077.0,4d86c2dffc8eb88b554fbce715fe9a8d,48781.0,1.0,0.0,5.687,7-33,23003.0,0.0,866306.0,4114.0,3.448,12442.0,4114.0,-1.0,8124.0,0.0,497780.0,16183.0,693280077.0,17.0,1.594,5.042,0.63,878750.0,False
300.0,964d1ae550e8b1567ec8e3803e14c5da.param,1.0,0.0,0.0,33.141999999999996,693280077.0,4d86c2dffc8eb88b554fbce715fe9a8d,48781.0,1.0,0.0,5.3020000000000005,7-33,23003.0,0.0,866306.0,4114.0,3.3760000000000003,12442.0,4114.0,-1.0,8124.0,0.0,497780.0,16183.0,693280077.0,17.0,1.45,4.8260000000000005,0.63,878750.0,False
300.0,964d1ae550e8b1567ec8e3803e14c5da.param,2.0,0.0,0.0,34.827,693280077.0,4d86c2dffc8eb88b554fbce715fe9a8d,48781.0,1.0,0.0,5.22,7-33,23003.0,0.0,866306.0,4114.0,3.295,12442.0,4114.0,-1.0,8124.0,0.0,497780.0,16183.0,693280077.0,17.0,1.4369999999999998,4.732,0.63,878750.0,False
300.0,c561707c3f0ff054acd49c4f7f7f9eae.param,0.0,0.0,0.0,74.706,590654055.0,2b1ca3591e519466f8150323958cb64e,115627.0,1.0,0.0,12.067,7-33,44574.0,0.0,1849718.0,5717.0,7.244,18565.0,5717.0,-1.0,12171.0,0.0,1035496.0,24274.0,590654055.0,25.0,3.8139999999999996,11.058,0.94,1868285.0,False
300.0,c561707c3f0ff054acd49c4f7f7f9eae.param,1.0,0.0,0.0,72.907,590654055.0,2b1ca3591e519466f8150323958cb64e,115627.0,1.0,0.0,12.002,7-33,44574.0,0.0,1849718.0,5717.0,7.2070000000000025,18565.0,5717.0,-1.0,12171.0,0.0,1035496.0,24274.0,590654055.0,25.0,3.7969999999999997,11.004000000000001,0.94,1868285.0,False
300.0,c561707c3f0ff054acd49c4f7f7f9eae.param,2.0,0.0,0.0,75.455,590654055.0,2b1ca3591e519466f8150323958cb64e,115627.0,1.0,0.0,11.815,7-33,44574.0,0.0,1849718.0,5717.0,7.0710000000000015,18565.0,5717.0,-1.0,12171.0,0.0,1035496.0,24274.0,590654055.0,25.0,3.7680000000000002,10.839,0.94,1868285.0,False
300.0,be934c0585611c7f00126ccfde3651ad.param,0.0,0.0,0.0,59.653,590654055.0,b14789323212554baf1b563f92c7227e,492802.0,1.0,0.0,38.446,7-33,272662.0,0.0,1527161.0,10287.0,5.836,15484.0,10287.0,-1.0,28935.0,0.0,1703061.0,20161.0,590654055.0,36.0,31.768,37.604,0.94,1542647.0,False
300.0,be934c0585611c7f00126ccfde3651ad.param,1.0,0.0,0.0,58.55,590654055.0,b14789323212554baf1b563f92c7227e,492802.0,1.0,0.0,38.738,7-33,272662.0,0.0,1527161.0,10287.0,6.025,15484.0,10287.0,-1.0,28935.0,0.0,1703061.0,20161.0,590654055.0,36.0,31.903000000000002,37.928000000000004,0.94,1542647.0,False
300.0,be934c0585611c7f00126ccfde3651ad.param,2.0,0.0,0.0,58.583,590654055.0,b14789323212554baf1b563f92c7227e,492802.0,1.0,0.0,38.132,7-33,272662.0,0.0,1527161.0,10287.0,5.827999999999999,15484.0,10287.0,-1.0,28935.0,0.0,1703061.0,20161.0,590654055.0,36.0,31.458000000000002,37.286,0.94,1542647.0,False
300.0,a1d4e09d3abf0a4eca987babbe1df4ca.param,0.0,0.0,0.0,5.127000000000002,1571287961.0,69b5f2df0deeda251edb38c6c5e59660,410409.0,1.0,0.0,8.192,7-33,332979.0,0.0,104144.0,10384.0,0.369,1039.0,10384.0,-1.0,7634.0,0.0,1298097.0,1036.0,1571287961.0,37.0,7.732,8.101,0.28,105185.0,False
300.0,a1d4e09d3abf0a4eca987babbe1df4ca.param,1.0,0.0,0.0,4.718,1571287961.0,69b5f2df0deeda251edb38c6c5e59660,410409.0,1.0,0.0,8.369,7-33,332979.0,0.0,104144.0,10384.0,0.365,1039.0,10384.0,-1.0,7634.0,0.0,1298097.0,1036.0,1571287961.0,37.0,7.914,8.279,0.28,105185.0,False
300.0,a1d4e09d3abf0a4eca987babbe1df4ca.param,2.0,0.0,0.0,4.992,1571287961.0,69b5f2df0deeda251edb38c6c5e59660,410409.0,1.0,0.0,8.275,7-33,332979.0,0.0,104144.0,10384.0,0.364,1039.0,10384.0,-1.0,7634.0,0.0,1298097.0,1036.0,1571287961.0,37.0,7.818,8.182,0.28,105185.0,False
300.0,ff29c8f9c07b239fedaec27dbf4ce49d.param,0.0,0.0,0.0,30.122,34754393.0,3f3273796baa4ebe9a82385fd197654e,1111058.0,1.0,0.0,46.39100000000001,7-33,929750.0,0.0,720801.0,9643.0,2.7060000000000004,7701.0,9643.0,-1.0,28564.0,0.0,1289338.0,9840.0,34754393.0,32.0,43.247,45.953,0.94,728504.0,False
300.0,ff29c8f9c07b239fedaec27dbf4ce49d.param,1.0,0.0,0.0,31.421999999999997,34754393.0,3f3273796baa4ebe9a82385fd197654e,1111058.0,1.0,0.0,46.52,7-33,929750.0,0.0,720801.0,9643.0,2.773,7701.0,9643.0,-1.0,28564.0,0.0,1289338.0,9840.0,34754393.0,32.0,43.309,46.082,0.94,728504.0,False
300.0,ff29c8f9c07b239fedaec27dbf4ce49d.param,2.0,0.0,0.0,30.663,34754393.0,3f3273796baa4ebe9a82385fd197654e,1111058.0,1.0,0.0,46.203,7-33,929750.0,0.0,720801.0,9643.0,2.75,7701.0,9643.0,-1.0,28564.0,0.0,1289338.0,9840.0,34754393.0,32.0,43.021,45.771,0.94,728504.0,False
300.0,813211425de754d47420bda81be7c3af.param,0.0,0.0,0.0,26.092,2028359165.0,75e586cada736c52209106b60847a737,424977.0,1.0,0.0,10.148,7-33,332129.0,0.0,645138.0,5708.0,2.46,7809.0,5708.0,-1.0,14113.0,0.0,737053.0,10097.0,2028359165.0,25.0,7.31,9.77,0.42,652949.0,False
300.0,813211425de754d47420bda81be7c3af.param,1.0,0.0,0.0,27.361,2028359165.0,75e586cada736c52209106b60847a737,424977.0,1.0,0.0,10.11,7-33,332129.0,0.0,645138.0,5708.0,2.484,7809.0,5708.0,-1.0,14113.0,0.0,737053.0,10097.0,2028359165.0,25.0,7.234,9.718,0.42,652949.0,False
300.0,813211425de754d47420bda81be7c3af.param,2.0,0.0,0.0,28.471999999999998,2028359165.0,75e586cada736c52209106b60847a737,424977.0,1.0,0.0,10.13,7-33,332129.0,0.0,645138.0,5708.0,2.447,7809.0,5708.0,-1.0,14113.0,0.0,737053.0,10097.0,2028359165.0,25.0,7.314,9.761000000000001,0.42,652949.0,False
300.0,f48c0154c055dd2d9e427d94e5cc96fd.param,0.0,0.0,0.0,46.376999999999995,1098776393.0,f490634bcc0400efed0018f68adbc78d,411237.0,1.0,0.0,38.728,7-33,209641.0,0.0,1253980.0,10381.0,5.035,12219.0,10381.0,-1.0,21741.0,0.0,2053011.0,15902.0,1098776393.0,37.0,32.859,37.894,0.63,1266201.0,False
300.0,f48c0154c055dd2d9e427d94e5cc96fd.param,1.0,0.0,0.0,50.038000000000004,1098776393.0,f490634bcc0400efed0018f68adbc78d,411237.0,1.0,0.0,38.409,7-33,209641.0,0.0,1253980.0,10381.0,4.801,12219.0,10381.0,-1.0,21741.0,0.0,2053011.0,15902.0,1098776393.0,37.0,32.696999999999996,37.49800000000001,0.63,1266201.0,False
300.0,f48c0154c055dd2d9e427d94e5cc96fd.param,2.0,0.0,0.0,52.555,1098776393.0,f490634bcc0400efed0018f68adbc78d,411237.0,1.0,0.0,37.751999999999995,7-33,209641.0,0.0,1253980.0,10381.0,4.842,12219.0,10381.0,-1.0,21741.0,0.0,2053011.0,15902.0,1098776393.0,37.0,31.986,36.828,0.63,1266201.0,False
300.0,573a8627b23c29141b9965518a1ea628.param,0.0,0.0,0.0,74.164,1057470620.0,5f34b0d2bfba21cffdc9eac65d25bb1c,697133.0,1.0,0.0,45.129,7-33,445678.0,0.0,1833998.0,9770.0,7.1720000000000015,19177.0,9770.0,-1.0,30536.0,0.0,1643994.0,25078.0,1057470620.0,33.0,36.92,44.092,0.94,1853177.0,False
300.0,573a8627b23c29141b9965518a1ea628.param,1.0,0.0,0.0,69.363,1057470620.0,5f34b0d2bfba21cffdc9eac65d25bb1c,697133.0,1.0,0.0,45.567,7-33,445678.0,0.0,1833998.0,9770.0,7.093999999999999,19177.0,9770.0,-1.0,30536.0,0.0,1643994.0,25078.0,1057470620.0,33.0,37.106,44.2,0.94,1853177.0,False
300.0,573a8627b23c29141b9965518a1ea628.param,2.0,0.0,0.0,68.365,1057470620.0,5f34b0d2bfba21cffdc9eac65d25bb1c,697133.0,1.0,0.0,45.925,7-33,445678.0,0.0,1833998.0,9770.0,7.087999999999999,19177.0,9770.0,-1.0,30536.0,0.0,1643994.0,25078.0,1057470620.0,33.0,37.503,44.591,0.94,1853177.0,False
300.0,9038037b7d7e09779716658ee51f043a.param,0.0,0.0,0.0,36.461999999999996,1470727592.0,61e368e4eedccb455c251bcef2ed97ab,54249.0,1.0,0.0,4.827,7-33,21722.0,0.0,886733.0,4636.0,3.3789999999999996,12043.0,4636.0,-1.0,7865.0,0.0,447738.0,15712.0,1470727592.0,20.0,0.948,4.327,0.63,898778.0,False
300.0,9038037b7d7e09779716658ee51f043a.param,1.0,0.0,0.0,34.071,1470727592.0,61e368e4eedccb455c251bcef2ed97ab,54249.0,1.0,0.0,4.7330000000000005,7-33,21722.0,0.0,886733.0,4636.0,3.35,12043.0,4636.0,-1.0,7865.0,0.0,447738.0,15712.0,1470727592.0,20.0,0.912,4.262,0.63,898778.0,False
300.0,9038037b7d7e09779716658ee51f043a.param,2.0,0.0,0.0,34.667,1470727592.0,61e368e4eedccb455c251bcef2ed97ab,54249.0,1.0,0.0,5.023,7-33,21722.0,0.0,886733.0,4636.0,3.5460000000000003,12043.0,4636.0,-1.0,7865.0,0.0,447738.0,15712.0,1470727592.0,20.0,0.9670000000000001,4.513,0.63,898778.0,False
300.0,1ec21c7d8e15d35901cd608efade836b.param,0.0,0.0,0.0,8.567,1802391418.0,0de377d95b9926dea14bb5f21b91ed69,90936.0,1.0,0.0,5.518,7-33,31942.0,0.0,189220.0,9770.0,0.6809999999999999,1982.0,9770.0,-1.0,9171.0,0.0,814553.0,2347.0,1802391418.0,33.0,4.698,5.379,0.28,191204.0,False
300.0,1ec21c7d8e15d35901cd608efade836b.param,1.0,0.0,0.0,8.725,1802391418.0,0de377d95b9926dea14bb5f21b91ed69,90936.0,1.0,0.0,5.57,7-33,31942.0,0.0,189220.0,9770.0,0.6809999999999999,1982.0,9770.0,-1.0,9171.0,0.0,814553.0,2347.0,1802391418.0,33.0,4.75,5.431,0.28,191204.0,False
300.0,1ec21c7d8e15d35901cd608efade836b.param,2.0,0.0,0.0,8.642999999999999,1802391418.0,0de377d95b9926dea14bb5f21b91ed69,90936.0,1.0,0.0,5.505,7-33,31942.0,0.0,189220.0,9770.0,0.67,1982.0,9770.0,-1.0,9171.0,0.0,814553.0,2347.0,1802391418.0,33.0,4.697,5.367000000000001,0.28,191204.0,False
300.0,82716a7451af0bb025940cb2be8712d2.param,0.0,0.0,0.0,14.325999999999999,1802391418.0,46dafc337aefda67472f11925fe42766,43833.0,1.0,0.0,2.445,7-33,10575.0,0.0,314629.0,5638.0,1.1840000000000002,3857.0,5638.0,-1.0,5145.0,0.0,465377.0,4868.0,1802391418.0,24.0,1.053,2.237,0.19,318488.0,False
300.0,82716a7451af0bb025940cb2be8712d2.param,1.0,0.0,0.0,13.963,1802391418.0,46dafc337aefda67472f11925fe42766,43833.0,1.0,0.0,2.36,7-33,10575.0,0.0,314629.0,5638.0,1.1420000000000001,3857.0,5638.0,-1.0,5145.0,0.0,465377.0,4868.0,1802391418.0,24.0,1.022,2.164,0.19,318488.0,False
300.0,82716a7451af0bb025940cb2be8712d2.param,2.0,0.0,0.0,13.802999999999999,1802391418.0,46dafc337aefda67472f11925fe42766,43833.0,1.0,0.0,2.408,7-33,10575.0,0.0,314629.0,5638.0,1.167,3857.0,5638.0,-1.0,5145.0,0.0,465377.0,4868.0,1802391418.0,24.0,1.045,2.2119999999999997,0.19,318488.0,False
300.0,2389afb57cc1c7542bfddc76320706af.param,0.0,0.0,0.0,37.262,1405409883.0,7cb0a701bdfe50e0b91351153fb4a0db,62352.0,1.0,0.0,5.644,7-33,17137.0,0.0,929595.0,4094.0,3.488,13161.0,4094.0,-1.0,8717.0,0.0,441659.0,17186.0,1405409883.0,16.0,1.653,5.141,0.63,942758.0,False
300.0,2389afb57cc1c7542bfddc76320706af.param,1.0,0.0,0.0,37.389,1405409883.0,7cb0a701bdfe50e0b91351153fb4a0db,62352.0,1.0,0.0,5.919,7-33,17137.0,0.0,929595.0,4094.0,3.6889999999999996,13161.0,4094.0,-1.0,8717.0,0.0,441659.0,17186.0,1405409883.0,16.0,1.676,5.365,0.63,942758.0,False
300.0,2389afb57cc1c7542bfddc76320706af.param,2.0,0.0,0.0,35.461999999999996,1405409883.0,7cb0a701bdfe50e0b91351153fb4a0db,62352.0,1.0,0.0,5.819,7-33,17137.0,0.0,929595.0,4094.0,3.628,13161.0,4094.0,-1.0,8717.0,0.0,441659.0,17186.0,1405409883.0,16.0,1.643,5.271,0.63,942758.0,False
300.0,0faee3ca8e450721dd5b73cb48656439.param,0.0,0.0,0.0,103.647,221638566.0,0477e9932dde899154d0365e8a05f15d,431159.0,1.0,0.0,53.571999999999996,7-33,241938.0,0.0,2546907.0,9770.0,9.951,26354.0,9770.0,-1.0,26838.0,0.0,1314347.0,34611.0,221638566.0,33.0,42.285,52.236000000000004,0.94,2573263.0,False
300.0,0faee3ca8e450721dd5b73cb48656439.param,1.0,0.0,0.0,103.057,221638566.0,0477e9932dde899154d0365e8a05f15d,431159.0,1.0,0.0,54.167,7-33,241938.0,0.0,2546907.0,9770.0,9.953,26354.0,9770.0,-1.0,26838.0,0.0,1314347.0,34611.0,221638566.0,33.0,42.402,52.355,0.94,2573263.0,False
300.0,0faee3ca8e450721dd5b73cb48656439.param,2.0,0.0,0.0,102.791,221638566.0,0477e9932dde899154d0365e8a05f15d,431159.0,1.0,0.0,53.823,7-33,241938.0,0.0,2546907.0,9770.0,9.841000000000001,26354.0,9770.0,-1.0,26838.0,0.0,1314347.0,34611.0,221638566.0,33.0,42.19600000000001,52.037,0.94,2573263.0,False
300.0,400673ca8ff3edef3535b5791da29758.param,0.0,0.0,0.0,31.273000000000003,1139903203.0,a90b84c7267ab0ab6963ba2309e5e0a8,62294.0,1.0,0.0,4.979,7-33,20713.0,0.0,701242.0,4667.0,2.72,9273.0,4667.0,-1.0,6038.0,0.0,605383.0,12035.0,1139903203.0,20.0,1.834,4.553999999999999,0.42,710517.0,False
300.0,400673ca8ff3edef3535b5791da29758.param,1.0,0.0,0.0,30.895,1139903203.0,a90b84c7267ab0ab6963ba2309e5e0a8,62294.0,1.0,0.0,4.8469999999999995,7-33,20713.0,0.0,701242.0,4667.0,2.653,9273.0,4667.0,-1.0,6038.0,0.0,605383.0,12035.0,1139903203.0,20.0,1.786,4.439,0.42,710517.0,False
300.0,400673ca8ff3edef3535b5791da29758.param,2.0,0.0,0.0,30.544,1139903203.0,a90b84c7267ab0ab6963ba2309e5e0a8,62294.0,1.0,0.0,4.825,7-33,20713.0,0.0,701242.0,4667.0,2.673,9273.0,4667.0,-1.0,6038.0,0.0,605383.0,12035.0,1139903203.0,20.0,1.755,4.428,0.42,710517.0,False
300.0,8e69ece5afd42db3ce1e7ed475eaaf08.param,0.0,0.0,0.0,32.885999999999996,1979567522.0,c8a6ee71376e30375498fc374bcc4cd8,82175.0,1.0,0.0,9.557,7-33,16340.0,0.0,829910.0,4636.0,3.178,11272.0,4636.0,-1.0,11819.0,0.0,645774.0,14653.0,1979567522.0,20.0,5.7379999999999995,8.916,0.42,841184.0,False
300.0,8e69ece5afd42db3ce1e7ed475eaaf08.param,1.0,0.0,0.0,34.563,1979567522.0,c8a6ee71376e30375498fc374bcc4cd8,82175.0,1.0,0.0,9.606,7-33,16340.0,0.0,829910.0,4636.0,3.161,11272.0,4636.0,-1.0,11819.0,0.0,645774.0,14653.0,1979567522.0,20.0,5.816,8.977,0.42,841184.0,False
300.0,8e69ece5afd42db3ce1e7ed475eaaf08.param,2.0,0.0,0.0,32.361999999999995,1979567522.0,c8a6ee71376e30375498fc374bcc4cd8,82175.0,1.0,0.0,9.396,7-33,16340.0,0.0,829910.0,4636.0,3.128,11272.0,4636.0,-1.0,11819.0,0.0,645774.0,14653.0,1979567522.0,20.0,5.629,8.757,0.42,841184.0,False
300.0,9f516f1949bb094c061b924b07b9239e.param,0.0,0.0,0.0,25.86,1234135464.0,f8f13e8f5bff453ad5657a8f0c20b089,110791.0,1.0,0.0,5.51,7-33,55926.0,0.0,616978.0,5747.0,2.344,7379.0,5747.0,-1.0,11637.0,0.0,463307.0,9532.0,1234135464.0,25.0,2.799,5.143,0.42,624359.0,False
300.0,9f516f1949bb094c061b924b07b9239e.param,1.0,0.0,0.0,27.279,1234135464.0,f8f13e8f5bff453ad5657a8f0c20b089,110791.0,1.0,0.0,5.5329999999999995,7-33,55926.0,0.0,616978.0,5747.0,2.374,7379.0,5747.0,-1.0,11637.0,0.0,463307.0,9532.0,1234135464.0,25.0,2.7880000000000003,5.162000000000001,0.42,624359.0,False
300.0,9f516f1949bb094c061b924b07b9239e.param,2.0,0.0,0.0,28.072,1234135464.0,f8f13e8f5bff453ad5657a8f0c20b089,110791.0,1.0,0.0,5.649,7-33,55926.0,0.0,616978.0,5747.0,2.372,7379.0,5747.0,-1.0,11637.0,0.0,463307.0,9532.0,1234135464.0,25.0,2.904,5.276,0.42,624359.0,False
300.0,589bbf864478462408d49f56b3acebc9.param,0.0,0.0,0.0,49.545,182366586.0,36f6bf96361ac008bfdc467dab65d4f6,82450.0,1.0,0.0,8.751,7-33,27267.0,0.0,1239908.0,6280.0,4.937,14149.0,6280.0,-1.0,10606.0,0.0,744699.0,18481.0,182366586.0,28.0,3.111,8.048,0.63,1254059.0,False
300.0,589bbf864478462408d49f56b3acebc9.param,1.0,0.0,0.0,47.0,182366586.0,36f6bf96361ac008bfdc467dab65d4f6,82450.0,1.0,0.0,8.526,7-33,27267.0,0.0,1239908.0,6280.0,4.755,14149.0,6280.0,-1.0,10606.0,0.0,744699.0,18481.0,182366586.0,28.0,3.093,7.848,0.63,1254059.0,False
300.0,589bbf864478462408d49f56b3acebc9.param,2.0,0.0,0.0,49.073,182366586.0,36f6bf96361ac008bfdc467dab65d4f6,82450.0,1.0,0.0,8.61,7-33,27267.0,0.0,1239908.0,6280.0,4.883,14149.0,6280.0,-1.0,10606.0,0.0,744699.0,18481.0,182366586.0,28.0,3.03,7.9129999999999985,0.63,1254059.0,False
300.0,911e1a0f8b4680f2864fa59b12973cad.param,0.0,0.0,0.0,39.37300000000001,1145031130.0,5f67c654333d4ef1ea2952a80d296a20,87690.0,1.0,0.0,9.275,7-33,26909.0,0.0,989402.0,4119.0,3.7889999999999997,14009.0,4119.0,-1.0,13863.0,0.0,405734.0,18191.0,1145031130.0,17.0,4.761,8.55,0.63,1003413.0,False
300.0,911e1a0f8b4680f2864fa59b12973cad.param,1.0,0.0,0.0,40.141,1145031130.0,5f67c654333d4ef1ea2952a80d296a20,87690.0,1.0,0.0,9.172,7-33,26909.0,0.0,989402.0,4119.0,3.912,14009.0,4119.0,-1.0,13863.0,0.0,405734.0,18191.0,1145031130.0,17.0,4.72,8.632,0.63,1003413.0,False
300.0,911e1a0f8b4680f2864fa59b12973cad.param,2.0,0.0,0.0,41.06100000000001,1145031130.0,5f67c654333d4ef1ea2952a80d296a20,87690.0,1.0,0.0,9.195,7-33,26909.0,0.0,989402.0,4119.0,3.909,14009.0,4119.0,-1.0,13863.0,0.0,405734.0,18191.0,1145031130.0,17.0,4.73,8.639,0.63,1003413.0,False
300.0,3631b5ebf342811f42ca903194874739.param,0.0,0.0,0.0,20.363,254168822.0,c812b0abe15de25026c42defb177c113,71094.0,1.0,0.0,4.337,7-33,17723.0,0.0,499213.0,6279.0,1.881,5699.0,6279.0,-1.0,7931.0,0.0,600343.0,7292.0,254168822.0,28.0,2.153,4.034,0.28,504914.0,False
300.0,3631b5ebf342811f42ca903194874739.param,1.0,0.0,0.0,21.763,254168822.0,c812b0abe15de25026c42defb177c113,71094.0,1.0,0.0,4.388,7-33,17723.0,0.0,499213.0,6279.0,1.8719999999999999,5699.0,6279.0,-1.0,7931.0,0.0,600343.0,7292.0,254168822.0,28.0,2.188,4.06,0.28,504914.0,False
300.0,3631b5ebf342811f42ca903194874739.param,2.0,0.0,0.0,23.334,254168822.0,c812b0abe15de25026c42defb177c113,71094.0,1.0,0.0,4.2989999999999995,7-33,17723.0,0.0,499213.0,6279.0,1.8519999999999999,5699.0,6279.0,-1.0,7931.0,0.0,600343.0,7292.0,254168822.0,28.0,2.1430000000000002,3.995,0.28,504914.0,False
300.0,356667c28689cc2615ddddc6ad11e53e.param,0.0,0.0,0.0,77.215,693280077.0,659dba318c768641423d31c861457478,226495.0,1.0,0.0,20.5,7-33,56869.0,0.0,1949255.0,6390.0,7.774,21506.0,6390.0,-1.0,22769.0,0.0,2059488.0,28159.0,693280077.0,29.0,11.562000000000001,19.336,0.94,1970763.0,False
300.0,356667c28689cc2615ddddc6ad11e53e.param,1.0,0.0,0.0,72.567,693280077.0,659dba318c768641423d31c861457478,226495.0,1.0,0.0,19.484,7-33,56869.0,0.0,1949255.0,6390.0,7.848,21506.0,6390.0,-1.0,22769.0,0.0,2059488.0,28159.0,693280077.0,29.0,10.6,18.448,0.94,1970763.0,False
300.0,356667c28689cc2615ddddc6ad11e53e.param,2.0,0.0,0.0,77.89699999999998,693280077.0,659dba318c768641423d31c861457478,226495.0,1.0,0.0,20.452,7-33,56869.0,0.0,1949255.0,6390.0,7.797999999999999,21506.0,6390.0,-1.0,22769.0,0.0,2059488.0,28159.0,693280077.0,29.0,11.338,19.136,0.94,1970763.0,False
300.0,a38985b17ca7f54344b29181a8584654.param,0.0,0.0,0.0,41.172,221638566.0,111915ee8c780ccf0de9ce5bf3ab19c9,89704.0,1.0,0.0,10.853,7-33,23899.0,0.0,1019912.0,4000.0,3.892,15540.0,4000.0,-1.0,14069.0,0.0,525089.0,20249.0,221638566.0,16.0,6.16,10.052,0.63,1035454.0,False
300.0,a38985b17ca7f54344b29181a8584654.param,1.0,0.0,0.0,40.11,221638566.0,111915ee8c780ccf0de9ce5bf3ab19c9,89704.0,1.0,0.0,10.514000000000001,7-33,23899.0,0.0,1019912.0,4000.0,3.957,15540.0,4000.0,-1.0,14069.0,0.0,525089.0,20249.0,221638566.0,16.0,5.968,9.925,0.63,1035454.0,False
300.0,a38985b17ca7f54344b29181a8584654.param,2.0,0.0,0.0,41.106,221638566.0,111915ee8c780ccf0de9ce5bf3ab19c9,89704.0,1.0,0.0,10.538,7-33,23899.0,0.0,1019912.0,4000.0,3.907,15540.0,4000.0,-1.0,14069.0,0.0,525089.0,20249.0,221638566.0,16.0,6.027,9.934,0.63,1035454.0,False
300.0,5c79d1d9a7223b0aa7f24b9abb13ee2f.param,0.0,0.0,0.0,65.958,1923385776.0,d5188ea29a9f7cfdce4d47d4614353dc,298975.0,1.0,0.0,40.792,7-33,109059.0,0.0,1815806.0,9641.0,7.046,19601.0,9641.0,-1.0,21272.0,0.0,2125385.0,25695.0,1923385776.0,32.0,32.805,39.851,0.94,1835409.0,False
300.0,5c79d1d9a7223b0aa7f24b9abb13ee2f.param,1.0,0.0,0.0,71.157,1923385776.0,d5188ea29a9f7cfdce4d47d4614353dc,298975.0,1.0,0.0,42.655,7-33,109059.0,0.0,1815806.0,9641.0,7.169,19601.0,9641.0,-1.0,21272.0,0.0,2125385.0,25695.0,1923385776.0,32.0,34.163000000000004,41.332,0.94,1835409.0,False
300.0,5c79d1d9a7223b0aa7f24b9abb13ee2f.param,2.0,0.0,0.0,68.154,1923385776.0,d5188ea29a9f7cfdce4d47d4614353dc,298975.0,1.0,0.0,42.147,7-33,109059.0,0.0,1815806.0,9641.0,7.297999999999999,19601.0,9641.0,-1.0,21272.0,0.0,2125385.0,25695.0,1923385776.0,32.0,33.873000000000005,41.17100000000001,0.94,1835409.0,False
300.0,7ee038a2d306328bf29f3cc3ddd33ea0.param,0.0,0.0,0.0,64.203,2050821110.0,2552ef5205b043dd5eb377b093d1e072,407420.0,1.0,0.0,40.975,7-33,182665.0,0.0,1605453.0,10289.0,6.11,16277.0,10289.0,-1.0,25542.0,0.0,1549717.0,21272.0,2050821110.0,36.0,33.702,39.812,0.94,1621732.0,False
300.0,7ee038a2d306328bf29f3cc3ddd33ea0.param,1.0,0.0,0.0,62.949,2050821110.0,2552ef5205b043dd5eb377b093d1e072,407420.0,1.0,0.0,41.254,7-33,182665.0,0.0,1605453.0,10289.0,6.143,16277.0,10289.0,-1.0,25542.0,0.0,1549717.0,21272.0,2050821110.0,36.0,33.899,40.042,0.94,1621732.0,False
300.0,7ee038a2d306328bf29f3cc3ddd33ea0.param,2.0,0.0,0.0,67.042,2050821110.0,2552ef5205b043dd5eb377b093d1e072,407420.0,1.0,0.0,40.65,7-33,182665.0,0.0,1605453.0,10289.0,6.205,16277.0,10289.0,-1.0,25542.0,0.0,1549717.0,21272.0,2050821110.0,36.0,33.616,39.821,0.94,1621732.0,False
300.0,bebd2cfe5e0562ebe11dc365507fd898.param,0.0,0.0,0.0,33.516,372553220.0,3b6f480045b4c64f3aff536adccaf960,183598.0,1.0,0.0,11.104000000000001,7-33,40611.0,0.0,773294.0,11343.0,2.965,7393.0,11343.0,-1.0,18588.0,0.0,980081.0,9460.0,372553220.0,41.0,7.675,10.64,0.63,780689.0,False
300.0,bebd2cfe5e0562ebe11dc365507fd898.param,1.0,0.0,0.0,32.451,372553220.0,3b6f480045b4c64f3aff536adccaf960,183598.0,1.0,0.0,11.064,7-33,40611.0,0.0,773294.0,11343.0,2.9160000000000004,7393.0,11343.0,-1.0,18588.0,0.0,980081.0,9460.0,372553220.0,41.0,7.712999999999999,10.629000000000001,0.63,780689.0,False
300.0,bebd2cfe5e0562ebe11dc365507fd898.param,2.0,0.0,0.0,32.018,372553220.0,3b6f480045b4c64f3aff536adccaf960,183598.0,1.0,0.0,10.908,7-33,40611.0,0.0,773294.0,11343.0,2.888,7393.0,11343.0,-1.0,18588.0,0.0,980081.0,9460.0,372553220.0,41.0,7.607,10.495,0.63,780689.0,False
300.0,a37d28d43d69aa0103e8f6c03a25328d.param,0.0,0.0,0.0,10.649000000000001,1057470620.0,fd7d081fb5b5195511198526b9cfb0e7,3423264.0,1.0,0.0,23.215999999999998,7-33,3243828.0,0.0,220418.0,11344.0,0.847,2091.0,11344.0,-1.0,21076.0,0.0,3734536.0,2362.0,1057470620.0,41.0,22.201,23.048000000000002,0.63,222511.0,False
300.0,a37d28d43d69aa0103e8f6c03a25328d.param,1.0,0.0,0.0,10.524000000000001,1057470620.0,fd7d081fb5b5195511198526b9cfb0e7,3423264.0,1.0,0.0,25.221999999999998,7-33,3243828.0,0.0,220418.0,11344.0,0.82,2091.0,11344.0,-1.0,21076.0,0.0,3734536.0,2362.0,1057470620.0,41.0,24.226,25.046,0.63,222511.0,False
300.0,a37d28d43d69aa0103e8f6c03a25328d.param,2.0,0.0,0.0,10.201,1057470620.0,fd7d081fb5b5195511198526b9cfb0e7,3423264.0,1.0,0.0,24.241999999999997,7-33,3243828.0,0.0,220418.0,11344.0,0.8220000000000001,2091.0,11344.0,-1.0,21076.0,0.0,3734536.0,2362.0,1057470620.0,41.0,23.215,24.037,0.63,222511.0,False
300.0,d0799a9d39f0850315a55b0ab4917638.param,0.0,0.0,0.0,46.235,1918631718.0,1c3dd1a88fc3451f4ca94c5ce06bc0f1,298368.0,1.0,0.0,15.767999999999999,7-33,190301.0,0.0,1137518.0,5781.0,4.388999999999999,13441.0,5781.0,-1.0,20064.0,0.0,1492170.0,17533.0,1918631718.0,25.0,10.502,14.890999999999998,0.63,1150961.0,False
300.0,d0799a9d39f0850315a55b0ab4917638.param,1.0,0.0,0.0,45.86600000000001,1918631718.0,1c3dd1a88fc3451f4ca94c5ce06bc0f1,298368.0,1.0,0.0,15.377,7-33,190301.0,0.0,1137518.0,5781.0,4.336,13441.0,5781.0,-1.0,20064.0,0.0,1492170.0,17533.0,1918631718.0,25.0,10.238,14.574000000000002,0.63,1150961.0,False
300.0,d0799a9d39f0850315a55b0ab4917638.param,2.0,0.0,0.0,46.338,1918631718.0,1c3dd1a88fc3451f4ca94c5ce06bc0f1,298368.0,1.0,0.0,15.419,7-33,190301.0,0.0,1137518.0,5781.0,4.385,13441.0,5781.0,-1.0,20064.0,0.0,1492170.0,17533.0,1918631718.0,25.0,10.376,14.761,0.63,1150961.0,False
300.0,6074526f967671a9c7cc808bdb4dbadb.param,0.0,0.0,0.0,75.499,1470727592.0,0b0a686c7a1af713195f80f998cbd6fa,475300.0,1.0,0.0,39.542,7-33,207390.0,0.0,1926203.0,10277.0,7.439,19528.0,10277.0,-1.0,24925.0,0.0,1508141.0,25597.0,1470727592.0,36.0,31.04,38.479,0.94,1945733.0,False
300.0,6074526f967671a9c7cc808bdb4dbadb.param,1.0,0.0,0.0,76.404,1470727592.0,0b0a686c7a1af713195f80f998cbd6fa,475300.0,1.0,0.0,40.826,7-33,207390.0,0.0,1926203.0,10277.0,7.69,19528.0,10277.0,-1.0,24925.0,0.0,1508141.0,25597.0,1470727592.0,36.0,31.713,39.403,0.94,1945733.0,False
300.0,6074526f967671a9c7cc808bdb4dbadb.param,2.0,0.0,0.0,79.577,1470727592.0,0b0a686c7a1af713195f80f998cbd6fa,475300.0,1.0,0.0,39.196999999999996,7-33,207390.0,0.0,1926203.0,10277.0,7.369,19528.0,10277.0,-1.0,24925.0,0.0,1508141.0,25597.0,1470727592.0,36.0,30.81,38.179,0.94,1945733.0,False
300.0,1a9658e08918a7701123bae3cad3fdfa.param,0.0,0.0,0.0,26.17,2136253402.0,10f92288b7ee50e8eae6eb15f6d9c025,207706.0,1.0,0.0,6.934,7-33,117198.0,0.0,550409.0,10379.0,2.099,5527.0,10379.0,-1.0,14553.0,0.0,981200.0,7024.0,2136253402.0,37.0,4.513999999999999,6.6129999999999995,0.42,555938.0,False
300.0,1a9658e08918a7701123bae3cad3fdfa.param,1.0,0.0,0.0,24.19400000000001,2136253402.0,10f92288b7ee50e8eae6eb15f6d9c025,207706.0,1.0,0.0,6.891,7-33,117198.0,0.0,550409.0,10379.0,2.0869999999999997,5527.0,10379.0,-1.0,14553.0,0.0,981200.0,7024.0,2136253402.0,37.0,4.4910000000000005,6.577999999999999,0.42,555938.0,False
300.0,1a9658e08918a7701123bae3cad3fdfa.param,2.0,0.0,0.0,25.474,2136253402.0,10f92288b7ee50e8eae6eb15f6d9c025,207706.0,1.0,0.0,7.194,7-33,117198.0,0.0,550409.0,10379.0,2.102,5527.0,10379.0,-1.0,14553.0,0.0,981200.0,7024.0,2136253402.0,37.0,4.664,6.766,0.42,555938.0,False
300.0,9d8011d62fbdace0c9682b0a56eb9c1a.param,0.0,0.0,0.0,15.33,475179535.0,be007036c53294becaabb911d445a7a1,87890.0,1.0,0.0,5.175,7-33,31102.0,0.0,354704.0,5755.0,1.35,4005.0,5755.0,-1.0,10172.0,0.0,603194.0,5025.0,475179535.0,25.0,3.6039999999999996,4.954,0.28,358711.0,False
300.0,9d8011d62fbdace0c9682b0a56eb9c1a.param,1.0,0.0,0.0,17.113,475179535.0,be007036c53294becaabb911d445a7a1,87890.0,1.0,0.0,5.162000000000001,7-33,31102.0,0.0,354704.0,5755.0,1.34,4005.0,5755.0,-1.0,10172.0,0.0,603194.0,5025.0,475179535.0,25.0,3.602,4.942,0.28,358711.0,False
300.0,9d8011d62fbdace0c9682b0a56eb9c1a.param,2.0,0.0,0.0,16.097,475179535.0,be007036c53294becaabb911d445a7a1,87890.0,1.0,0.0,5.157,7-33,31102.0,0.0,354704.0,5755.0,1.3090000000000002,4005.0,5755.0,-1.0,10172.0,0.0,603194.0,5025.0,475179535.0,25.0,3.637,4.9460000000000015,0.28,358711.0,False
300.0,8ee114f3baa9833ce2ff8acd1c2f17dc.param,0.0,0.0,0.0,36.344,1242281828.0,bbf9ecc1c78d071fd1205c4565915275,88469.0,1.0,0.0,6.857,7-33,25226.0,0.0,904809.0,5602.0,3.49,11363.0,5602.0,-1.0,10279.0,0.0,541655.0,14800.0,1242281828.0,24.0,2.8369999999999997,6.327000000000001,0.42,916174.0,False
300.0,8ee114f3baa9833ce2ff8acd1c2f17dc.param,1.0,0.0,0.0,35.284,1242281828.0,bbf9ecc1c78d071fd1205c4565915275,88469.0,1.0,0.0,6.825,7-33,25226.0,0.0,904809.0,5602.0,3.4810000000000003,11363.0,5602.0,-1.0,10279.0,0.0,541655.0,14800.0,1242281828.0,24.0,2.822,6.303,0.42,916174.0,False
300.0,8ee114f3baa9833ce2ff8acd1c2f17dc.param,2.0,0.0,0.0,37.604,1242281828.0,bbf9ecc1c78d071fd1205c4565915275,88469.0,1.0,0.0,6.905,7-33,25226.0,0.0,904809.0,5602.0,3.549,11363.0,5602.0,-1.0,10279.0,0.0,541655.0,14800.0,1242281828.0,24.0,2.859,6.4079999999999995,0.42,916174.0,False
300.0,c0ddd6d536dd36939b31e12d969323ca.param,0.0,0.0,0.0,14.677999999999999,1405409883.0,42f5a5098a8cf03e168baffae739a263,129646.0,1.0,0.0,5.165,7-33,40229.0,0.0,339904.0,11849.0,1.3359999999999999,3221.0,11849.0,-1.0,10614.0,0.0,1146358.0,3953.0,1405409883.0,44.0,3.553,4.888999999999999,0.42,343127.0,False
300.0,c0ddd6d536dd36939b31e12d969323ca.param,1.0,0.0,0.0,15.619000000000002,1405409883.0,42f5a5098a8cf03e168baffae739a263,129646.0,1.0,0.0,4.817,7-33,40229.0,0.0,339904.0,11849.0,1.247,3221.0,11849.0,-1.0,10614.0,0.0,1146358.0,3953.0,1405409883.0,44.0,3.365,4.612,0.42,343127.0,False
300.0,c0ddd6d536dd36939b31e12d969323ca.param,2.0,0.0,0.0,15.584000000000001,1405409883.0,42f5a5098a8cf03e168baffae739a263,129646.0,1.0,0.0,4.939,7-33,40229.0,0.0,339904.0,11849.0,1.301,3221.0,11849.0,-1.0,10614.0,0.0,1146358.0,3953.0,1405409883.0,44.0,3.42,4.721,0.42,343127.0,False
300.0,880c13fc9e1ae18f82e743ba707577a8.param,0.0,0.0,0.0,46.711999999999996,1923385776.0,74630eb80ce63a2b7ba43f98b517e296,56249.0,1.0,0.0,6.015,7-33,19886.0,0.0,1132502.0,4151.0,4.343,15809.0,4151.0,-1.0,10344.0,0.0,399915.0,20697.0,1923385776.0,17.0,1.026,5.369,0.63,1148313.0,False
300.0,880c13fc9e1ae18f82e743ba707577a8.param,1.0,0.0,0.0,43.523,1923385776.0,74630eb80ce63a2b7ba43f98b517e296,56249.0,1.0,0.0,6.032,7-33,19886.0,0.0,1132502.0,4151.0,4.327,15809.0,4151.0,-1.0,10344.0,0.0,399915.0,20697.0,1923385776.0,17.0,1.07,5.397,0.63,1148313.0,False
300.0,880c13fc9e1ae18f82e743ba707577a8.param,2.0,0.0,0.0,45.648999999999994,1923385776.0,74630eb80ce63a2b7ba43f98b517e296,56249.0,1.0,0.0,6.051,7-33,19886.0,0.0,1132502.0,4151.0,4.32,15809.0,4151.0,-1.0,10344.0,0.0,399915.0,20697.0,1923385776.0,17.0,1.037,5.357,0.63,1148313.0,False
300.0,3d9e7b6df6df75811f47376afe3f163c.param,0.0,0.0,0.0,17.546,1918631718.0,eb898ecc07d04e7d2fbfce68dc2b6d39,100479.0,1.0,0.0,4.125,7-33,33055.0,0.0,406440.0,6360.0,1.516,4538.0,6360.0,-1.0,16621.0,0.0,758996.0,5675.0,1918631718.0,29.0,2.362,3.878,0.63,410980.0,False
300.0,3d9e7b6df6df75811f47376afe3f163c.param,1.0,0.0,0.0,17.945,1918631718.0,eb898ecc07d04e7d2fbfce68dc2b6d39,100479.0,1.0,0.0,4.1930000000000005,7-33,33055.0,0.0,406440.0,6360.0,1.579,4538.0,6360.0,-1.0,16621.0,0.0,758996.0,5675.0,1918631718.0,29.0,2.363,3.9419999999999997,0.63,410980.0,False
300.0,3d9e7b6df6df75811f47376afe3f163c.param,2.0,0.0,0.0,17.971,1918631718.0,eb898ecc07d04e7d2fbfce68dc2b6d39,100479.0,1.0,0.0,4.197,7-33,33055.0,0.0,406440.0,6360.0,1.555,4538.0,6360.0,-1.0,16621.0,0.0,758996.0,5675.0,1918631718.0,29.0,2.3680000000000003,3.923,0.63,410980.0,False
300.0,f607d46ec11afe04a6635e1e747bca97.param,0.0,0.0,0.0,7.808,823094821.0,bf2b0c36c28f13465cfc304f003d1896,32947.0,1.0,0.0,1.6540000000000001,7-33,8210.0,0.0,155300.0,4765.0,0.578,2005.0,4765.0,-1.0,5138.0,0.0,567741.0,2329.0,823094821.0,21.0,0.95,1.528,0.28,157307.0,False
300.0,f607d46ec11afe04a6635e1e747bca97.param,1.0,0.0,0.0,7.3610000000000015,823094821.0,bf2b0c36c28f13465cfc304f003d1896,32947.0,1.0,0.0,1.626,7-33,8210.0,0.0,155300.0,4765.0,0.57,2005.0,4765.0,-1.0,5138.0,0.0,567741.0,2329.0,823094821.0,21.0,0.9390000000000001,1.5090000000000001,0.28,157307.0,False
300.0,f607d46ec11afe04a6635e1e747bca97.param,2.0,0.0,0.0,7.6610000000000005,823094821.0,bf2b0c36c28f13465cfc304f003d1896,32947.0,1.0,0.0,1.672,7-33,8210.0,0.0,155300.0,4765.0,0.615,2005.0,4765.0,-1.0,5138.0,0.0,567741.0,2329.0,823094821.0,21.0,0.9329999999999999,1.548,0.28,157307.0,False
300.0,ecf255cfa79dc1390125d72e88196842.param,0.0,0.0,0.0,28.737,2050821110.0,ba665d77a74b9df8d5379ca9af9b1857,163760.0,1.0,0.0,10.931,7-33,79779.0,0.0,705120.0,9670.0,2.7039999999999997,7151.0,9670.0,-1.0,11824.0,0.0,712526.0,9194.0,2050821110.0,32.0,7.841,10.545,0.42,712273.0,False
300.0,ecf255cfa79dc1390125d72e88196842.param,1.0,0.0,0.0,28.515,2050821110.0,ba665d77a74b9df8d5379ca9af9b1857,163760.0,1.0,0.0,11.125,7-33,79779.0,0.0,705120.0,9670.0,2.716,7151.0,9670.0,-1.0,11824.0,0.0,712526.0,9194.0,2050821110.0,32.0,7.952000000000001,10.668,0.42,712273.0,False
300.0,ecf255cfa79dc1390125d72e88196842.param,2.0,0.0,0.0,30.635,2050821110.0,ba665d77a74b9df8d5379ca9af9b1857,163760.0,1.0,0.0,10.908,7-33,79779.0,0.0,705120.0,9670.0,2.636,7151.0,9670.0,-1.0,11824.0,0.0,712526.0,9194.0,2050821110.0,32.0,7.876,10.512,0.42,712273.0,False
300.0,a6ff37b0cef2bdd5134de774a2ccfcdd.param,0.0,0.0,0.0,7.136,1571287961.0,94783422c2dcb313f94decadf74b3419,94788.0,1.0,0.0,1.814,7-33,66016.0,0.0,148069.0,5770.0,0.557,1536.0,5770.0,-1.0,5420.0,0.0,519870.0,1733.0,1571287961.0,25.0,1.145,1.702,0.19,149607.0,False
300.0,a6ff37b0cef2bdd5134de774a2ccfcdd.param,1.0,0.0,0.0,6.803999999999999,1571287961.0,94783422c2dcb313f94decadf74b3419,94788.0,1.0,0.0,1.76,7-33,66016.0,0.0,148069.0,5770.0,0.5379999999999999,1536.0,5770.0,-1.0,5420.0,0.0,519870.0,1733.0,1571287961.0,25.0,1.11,1.6480000000000001,0.19,149607.0,False
300.0,a6ff37b0cef2bdd5134de774a2ccfcdd.param,2.0,0.0,0.0,6.801,1571287961.0,94783422c2dcb313f94decadf74b3419,94788.0,1.0,0.0,1.7269999999999999,7-33,66016.0,0.0,148069.0,5770.0,0.532,1536.0,5770.0,-1.0,5420.0,0.0,519870.0,1733.0,1571287961.0,25.0,1.088,1.62,0.19,149607.0,False
300.0,928666ecc0a7811fd6c441352737063c.param,0.0,0.0,0.0,83.90700000000002,823094821.0,532426365614fb14946f90998a7fc32e,133324.0,1.0,0.0,14.452,7-33,37875.0,0.0,2192898.0,9636.0,8.579,21159.0,9636.0,-1.0,13936.0,0.0,1220444.0,27752.0,823094821.0,32.0,4.665,13.244000000000002,0.94,2214059.0,False
300.0,928666ecc0a7811fd6c441352737063c.param,1.0,0.0,0.0,81.92,823094821.0,532426365614fb14946f90998a7fc32e,133324.0,1.0,0.0,15.907,7-33,37875.0,0.0,2192898.0,9636.0,9.046,21159.0,9636.0,-1.0,13936.0,0.0,1220444.0,27752.0,823094821.0,32.0,5.404,14.45,0.94,2214059.0,False
300.0,928666ecc0a7811fd6c441352737063c.param,2.0,0.0,0.0,88.698,823094821.0,532426365614fb14946f90998a7fc32e,133324.0,1.0,0.0,14.196,7-33,37875.0,0.0,2192898.0,9636.0,8.419,21159.0,9636.0,-1.0,13936.0,0.0,1220444.0,27752.0,823094821.0,32.0,4.641,13.06,0.94,2214059.0,False
300.0,8918e76cfcec0657c7d7950a1794604c.param,0.0,0.0,0.0,40.954,34754393.0,a935400ceab6998d34b73e2b54315b26,650957.0,1.0,0.0,30.368000000000002,7-33,472495.0,0.0,928464.0,9603.0,3.575,10025.0,9603.0,-1.0,27325.0,0.0,1094730.0,12947.0,34754393.0,32.0,26.305,29.88,0.94,938491.0,False
300.0,8918e76cfcec0657c7d7950a1794604c.param,1.0,0.0,0.0,38.649,34754393.0,a935400ceab6998d34b73e2b54315b26,650957.0,1.0,0.0,30.558000000000003,7-33,472495.0,0.0,928464.0,9603.0,3.58,10025.0,9603.0,-1.0,27325.0,0.0,1094730.0,12947.0,34754393.0,32.0,26.441999999999997,30.022,0.94,938491.0,False
300.0,8918e76cfcec0657c7d7950a1794604c.param,2.0,0.0,0.0,38.595,34754393.0,a935400ceab6998d34b73e2b54315b26,650957.0,1.0,0.0,31.318,7-33,472495.0,0.0,928464.0,9603.0,3.6460000000000004,10025.0,9603.0,-1.0,27325.0,0.0,1094730.0,12947.0,34754393.0,32.0,27.118000000000002,30.764,0.94,938491.0,False
300.0,b55bae1f323148019db34cc9c08d6b4b.param,0.0,0.0,0.0,26.162,693280077.0,d8b42c4e1c84932ee0f1daa8a37daad6,48496.0,1.0,0.0,8.132,7-33,6571.0,0.0,591497.0,4175.0,2.254,8377.0,4175.0,-1.0,8849.0,0.0,896171.0,10768.0,693280077.0,17.0,5.528,7.782,0.42,599876.0,False
300.0,b55bae1f323148019db34cc9c08d6b4b.param,1.0,0.0,0.0,25.558000000000003,693280077.0,d8b42c4e1c84932ee0f1daa8a37daad6,48496.0,1.0,0.0,8.392000000000001,7-33,6571.0,0.0,591497.0,4175.0,2.271,8377.0,4175.0,-1.0,8849.0,0.0,896171.0,10768.0,693280077.0,17.0,5.773,8.044,0.42,599876.0,False
300.0,b55bae1f323148019db34cc9c08d6b4b.param,2.0,0.0,0.0,25.35,693280077.0,d8b42c4e1c84932ee0f1daa8a37daad6,48496.0,1.0,0.0,8.245,7-33,6571.0,0.0,591497.0,4175.0,2.26,8377.0,4175.0,-1.0,8849.0,0.0,896171.0,10768.0,693280077.0,17.0,5.6129999999999995,7.8729999999999976,0.42,599876.0,False
300.0,5a074a62937cbcb2e921ae7f17a0123b.param,0.0,0.0,0.0,70.882,2028359165.0,4e98e3a0576fbbfdeeb63d9e2d3626a2,354782.0,1.0,0.0,16.247,7-33,237757.0,0.0,1841870.0,5765.0,7.106,21761.0,5765.0,-1.0,16887.0,0.0,1771829.0,28564.0,2028359165.0,25.0,8.182,15.288,0.94,1863633.0,False
300.0,5a074a62937cbcb2e921ae7f17a0123b.param,1.0,0.0,0.0,68.503,2028359165.0,4e98e3a0576fbbfdeeb63d9e2d3626a2,354782.0,1.0,0.0,17.163,7-33,237757.0,0.0,1841870.0,5765.0,7.114,21761.0,5765.0,-1.0,16887.0,0.0,1771829.0,28564.0,2028359165.0,25.0,8.741,15.855,0.94,1863633.0,False
300.0,5a074a62937cbcb2e921ae7f17a0123b.param,2.0,0.0,0.0,77.467,2028359165.0,4e98e3a0576fbbfdeeb63d9e2d3626a2,354782.0,1.0,0.0,16.442999999999998,7-33,237757.0,0.0,1841870.0,5765.0,7.0470000000000015,21761.0,5765.0,-1.0,16887.0,0.0,1771829.0,28564.0,2028359165.0,25.0,8.341000000000001,15.388,0.94,1863633.0,False
300.0,982f07b05aa788dcb221cf0f46a98a28.param,0.0,0.0,0.0,18.699,1242281828.0,3b2020a2393fde566f75512092a66625,308242.0,1.0,0.0,11.213,7-33,168972.0,0.0,404198.0,6350.0,1.505,4616.0,6350.0,-1.0,22835.0,0.0,841047.0,5773.0,1242281828.0,29.0,9.448,10.953,0.63,408816.0,False
300.0,982f07b05aa788dcb221cf0f46a98a28.param,1.0,0.0,0.0,18.7,1242281828.0,3b2020a2393fde566f75512092a66625,308242.0,1.0,0.0,11.457,7-33,168972.0,0.0,404198.0,6350.0,1.492,4616.0,6350.0,-1.0,22835.0,0.0,841047.0,5773.0,1242281828.0,29.0,9.623,11.115,0.63,408816.0,False
300.0,982f07b05aa788dcb221cf0f46a98a28.param,2.0,0.0,0.0,16.980999999999998,1242281828.0,3b2020a2393fde566f75512092a66625,308242.0,1.0,0.0,11.53,7-33,168972.0,0.0,404198.0,6350.0,1.722,4616.0,6350.0,-1.0,22835.0,0.0,841047.0,5773.0,1242281828.0,29.0,9.546,11.267999999999999,0.63,408816.0,False
300.0,55af68f15fe32e43da610c5d90806a4a.param,0.0,0.0,0.0,69.738,862094683.0,c823905545e509953d98007d56f94809,132520.0,1.0,0.0,13.421,7-33,53771.0,0.0,1732966.0,10359.0,6.6370000000000005,17051.0,10359.0,-1.0,11173.0,0.0,1155800.0,22300.0,862094683.0,37.0,5.813,12.45,0.63,1750019.0,False
300.0,55af68f15fe32e43da610c5d90806a4a.param,1.0,0.0,0.0,68.884,862094683.0,c823905545e509953d98007d56f94809,132520.0,1.0,0.0,13.873,7-33,53771.0,0.0,1732966.0,10359.0,6.695,17051.0,10359.0,-1.0,11173.0,0.0,1155800.0,22300.0,862094683.0,37.0,6.212999999999999,12.908,0.63,1750019.0,False
300.0,55af68f15fe32e43da610c5d90806a4a.param,2.0,0.0,0.0,67.351,862094683.0,c823905545e509953d98007d56f94809,132520.0,1.0,0.0,14.472999999999999,7-33,53771.0,0.0,1732966.0,10359.0,7.131,17051.0,10359.0,-1.0,11173.0,0.0,1155800.0,22300.0,862094683.0,37.0,6.0710000000000015,13.202,0.63,1750019.0,False
300.0,5aa281057d97f045673ea5f22f4a03c2.param,0.0,0.0,0.0,11.597000000000001,2050821110.0,a61adc81d5f06e408d0b34d704928363,107070.0,1.0,0.0,2.7560000000000002,7-33,54104.0,0.0,273051.0,5613.0,1.033,2951.0,5613.0,-1.0,8010.0,0.0,410143.0,3620.0,2050821110.0,24.0,1.484,2.517,0.28,276004.0,False
300.0,5aa281057d97f045673ea5f22f4a03c2.param,1.0,0.0,0.0,11.831,2050821110.0,a61adc81d5f06e408d0b34d704928363,107070.0,1.0,0.0,2.556,7-33,54104.0,0.0,273051.0,5613.0,0.9840000000000001,2951.0,5613.0,-1.0,8010.0,0.0,410143.0,3620.0,2050821110.0,24.0,1.389,2.373,0.28,276004.0,False
300.0,5aa281057d97f045673ea5f22f4a03c2.param,2.0,0.0,0.0,12.498,2050821110.0,a61adc81d5f06e408d0b34d704928363,107070.0,1.0,0.0,2.532,7-33,54104.0,0.0,273051.0,5613.0,0.98,2951.0,5613.0,-1.0,8010.0,0.0,410143.0,3620.0,2050821110.0,24.0,1.3840000000000001,2.364,0.28,276004.0,False
300.0,b366bbc99f4b12f6958260432db8f433.param,0.0,0.0,0.0,45.788999999999994,600810857.0,6181554f21b45811e038851ab4b2d1fb,128941.0,1.0,0.0,10.720999999999998,7-33,61968.0,0.0,1165617.0,4731.0,4.5,14456.0,4731.0,-1.0,12552.0,0.0,1305137.0,18869.0,600810857.0,21.0,5.557,10.057,0.63,1180075.0,False
300.0,b366bbc99f4b12f6958260432db8f433.param,1.0,0.0,0.0,47.935,600810857.0,6181554f21b45811e038851ab4b2d1fb,128941.0,1.0,0.0,10.901,7-33,61968.0,0.0,1165617.0,4731.0,4.513,14456.0,4731.0,-1.0,12552.0,0.0,1305137.0,18869.0,600810857.0,21.0,5.726,10.238999999999999,0.63,1180075.0,False
300.0,b366bbc99f4b12f6958260432db8f433.param,2.0,0.0,0.0,45.25,600810857.0,6181554f21b45811e038851ab4b2d1fb,128941.0,1.0,0.0,10.652999999999999,7-33,61968.0,0.0,1165617.0,4731.0,4.452,14456.0,4731.0,-1.0,12552.0,0.0,1305137.0,18869.0,600810857.0,21.0,5.5429999999999975,9.995,0.63,1180075.0,False
300.0,a6fb6cef21abb3da58a08c431abe1820.param,0.0,0.0,0.0,44.119,83966730.0,d3d817b12cac0435adb609d165f8f8df,223823.0,1.0,0.0,12.683,7-33,145703.0,0.0,1026461.0,4795.0,3.968,13054.0,4795.0,-1.0,13376.0,0.0,1295646.0,17047.0,83966730.0,21.0,8.142999999999999,12.110999999999999,0.63,1039517.0,False
300.0,a6fb6cef21abb3da58a08c431abe1820.param,1.0,0.0,0.0,40.385999999999996,83966730.0,d3d817b12cac0435adb609d165f8f8df,223823.0,1.0,0.0,12.759,7-33,145703.0,0.0,1026461.0,4795.0,4.083,13054.0,4795.0,-1.0,13376.0,0.0,1295646.0,17047.0,83966730.0,21.0,8.074,12.157,0.63,1039517.0,False
300.0,a6fb6cef21abb3da58a08c431abe1820.param,2.0,0.0,0.0,41.631,83966730.0,d3d817b12cac0435adb609d165f8f8df,223823.0,1.0,0.0,13.409,7-33,145703.0,0.0,1026461.0,4795.0,3.9960000000000004,13054.0,4795.0,-1.0,13376.0,0.0,1295646.0,17047.0,83966730.0,21.0,8.709,12.705,0.63,1039517.0,False
300.0,099cc4db78f534b541e03b3d21476677.param,0.0,0.0,0.0,11.25,693280077.0,55ef44891a2bbe3475690b5a1a5e483f,562526.0,1.0,0.0,4.183,7-33,502838.0,0.0,241389.0,6239.0,0.9009999999999999,2697.0,6239.0,-1.0,9900.0,0.0,1039969.0,3244.0,693280077.0,28.0,3.125,4.026,0.28,244088.0,False
300.0,099cc4db78f534b541e03b3d21476677.param,1.0,0.0,0.0,10.696,693280077.0,55ef44891a2bbe3475690b5a1a5e483f,562526.0,1.0,0.0,4.471,7-33,502838.0,0.0,241389.0,6239.0,0.882,2697.0,6239.0,-1.0,9900.0,0.0,1039969.0,3244.0,693280077.0,28.0,3.383,4.265,0.28,244088.0,False
300.0,099cc4db78f534b541e03b3d21476677.param,2.0,0.0,0.0,10.453,693280077.0,55ef44891a2bbe3475690b5a1a5e483f,562526.0,1.0,0.0,4.3469999999999995,7-33,502838.0,0.0,241389.0,6239.0,1.008,2697.0,6239.0,-1.0,9900.0,0.0,1039969.0,3244.0,693280077.0,28.0,3.1710000000000003,4.178999999999999,0.28,244088.0,False
300.0,23179b628ad596b0808644865ee42008.param,0.0,0.0,0.0,18.324,1083416308.0,f42dcc5f8df1cc416548bb5b5bb908f6,41879.0,1.0,0.0,3.278,7-33,8268.0,0.0,435802.0,5603.0,1.676,5475.0,5603.0,-1.0,3908.0,0.0,450438.0,7012.0,1083416308.0,24.0,1.338,3.014,0.28,441279.0,False
300.0,23179b628ad596b0808644865ee42008.param,1.0,0.0,0.0,19.669,1083416308.0,f42dcc5f8df1cc416548bb5b5bb908f6,41879.0,1.0,0.0,3.201,7-33,8268.0,0.0,435802.0,5603.0,1.6130000000000002,5475.0,5603.0,-1.0,3908.0,0.0,450438.0,7012.0,1083416308.0,24.0,1.321,2.9339999999999997,0.28,441279.0,False
300.0,23179b628ad596b0808644865ee42008.param,2.0,0.0,0.0,19.043,1083416308.0,f42dcc5f8df1cc416548bb5b5bb908f6,41879.0,1.0,0.0,3.235,7-33,8268.0,0.0,435802.0,5603.0,1.636,5475.0,5603.0,-1.0,3908.0,0.0,450438.0,7012.0,1083416308.0,24.0,1.327,2.963,0.28,441279.0,False
300.0,05e1a93acf56766caa36729883ed69ed.param,0.0,0.0,0.0,104.124,1571287961.0,0b2de63274e2c00cb50f79f4b7eec10e,806923.0,1.0,0.0,35.539,7-33,547936.0,0.0,2527962.0,10332.0,9.805,25371.0,10332.0,-1.0,37249.0,0.0,2840059.0,33264.0,1571287961.0,37.0,24.241999999999997,34.047,1.41,2553335.0,False
300.0,05e1a93acf56766caa36729883ed69ed.param,1.0,0.0,0.0,102.37799999999999,1571287961.0,0b2de63274e2c00cb50f79f4b7eec10e,806923.0,1.0,0.0,35.81,7-33,547936.0,0.0,2527962.0,10332.0,10.004,25371.0,10332.0,-1.0,37249.0,0.0,2840059.0,33264.0,1571287961.0,37.0,24.388,34.391999999999996,1.41,2553335.0,False
300.0,05e1a93acf56766caa36729883ed69ed.param,2.0,0.0,0.0,101.36,1571287961.0,0b2de63274e2c00cb50f79f4b7eec10e,806923.0,1.0,0.0,37.66,7-33,547936.0,0.0,2527962.0,10332.0,9.912,25371.0,10332.0,-1.0,37249.0,0.0,2840059.0,33264.0,1571287961.0,37.0,25.881999999999998,35.79400000000001,1.41,2553335.0,False
300.0,3cadb3807e2a210325a234888d281fbd.param,0.0,0.0,0.0,7.883999999999999,1242281828.0,329b759488b0b6711daa80318c7f1258,61257.0,1.0,0.0,2.58,7-33,25283.0,0.0,170737.0,4098.0,0.613,2291.0,4098.0,-1.0,6019.0,0.0,321295.0,2806.0,1242281828.0,16.0,1.8519999999999999,2.465,0.19,173030.0,False
300.0,3cadb3807e2a210325a234888d281fbd.param,1.0,0.0,0.0,7.733,1242281828.0,329b759488b0b6711daa80318c7f1258,61257.0,1.0,0.0,2.589,7-33,25283.0,0.0,170737.0,4098.0,0.607,2291.0,4098.0,-1.0,6019.0,0.0,321295.0,2806.0,1242281828.0,16.0,1.8530000000000002,2.46,0.19,173030.0,False
300.0,3cadb3807e2a210325a234888d281fbd.param,2.0,0.0,0.0,7.797999999999999,1242281828.0,329b759488b0b6711daa80318c7f1258,61257.0,1.0,0.0,2.6630000000000003,7-33,25283.0,0.0,170737.0,4098.0,0.608,2291.0,4098.0,-1.0,6019.0,0.0,321295.0,2806.0,1242281828.0,16.0,1.923,2.531,0.19,173030.0,False
300.0,86aef175e49750375aaf5bf4f54ac0c2.param,0.0,0.0,0.0,66.074,95956545.0,8ddc9b6af6f44b43def599f1e1879c7a,462085.0,1.0,0.0,20.489,7-33,324470.0,0.0,1773048.0,6319.0,6.86,20003.0,6319.0,-1.0,19033.0,0.0,1092776.0,26230.0,95956545.0,29.0,12.368,19.227999999999998,0.94,1793053.0,False
300.0,86aef175e49750375aaf5bf4f54ac0c2.param,1.0,0.0,0.0,70.581,95956545.0,8ddc9b6af6f44b43def599f1e1879c7a,462085.0,1.0,0.0,20.317,7-33,324470.0,0.0,1773048.0,6319.0,6.807,20003.0,6319.0,-1.0,19033.0,0.0,1092776.0,26230.0,95956545.0,29.0,12.445,19.252,0.94,1793053.0,False
300.0,86aef175e49750375aaf5bf4f54ac0c2.param,2.0,0.0,0.0,69.57,95956545.0,8ddc9b6af6f44b43def599f1e1879c7a,462085.0,1.0,0.0,20.326,7-33,324470.0,0.0,1773048.0,6319.0,6.915,20003.0,6319.0,-1.0,19033.0,0.0,1092776.0,26230.0,95956545.0,29.0,12.460999999999999,19.375999999999998,0.94,1793053.0,False
300.0,53a3b10a6d39a1f0633d42a0b8cc93a7.param,0.0,0.0,0.0,15.657,1405409883.0,1398d30e3a0a83102f6affe88f2273a2,50673.0,1.0,0.0,2.513,7-33,26210.0,0.0,341906.0,5797.0,1.321,3505.0,5797.0,-1.0,4488.0,0.0,527947.0,4357.0,1405409883.0,25.0,0.9790000000000001,2.3,0.19,345413.0,False
300.0,53a3b10a6d39a1f0633d42a0b8cc93a7.param,1.0,0.0,0.0,14.6,1405409883.0,1398d30e3a0a83102f6affe88f2273a2,50673.0,1.0,0.0,2.513,7-33,26210.0,0.0,341906.0,5797.0,1.2690000000000001,3505.0,5797.0,-1.0,4488.0,0.0,527947.0,4357.0,1405409883.0,25.0,1.0070000000000001,2.276,0.19,345413.0,False
300.0,53a3b10a6d39a1f0633d42a0b8cc93a7.param,2.0,0.0,0.0,14.546,1405409883.0,1398d30e3a0a83102f6affe88f2273a2,50673.0,1.0,0.0,2.559,7-33,26210.0,0.0,341906.0,5797.0,1.431,3505.0,5797.0,-1.0,4488.0,0.0,527947.0,4357.0,1405409883.0,25.0,0.9209999999999999,2.352,0.19,345413.0,False
300.0,f6a9922fc219371dd62d3d64f513f435.param,0.0,0.0,0.0,31.647,1923385776.0,484763daf2e1d7213ec5ffb453845fca,67302.0,1.0,0.0,6.499,7-33,10353.0,0.0,769709.0,9601.0,3.031,8311.0,9601.0,-1.0,6924.0,0.0,1007435.0,10738.0,1923385776.0,32.0,3.045,6.0760000000000005,0.42,778022.0,False
300.0,f6a9922fc219371dd62d3d64f513f435.param,1.0,0.0,0.0,33.859,1923385776.0,484763daf2e1d7213ec5ffb453845fca,67302.0,1.0,0.0,6.4639999999999995,7-33,10353.0,0.0,769709.0,9601.0,2.905,8311.0,9601.0,-1.0,6924.0,0.0,1007435.0,10738.0,1923385776.0,32.0,3.133,6.037999999999999,0.42,778022.0,False
300.0,f6a9922fc219371dd62d3d64f513f435.param,2.0,0.0,0.0,34.559,1923385776.0,484763daf2e1d7213ec5ffb453845fca,67302.0,1.0,0.0,6.291,7-33,10353.0,0.0,769709.0,9601.0,2.9160000000000004,8311.0,9601.0,-1.0,6924.0,0.0,1007435.0,10738.0,1923385776.0,32.0,2.957,5.8729999999999976,0.42,778022.0,False
300.0,38650beb2ce576c812a3ef6ac5621787.param,0.0,0.0,0.0,9.163,83966730.0,2b2d423dffa0a4e7be602d332f2216af,233308.0,1.0,0.0,8.954,7-33,153405.0,0.0,207235.0,9603.0,0.759,2265.0,9603.0,-1.0,11577.0,0.0,909539.0,2722.0,83966730.0,32.0,8.054,8.812999999999997,0.42,209502.0,False
300.0,38650beb2ce576c812a3ef6ac5621787.param,1.0,0.0,0.0,8.988999999999997,83966730.0,2b2d423dffa0a4e7be602d332f2216af,233308.0,1.0,0.0,8.923,7-33,153405.0,0.0,207235.0,9603.0,0.7440000000000001,2265.0,9603.0,-1.0,11577.0,0.0,909539.0,2722.0,83966730.0,32.0,8.026,8.77,0.42,209502.0,False
300.0,38650beb2ce576c812a3ef6ac5621787.param,2.0,0.0,0.0,9.398,83966730.0,2b2d423dffa0a4e7be602d332f2216af,233308.0,1.0,0.0,8.921,7-33,153405.0,0.0,207235.0,9603.0,0.74,2265.0,9603.0,-1.0,11577.0,0.0,909539.0,2722.0,83966730.0,32.0,8.027000000000001,8.767000000000001,0.42,209502.0,False
300.0,af0a6d4f3f8e41dd411ac993d1c5e5ad.param,0.0,0.0,0.0,21.18,34754393.0,a7accdc95e36dd8941014bdb76d06bcc,224199.0,1.0,0.0,20.445999999999998,7-33,93912.0,0.0,458318.0,11201.0,1.7380000000000002,4513.0,11201.0,-1.0,20170.0,0.0,1440423.0,5617.0,34754393.0,40.0,18.43,20.168,0.63,462833.0,False
300.0,af0a6d4f3f8e41dd411ac993d1c5e5ad.param,1.0,0.0,0.0,21.230999999999998,34754393.0,a7accdc95e36dd8941014bdb76d06bcc,224199.0,1.0,0.0,20.68,7-33,93912.0,0.0,458318.0,11201.0,1.7469999999999999,4513.0,11201.0,-1.0,20170.0,0.0,1440423.0,5617.0,34754393.0,40.0,18.579,20.326,0.63,462833.0,False
300.0,af0a6d4f3f8e41dd411ac993d1c5e5ad.param,2.0,0.0,0.0,19.901,34754393.0,a7accdc95e36dd8941014bdb76d06bcc,224199.0,1.0,0.0,20.295,7-33,93912.0,0.0,458318.0,11201.0,1.723,4513.0,11201.0,-1.0,20170.0,0.0,1440423.0,5617.0,34754393.0,40.0,18.292,20.015,0.63,462833.0,False
300.0,2b9f5024001a051a59314cacbe0b17e8.param,0.0,0.0,0.0,54.463,1235388569.0,0d45c74b63977ef1d783e320e300c01d,732428.0,1.0,0.0,16.947,7-33,626352.0,0.0,1331486.0,5710.0,5.0680000000000005,16113.0,5710.0,-1.0,19419.0,0.0,1739257.0,21060.0,1235388569.0,25.0,11.132,16.2,0.94,1347601.0,False
300.0,2b9f5024001a051a59314cacbe0b17e8.param,1.0,0.0,0.0,53.37600000000001,1235388569.0,0d45c74b63977ef1d783e320e300c01d,732428.0,1.0,0.0,17.511,7-33,626352.0,0.0,1331486.0,5710.0,5.126,16113.0,5710.0,-1.0,19419.0,0.0,1739257.0,21060.0,1235388569.0,25.0,11.603,16.729,0.94,1347601.0,False
300.0,2b9f5024001a051a59314cacbe0b17e8.param,2.0,0.0,0.0,54.496,1235388569.0,0d45c74b63977ef1d783e320e300c01d,732428.0,1.0,0.0,17.111,7-33,626352.0,0.0,1331486.0,5710.0,5.1110000000000015,16113.0,5710.0,-1.0,19419.0,0.0,1739257.0,21060.0,1235388569.0,25.0,11.267999999999999,16.379,0.94,1347601.0,False
300.0,5acf53328f53703eb5ee3288a3efea11.param,0.0,0.0,0.0,30.662,590654055.0,858826187e1ad5f010e672c8fa6d8a03,388967.0,1.0,0.0,13.623,7-33,277134.0,0.0,675461.0,10381.0,2.533,6715.0,10381.0,-1.0,21249.0,0.0,1546886.0,8542.0,590654055.0,37.0,10.703,13.235999999999999,0.63,682178.0,False
300.0,5acf53328f53703eb5ee3288a3efea11.param,1.0,0.0,0.0,28.00800000000001,590654055.0,858826187e1ad5f010e672c8fa6d8a03,388967.0,1.0,0.0,13.640999999999998,7-33,277134.0,0.0,675461.0,10381.0,2.519,6715.0,10381.0,-1.0,21249.0,0.0,1546886.0,8542.0,590654055.0,37.0,10.745999999999999,13.265,0.63,682178.0,False
300.0,5acf53328f53703eb5ee3288a3efea11.param,2.0,0.0,0.0,29.558000000000003,590654055.0,858826187e1ad5f010e672c8fa6d8a03,388967.0,1.0,0.0,13.507,7-33,277134.0,0.0,675461.0,10381.0,2.5069999999999997,6715.0,10381.0,-1.0,21249.0,0.0,1546886.0,8542.0,590654055.0,37.0,10.602,13.109000000000002,0.63,682178.0,False
300.0,947c519055ac35bb731937204fc0d266.param,0.0,0.0,0.0,53.449,1979567522.0,8c2fc3ccf60873f9e4b0d280b789ed1b,750344.0,1.0,0.0,21.061,7-33,576416.0,0.0,1360922.0,11201.0,5.29,13261.0,11201.0,-1.0,21803.0,0.0,2136952.0,17254.0,1979567522.0,40.0,14.764000000000001,20.054000000000002,0.63,1374185.0,False
300.0,947c519055ac35bb731937204fc0d266.param,1.0,0.0,0.0,53.151,1979567522.0,8c2fc3ccf60873f9e4b0d280b789ed1b,750344.0,1.0,0.0,21.375,7-33,576416.0,0.0,1360922.0,11201.0,5.343,13261.0,11201.0,-1.0,21803.0,0.0,2136952.0,17254.0,1979567522.0,40.0,15.049000000000001,20.392,0.63,1374185.0,False
300.0,947c519055ac35bb731937204fc0d266.param,2.0,0.0,0.0,55.66,1979567522.0,8c2fc3ccf60873f9e4b0d280b789ed1b,750344.0,1.0,0.0,20.733,7-33,576416.0,0.0,1360922.0,11201.0,5.21,13261.0,11201.0,-1.0,21803.0,0.0,2136952.0,17254.0,1979567522.0,40.0,14.503,19.713,0.63,1374185.0,False
300.0,5270155d690360dab58e1b470ef17ea7.param,0.0,0.0,0.0,36.2,270657042.0,911ec725c55e2b957cf7b3238a38d8e3,135376.0,1.0,0.0,7.136,7-33,68968.0,0.0,901443.0,5601.0,3.457,11321.0,5601.0,-1.0,11462.0,0.0,628656.0,14722.0,270657042.0,24.0,3.155,6.612,0.42,912766.0,False
300.0,5270155d690360dab58e1b470ef17ea7.param,1.0,0.0,0.0,37.305,270657042.0,911ec725c55e2b957cf7b3238a38d8e3,135376.0,1.0,0.0,7.31,7-33,68968.0,0.0,901443.0,5601.0,3.6289999999999996,11321.0,5601.0,-1.0,11462.0,0.0,628656.0,14722.0,270657042.0,24.0,3.174,6.803,0.42,912766.0,False
300.0,5270155d690360dab58e1b470ef17ea7.param,2.0,0.0,0.0,35.222,270657042.0,911ec725c55e2b957cf7b3238a38d8e3,135376.0,1.0,0.0,7.327000000000001,7-33,68968.0,0.0,901443.0,5601.0,3.612,11321.0,5601.0,-1.0,11462.0,0.0,628656.0,14722.0,270657042.0,24.0,3.216,6.827999999999999,0.42,912766.0,False
300.0,d8e0991db153700fc6f942a70d96d0d8.param,0.0,0.0,0.0,9.943999999999999,270657042.0,bda05ee9a423db89ca51ebfd16385a45,60806.0,1.0,0.0,2.313,7-33,24998.0,0.0,226731.0,6203.0,0.828,2651.0,6203.0,-1.0,6077.0,0.0,672093.0,3250.0,270657042.0,28.0,1.33,2.158,0.19,229384.0,False
300.0,d8e0991db153700fc6f942a70d96d0d8.param,1.0,0.0,0.0,10.520999999999999,270657042.0,bda05ee9a423db89ca51ebfd16385a45,60806.0,1.0,0.0,2.287,7-33,24998.0,0.0,226731.0,6203.0,0.8190000000000001,2651.0,6203.0,-1.0,6077.0,0.0,672093.0,3250.0,270657042.0,28.0,1.311,2.13,0.19,229384.0,False
300.0,d8e0991db153700fc6f942a70d96d0d8.param,2.0,0.0,0.0,10.448,270657042.0,bda05ee9a423db89ca51ebfd16385a45,60806.0,1.0,0.0,2.322,7-33,24998.0,0.0,226731.0,6203.0,0.87,2651.0,6203.0,-1.0,6077.0,0.0,672093.0,3250.0,270657042.0,28.0,1.2990000000000002,2.169,0.19,229384.0,False
300.0,638c867046eca01fa57da212f4a82591.param,0.0,0.0,0.0,25.701,83966730.0,5eb2084073bf3ab6a6534f0829bf8e21,56373.0,1.0,0.0,3.6180000000000003,7-33,10332.0,0.0,613798.0,4092.0,2.267,8816.0,4092.0,-1.0,9219.0,0.0,399337.0,11453.0,83966730.0,16.0,1.005,3.272,0.42,622616.0,False
300.0,638c867046eca01fa57da212f4a82591.param,1.0,0.0,0.0,27.195,83966730.0,5eb2084073bf3ab6a6534f0829bf8e21,56373.0,1.0,0.0,3.741,7-33,10332.0,0.0,613798.0,4092.0,2.325,8816.0,4092.0,-1.0,9219.0,0.0,399337.0,11453.0,83966730.0,16.0,1.045,3.37,0.42,622616.0,False
300.0,638c867046eca01fa57da212f4a82591.param,2.0,0.0,0.0,26.809,83966730.0,5eb2084073bf3ab6a6534f0829bf8e21,56373.0,1.0,0.0,3.6039999999999996,7-33,10332.0,0.0,613798.0,4092.0,2.263,8816.0,4092.0,-1.0,9219.0,0.0,399337.0,11453.0,83966730.0,16.0,0.983,3.2460000000000004,0.42,622616.0,False
300.0,80402835d130022a9820ca0328640cdb.param,0.0,0.0,0.0,29.340999999999998,554543104.0,0ec80ccd91e78b4898568afddc93450b,77676.0,1.0,0.0,7.73,7-33,30656.0,0.0,683282.0,4635.0,2.544,9283.0,4635.0,-1.0,12333.0,0.0,564736.0,11890.0,554543104.0,20.0,4.81,7.354,0.42,692567.0,False
300.0,80402835d130022a9820ca0328640cdb.param,1.0,0.0,0.0,29.199,554543104.0,0ec80ccd91e78b4898568afddc93450b,77676.0,1.0,0.0,8.004,7-33,30656.0,0.0,683282.0,4635.0,2.5610000000000004,9283.0,4635.0,-1.0,12333.0,0.0,564736.0,11890.0,554543104.0,20.0,4.894,7.455,0.42,692567.0,False
300.0,80402835d130022a9820ca0328640cdb.param,2.0,0.0,0.0,28.366999999999997,554543104.0,0ec80ccd91e78b4898568afddc93450b,77676.0,1.0,0.0,7.841,7-33,30656.0,0.0,683282.0,4635.0,2.562,9283.0,4635.0,-1.0,12333.0,0.0,564736.0,11890.0,554543104.0,20.0,4.883,7.445,0.42,692567.0,False
300.0,45f3b2d841eff242a2cd183a0c58dc4d.param,0.0,0.0,0.0,12.866,1257636424.0,838ec81c076989467934ad7d5f623519,81612.0,1.0,0.0,3.213,7-33,24739.0,0.0,292918.0,6362.0,1.101,3201.0,6362.0,-1.0,11943.0,0.0,887783.0,3853.0,1257636424.0,29.0,1.865,2.966,0.42,296121.0,False
300.0,45f3b2d841eff242a2cd183a0c58dc4d.param,1.0,0.0,0.0,13.859000000000002,1257636424.0,838ec81c076989467934ad7d5f623519,81612.0,1.0,0.0,3.008,7-33,24739.0,0.0,292918.0,6362.0,1.068,3201.0,6362.0,-1.0,11943.0,0.0,887783.0,3853.0,1257636424.0,29.0,1.761,2.8289999999999997,0.42,296121.0,False
300.0,45f3b2d841eff242a2cd183a0c58dc4d.param,2.0,0.0,0.0,12.41,1257636424.0,838ec81c076989467934ad7d5f623519,81612.0,1.0,0.0,3.0210000000000004,7-33,24739.0,0.0,292918.0,6362.0,1.063,3201.0,6362.0,-1.0,11943.0,0.0,887783.0,3853.0,1257636424.0,29.0,1.771,2.8339999999999996,0.42,296121.0,False
300.0,7c8d5058b5b148685018d3330ac42f68.param,0.0,0.0,0.0,45.879,1258716603.0,9c6684e891392b95de0cfa473f095d76,439219.0,1.0,0.0,22.245,7-33,262433.0,0.0,1205183.0,9728.0,4.5710000000000015,12736.0,9728.0,-1.0,18449.0,0.0,1626531.0,16597.0,1258716603.0,33.0,16.783,21.354,0.94,1217921.0,False
300.0,7c8d5058b5b148685018d3330ac42f68.param,1.0,0.0,0.0,46.466,1258716603.0,9c6684e891392b95de0cfa473f095d76,439219.0,1.0,0.0,22.017,7-33,262433.0,0.0,1205183.0,9728.0,4.651,12736.0,9728.0,-1.0,18449.0,0.0,1626531.0,16597.0,1258716603.0,33.0,16.689,21.34,0.94,1217921.0,False
300.0,7c8d5058b5b148685018d3330ac42f68.param,2.0,0.0,0.0,48.931000000000004,1258716603.0,9c6684e891392b95de0cfa473f095d76,439219.0,1.0,0.0,22.736,7-33,262433.0,0.0,1205183.0,9728.0,4.585,12736.0,9728.0,-1.0,18449.0,0.0,1626531.0,16597.0,1258716603.0,33.0,17.241,21.826,0.94,1217921.0,False
300.0,b1fed41c662b810a67f17347ca208a34.param,0.0,0.0,0.0,40.001,1145031130.0,941d62d20f2568b21ff490c6ca18ea91,77769.0,1.0,0.0,6.343,7-33,28167.0,0.0,998250.0,6359.0,3.835,11138.0,6359.0,-1.0,7680.0,0.0,676856.0,14495.0,1145031130.0,29.0,1.9480000000000002,5.7829999999999995,0.42,1009390.0,False
300.0,b1fed41c662b810a67f17347ca208a34.param,1.0,0.0,0.0,41.438,1145031130.0,941d62d20f2568b21ff490c6ca18ea91,77769.0,1.0,0.0,6.5089999999999995,7-33,28167.0,0.0,998250.0,6359.0,3.908,11138.0,6359.0,-1.0,7680.0,0.0,676856.0,14495.0,1145031130.0,29.0,2.053,5.961,0.42,1009390.0,False
300.0,b1fed41c662b810a67f17347ca208a34.param,2.0,0.0,0.0,40.188,1145031130.0,941d62d20f2568b21ff490c6ca18ea91,77769.0,1.0,0.0,6.575,7-33,28167.0,0.0,998250.0,6359.0,3.883,11138.0,6359.0,-1.0,7680.0,0.0,676856.0,14495.0,1145031130.0,29.0,2.131,6.013999999999999,0.42,1009390.0,False
300.0,85c2d2f2fd6238e8bf0bbcfd97821631.param,0.0,0.0,0.0,49.95,1979567522.0,838ac597f6b6cdae5b1ebbdd955801f3,943368.0,1.0,0.0,39.466,7-33,719981.0,0.0,1215461.0,10247.0,4.728,12451.0,10247.0,-1.0,25838.0,0.0,1439402.0,16120.0,1979567522.0,36.0,34.05,38.778,0.94,1227914.0,False
300.0,85c2d2f2fd6238e8bf0bbcfd97821631.param,1.0,0.0,0.0,50.513999999999996,1979567522.0,838ac597f6b6cdae5b1ebbdd955801f3,943368.0,1.0,0.0,39.67,7-33,719981.0,0.0,1215461.0,10247.0,4.69,12451.0,10247.0,-1.0,25838.0,0.0,1439402.0,16120.0,1979567522.0,36.0,34.299,38.989000000000004,0.94,1227914.0,False
300.0,85c2d2f2fd6238e8bf0bbcfd97821631.param,2.0,0.0,0.0,51.138999999999996,1979567522.0,838ac597f6b6cdae5b1ebbdd955801f3,943368.0,1.0,0.0,39.891,7-33,719981.0,0.0,1215461.0,10247.0,4.617,12451.0,10247.0,-1.0,25838.0,0.0,1439402.0,16120.0,1979567522.0,36.0,34.394,39.010999999999996,0.94,1227914.0,False
300.0,62e0a8d6f7569c04cf8f5f709636e77e.param,0.0,0.0,0.0,27.659000000000002,1057470620.0,d7c06e3a885450c9a2d4303197070ea3,2224488.0,1.0,0.0,42.229,7-33,2042950.0,0.0,655407.0,10335.0,2.528,6648.0,10335.0,-1.0,21630.0,0.0,2946526.0,8437.0,1057470620.0,37.0,39.229,41.757,0.63,662057.0,False
300.0,62e0a8d6f7569c04cf8f5f709636e77e.param,1.0,0.0,0.0,30.603,1057470620.0,d7c06e3a885450c9a2d4303197070ea3,2224488.0,1.0,0.0,42.073,7-33,2042950.0,0.0,655407.0,10335.0,2.4930000000000003,6648.0,10335.0,-1.0,21630.0,0.0,2946526.0,8437.0,1057470620.0,37.0,39.185,41.678000000000004,0.63,662057.0,False
300.0,62e0a8d6f7569c04cf8f5f709636e77e.param,2.0,0.0,0.0,29.938000000000002,1057470620.0,d7c06e3a885450c9a2d4303197070ea3,2224488.0,1.0,0.0,42.43600000000001,7-33,2042950.0,0.0,655407.0,10335.0,2.471,6648.0,10335.0,-1.0,21630.0,0.0,2946526.0,8437.0,1057470620.0,37.0,39.583,42.053999999999995,0.63,662057.0,False
300.0,96344359b1d56ff7726ed1408e74685f.param,0.0,0.0,0.0,37.203,746355495.0,a0fb82320d58d7e6ecedbbb284194107,100737.0,1.0,0.0,10.3,7-33,33524.0,0.0,950828.0,4602.0,3.588,13091.0,4602.0,-1.0,10528.0,0.0,1279212.0,17092.0,746355495.0,20.0,6.181,9.769,0.63,963921.0,False
300.0,96344359b1d56ff7726ed1408e74685f.param,1.0,0.0,0.0,36.857,746355495.0,a0fb82320d58d7e6ecedbbb284194107,100737.0,1.0,0.0,10.31,7-33,33524.0,0.0,950828.0,4602.0,3.6069999999999998,13091.0,4602.0,-1.0,10528.0,0.0,1279212.0,17092.0,746355495.0,20.0,6.154,9.761000000000001,0.63,963921.0,False
300.0,96344359b1d56ff7726ed1408e74685f.param,2.0,0.0,0.0,38.024,746355495.0,a0fb82320d58d7e6ecedbbb284194107,100737.0,1.0,0.0,10.193999999999999,7-33,33524.0,0.0,950828.0,4602.0,3.61,13091.0,4602.0,-1.0,10528.0,0.0,1279212.0,17092.0,746355495.0,20.0,6.075,9.685,0.63,963921.0,False
300.0,a14c00732fcd60d2f8416079c6315cd5.param,0.0,0.0,0.0,18.111,95956545.0,9b05f99454a0d02372716aa9b467892a,156637.0,1.0,0.0,5.122000000000001,7-33,58017.0,0.0,386517.0,9641.0,1.439,4131.0,9641.0,-1.0,14695.0,0.0,841721.0,5184.0,95956545.0,32.0,3.428,4.867,0.42,390650.0,False
300.0,a14c00732fcd60d2f8416079c6315cd5.param,1.0,0.0,0.0,17.156,95956545.0,9b05f99454a0d02372716aa9b467892a,156637.0,1.0,0.0,5.154,7-33,58017.0,0.0,386517.0,9641.0,1.48,4131.0,9641.0,-1.0,14695.0,0.0,841721.0,5184.0,95956545.0,32.0,3.425,4.905,0.42,390650.0,False
300.0,a14c00732fcd60d2f8416079c6315cd5.param,2.0,0.0,0.0,17.324,95956545.0,9b05f99454a0d02372716aa9b467892a,156637.0,1.0,0.0,5.233,7-33,58017.0,0.0,386517.0,9641.0,1.445,4131.0,9641.0,-1.0,14695.0,0.0,841721.0,5184.0,95956545.0,32.0,3.497,4.942,0.42,390650.0,False
300.0,9c8685614d2fcc8ed75e3df0b278a590.param,0.0,0.0,0.0,32.983000000000004,506016928.0,5da31bc19857f7e021f20d18e08ca95f,404033.0,1.0,0.0,11.953,7-33,275095.0,0.0,677794.0,6320.0,2.593,7481.0,6320.0,-1.0,21515.0,0.0,759171.0,9587.0,506016928.0,29.0,8.975,11.568,0.63,685277.0,False
300.0,9c8685614d2fcc8ed75e3df0b278a590.param,1.0,0.0,0.0,29.476,506016928.0,5da31bc19857f7e021f20d18e08ca95f,404033.0,1.0,0.0,12.231,7-33,275095.0,0.0,677794.0,6320.0,2.6010000000000004,7481.0,6320.0,-1.0,21515.0,0.0,759171.0,9587.0,506016928.0,29.0,9.106,11.707,0.63,685277.0,False
300.0,9c8685614d2fcc8ed75e3df0b278a590.param,2.0,0.0,0.0,28.389,506016928.0,5da31bc19857f7e021f20d18e08ca95f,404033.0,1.0,0.0,11.852,7-33,275095.0,0.0,677794.0,6320.0,2.61,7481.0,6320.0,-1.0,21515.0,0.0,759171.0,9587.0,506016928.0,29.0,8.829,11.439,0.63,685277.0,False
300.0,40381a7c5087f4ca968ce41333deeb15.param,0.0,0.0,0.0,25.385,746355495.0,a83d283b0143cb2d1ec9542d4d0c7ef6,35365.0,1.0,0.0,4.453,7-33,6543.0,0.0,638832.0,4633.0,2.4290000000000003,8561.0,4633.0,-1.0,5900.0,0.0,763992.0,11111.0,746355495.0,20.0,1.663,4.092,0.42,647395.0,False
300.0,40381a7c5087f4ca968ce41333deeb15.param,1.0,0.0,0.0,28.881,746355495.0,a83d283b0143cb2d1ec9542d4d0c7ef6,35365.0,1.0,0.0,4.521,7-33,6543.0,0.0,638832.0,4633.0,2.4090000000000003,8561.0,4633.0,-1.0,5900.0,0.0,763992.0,11111.0,746355495.0,20.0,1.7369999999999999,4.146,0.42,647395.0,False
300.0,40381a7c5087f4ca968ce41333deeb15.param,2.0,0.0,0.0,29.201999999999998,746355495.0,a83d283b0143cb2d1ec9542d4d0c7ef6,35365.0,1.0,0.0,4.522,7-33,6543.0,0.0,638832.0,4633.0,2.39,8561.0,4633.0,-1.0,5900.0,0.0,763992.0,11111.0,746355495.0,20.0,1.7519999999999998,4.1419999999999995,0.42,647395.0,False
300.0,62b5368b71f5a58af6d0df94093218da.param,0.0,0.0,0.0,46.619,590654055.0,a991d4a3a60c5063deaf4a60d8e1e9a1,632023.0,1.0,0.0,19.259,7-33,491227.0,0.0,1170792.0,6279.0,4.538,13361.0,6279.0,-1.0,20857.0,0.0,1335444.0,17391.0,590654055.0,28.0,13.77,18.308,0.63,1184155.0,False
300.0,62b5368b71f5a58af6d0df94093218da.param,1.0,0.0,0.0,47.099,590654055.0,a991d4a3a60c5063deaf4a60d8e1e9a1,632023.0,1.0,0.0,18.742,7-33,491227.0,0.0,1170792.0,6279.0,4.5089999999999995,13361.0,6279.0,-1.0,20857.0,0.0,1335444.0,17391.0,590654055.0,28.0,13.575999999999999,18.085,0.63,1184155.0,False
300.0,62b5368b71f5a58af6d0df94093218da.param,2.0,0.0,0.0,48.583,590654055.0,a991d4a3a60c5063deaf4a60d8e1e9a1,632023.0,1.0,0.0,19.480999999999998,7-33,491227.0,0.0,1170792.0,6279.0,4.504,13361.0,6279.0,-1.0,20857.0,0.0,1335444.0,17391.0,590654055.0,28.0,14.089,18.593,0.63,1184155.0,False
300.0,da23055718a39734c4c353a6c30d342b.param,0.0,0.0,0.0,46.03,1405409883.0,062ff8d2d84d1db85d1111c21e0ba7aa,112243.0,1.0,0.0,10.144,7-33,23940.0,0.0,1178810.0,4765.0,4.479,15184.0,4765.0,-1.0,12677.0,0.0,748580.0,19861.0,1405409883.0,21.0,5.016,9.495,0.63,1193996.0,False
300.0,da23055718a39734c4c353a6c30d342b.param,1.0,0.0,0.0,48.62,1405409883.0,062ff8d2d84d1db85d1111c21e0ba7aa,112243.0,1.0,0.0,10.455,7-33,23940.0,0.0,1178810.0,4765.0,4.534,15184.0,4765.0,-1.0,12677.0,0.0,748580.0,19861.0,1405409883.0,21.0,5.237,9.771,0.63,1193996.0,False
300.0,da23055718a39734c4c353a6c30d342b.param,2.0,0.0,0.0,48.518,1405409883.0,062ff8d2d84d1db85d1111c21e0ba7aa,112243.0,1.0,0.0,10.956,7-33,23940.0,0.0,1178810.0,4765.0,4.4860000000000015,15184.0,4765.0,-1.0,12677.0,0.0,748580.0,19861.0,1405409883.0,21.0,5.59,10.076,0.63,1193996.0,False
300.0,291d875a60416791f305122ac9d8b34d.param,0.0,0.0,0.0,25.414,1923385776.0,db4a1e7fc6fb090e398dccddd9a2075f,353546.0,1.0,0.0,13.139000000000001,7-33,252058.0,0.0,570034.0,10203.0,2.131,5841.0,10203.0,-1.0,12118.0,0.0,855512.0,7453.0,1923385776.0,36.0,10.577,12.708,0.42,575877.0,False
300.0,291d875a60416791f305122ac9d8b34d.param,1.0,0.0,0.0,24.171,1923385776.0,db4a1e7fc6fb090e398dccddd9a2075f,353546.0,1.0,0.0,12.890999999999998,7-33,252058.0,0.0,570034.0,10203.0,2.125,5841.0,10203.0,-1.0,12118.0,0.0,855512.0,7453.0,1923385776.0,36.0,10.41,12.535,0.42,575877.0,False
300.0,291d875a60416791f305122ac9d8b34d.param,2.0,0.0,0.0,24.449,1923385776.0,db4a1e7fc6fb090e398dccddd9a2075f,353546.0,1.0,0.0,13.207,7-33,252058.0,0.0,570034.0,10203.0,2.144,5841.0,10203.0,-1.0,12118.0,0.0,855512.0,7453.0,1923385776.0,36.0,10.642000000000001,12.786,0.42,575877.0,False
300.0,902f37d04b6af4dd50620fbce6af0b97.param,0.0,0.0,0.0,50.397,1258716603.0,e33ac00466817e9e379411cf84576723,112337.0,1.0,0.0,11.505999999999998,7-33,15223.0,0.0,1205870.0,5709.0,4.73,14593.0,5709.0,-1.0,13919.0,0.0,1050699.0,19072.0,1258716603.0,25.0,6.079,10.809000000000001,0.94,1220465.0,False
300.0,902f37d04b6af4dd50620fbce6af0b97.param,1.0,0.0,0.0,46.493,1258716603.0,e33ac00466817e9e379411cf84576723,112337.0,1.0,0.0,11.102,7-33,15223.0,0.0,1205870.0,5709.0,4.582,14593.0,5709.0,-1.0,13919.0,0.0,1050699.0,19072.0,1258716603.0,25.0,5.862,10.444,0.94,1220465.0,False
300.0,902f37d04b6af4dd50620fbce6af0b97.param,2.0,0.0,0.0,49.468,1258716603.0,e33ac00466817e9e379411cf84576723,112337.0,1.0,0.0,11.384,7-33,15223.0,0.0,1205870.0,5709.0,4.538,14593.0,5709.0,-1.0,13919.0,0.0,1050699.0,19072.0,1258716603.0,25.0,5.992000000000001,10.53,0.94,1220465.0,False
300.0,ea7bd7600bcbe337da419744986a2765.param,0.0,0.0,0.0,62.858999999999995,1057470620.0,92773b87d09981c512a5e2624c88a2e6,263915.0,1.0,0.0,36.41,7-33,99353.0,0.0,1586012.0,10380.0,6.12,15761.0,10380.0,-1.0,26657.0,0.0,1757630.0,20531.0,1057470620.0,37.0,29.436999999999998,35.55699999999999,0.94,1601775.0,False
300.0,ea7bd7600bcbe337da419744986a2765.param,1.0,0.0,0.0,63.603,1057470620.0,92773b87d09981c512a5e2624c88a2e6,263915.0,1.0,0.0,37.304,7-33,99353.0,0.0,1586012.0,10380.0,6.189,15761.0,10380.0,-1.0,26657.0,0.0,1757630.0,20531.0,1057470620.0,37.0,30.093000000000004,36.282,0.94,1601775.0,False
300.0,ea7bd7600bcbe337da419744986a2765.param,2.0,0.0,0.0,62.775,1057470620.0,92773b87d09981c512a5e2624c88a2e6,263915.0,1.0,0.0,36.246,7-33,99353.0,0.0,1586012.0,10380.0,6.102,15761.0,10380.0,-1.0,26657.0,0.0,1757630.0,20531.0,1057470620.0,37.0,29.279,35.381,0.94,1601775.0,False
300.0,e3acebf7a8b1b7baee676b2504100871.param,0.0,0.0,0.0,9.067,600810857.0,dd1fc28d2753e5945e7668decab0bb0c,678622.0,1.0,0.0,10.585,7-33,596398.0,0.0,205877.0,9600.0,0.784,2203.0,9600.0,-1.0,12985.0,0.0,1384013.0,2560.0,600810857.0,32.0,9.654,10.437999999999999,0.42,208082.0,False
300.0,e3acebf7a8b1b7baee676b2504100871.param,1.0,0.0,0.0,9.472000000000001,600810857.0,dd1fc28d2753e5945e7668decab0bb0c,678622.0,1.0,0.0,10.252,7-33,596398.0,0.0,205877.0,9600.0,0.733,2203.0,9600.0,-1.0,12985.0,0.0,1384013.0,2560.0,600810857.0,32.0,9.379,10.112,0.42,208082.0,False
300.0,e3acebf7a8b1b7baee676b2504100871.param,2.0,0.0,0.0,9.826,600810857.0,dd1fc28d2753e5945e7668decab0bb0c,678622.0,1.0,0.0,10.415999999999999,7-33,596398.0,0.0,205877.0,9600.0,0.7979999999999999,2203.0,9600.0,-1.0,12985.0,0.0,1384013.0,2560.0,600810857.0,32.0,9.465,10.263,0.42,208082.0,False
300.0,7b5860221ac4bf880739e34b36b6d1fb.param,0.0,0.0,0.0,47.327,95956545.0,9ac9e8e5adc04f9a316c25f81108c04b,306565.0,1.0,0.0,26.611,7-33,87316.0,0.0,1123537.0,11203.0,4.313,11166.0,11203.0,-1.0,24451.0,0.0,1972187.0,14491.0,95956545.0,40.0,21.414,25.726999999999997,0.94,1134705.0,False
300.0,7b5860221ac4bf880739e34b36b6d1fb.param,1.0,0.0,0.0,43.976000000000006,95956545.0,9ac9e8e5adc04f9a316c25f81108c04b,306565.0,1.0,0.0,25.456,7-33,87316.0,0.0,1123537.0,11203.0,4.288,11166.0,11203.0,-1.0,24451.0,0.0,1972187.0,14491.0,95956545.0,40.0,20.324,24.612,0.94,1134705.0,False
300.0,7b5860221ac4bf880739e34b36b6d1fb.param,2.0,0.0,0.0,45.507,95956545.0,9ac9e8e5adc04f9a316c25f81108c04b,306565.0,1.0,0.0,25.627,7-33,87316.0,0.0,1123537.0,11203.0,4.249,11166.0,11203.0,-1.0,24451.0,0.0,1972187.0,14491.0,95956545.0,40.0,20.524,24.773000000000003,0.94,1134705.0,False
300.0,53797da70b0cf5f28e45644f5fda249f.param,0.0,0.0,0.0,9.031,1923385776.0,0cc9297a712741d15c68510b6dd9564b,97311.0,1.0,0.0,2.873,7-33,48772.0,0.0,199952.0,9759.0,0.726,1933.0,9759.0,-1.0,8969.0,0.0,829045.0,2245.0,1923385776.0,33.0,2.012,2.738,0.28,201887.0,False
300.0,53797da70b0cf5f28e45644f5fda249f.param,1.0,0.0,0.0,9.427,1923385776.0,0cc9297a712741d15c68510b6dd9564b,97311.0,1.0,0.0,2.864,7-33,48772.0,0.0,199952.0,9759.0,0.71,1933.0,9759.0,-1.0,8969.0,0.0,829045.0,2245.0,1923385776.0,33.0,2.01,2.72,0.28,201887.0,False
300.0,53797da70b0cf5f28e45644f5fda249f.param,2.0,0.0,0.0,9.283999999999999,1923385776.0,0cc9297a712741d15c68510b6dd9564b,97311.0,1.0,0.0,2.969,7-33,48772.0,0.0,199952.0,9759.0,0.726,1933.0,9759.0,-1.0,8969.0,0.0,829045.0,2245.0,1923385776.0,33.0,2.0980000000000003,2.824,0.28,201887.0,False
300.0,f3f514a91e7728b0df10399e56f94206.param,0.0,0.0,0.0,19.057000000000002,590654055.0,3758c8a8f2c540631600dcf9657f189a,70481.0,1.0,0.0,5.122000000000001,7-33,38495.0,0.0,421747.0,5615.0,1.858,4460.0,5615.0,-1.0,6471.0,0.0,1048926.0,5577.0,590654055.0,24.0,2.94,4.798,0.28,426209.0,False
300.0,f3f514a91e7728b0df10399e56f94206.param,1.0,0.0,0.0,18.908,590654055.0,3758c8a8f2c540631600dcf9657f189a,70481.0,1.0,0.0,4.263999999999999,7-33,38495.0,0.0,421747.0,5615.0,1.577,4460.0,5615.0,-1.0,6471.0,0.0,1048926.0,5577.0,590654055.0,24.0,2.399,3.9760000000000004,0.28,426209.0,False
300.0,f3f514a91e7728b0df10399e56f94206.param,2.0,0.0,0.0,18.402,590654055.0,3758c8a8f2c540631600dcf9657f189a,70481.0,1.0,0.0,4.232,7-33,38495.0,0.0,421747.0,5615.0,1.591,4460.0,5615.0,-1.0,6471.0,0.0,1048926.0,5577.0,590654055.0,24.0,2.408,3.9989999999999997,0.28,426209.0,False
300.0,2c863ef862f94f5be37b35a0e4c17156.param,0.0,0.0,0.0,41.147,1235388569.0,8f1e84d7781238eb7b08f8e93368c228,846363.0,1.0,0.0,27.125999999999998,7-33,644681.0,0.0,1018472.0,10247.0,3.888,10541.0,10247.0,-1.0,22058.0,0.0,1120719.0,13669.0,1235388569.0,36.0,22.663,26.551,0.63,1029015.0,False
300.0,2c863ef862f94f5be37b35a0e4c17156.param,1.0,0.0,0.0,40.506,1235388569.0,8f1e84d7781238eb7b08f8e93368c228,846363.0,1.0,0.0,26.055,7-33,644681.0,0.0,1018472.0,10247.0,3.843,10541.0,10247.0,-1.0,22058.0,0.0,1120719.0,13669.0,1235388569.0,36.0,21.663,25.506,0.63,1029015.0,False
300.0,2c863ef862f94f5be37b35a0e4c17156.param,2.0,0.0,0.0,42.757,1235388569.0,8f1e84d7781238eb7b08f8e93368c228,846363.0,1.0,0.0,27.176,7-33,644681.0,0.0,1018472.0,10247.0,3.932,10541.0,10247.0,-1.0,22058.0,0.0,1120719.0,13669.0,1235388569.0,36.0,22.497,26.429000000000002,0.63,1029015.0,False
300.0,86d0a459cbac55d6b0ecb8de1373f318.param,0.0,0.0,0.0,45.62600000000001,34754393.0,1c6909751cacca5449e84df14260cd65,121509.0,1.0,0.0,9.218,7-33,52733.0,0.0,1152094.0,4118.0,4.362,16545.0,4118.0,-1.0,17836.0,0.0,611954.0,21602.0,34754393.0,17.0,4.229,8.591000000000001,0.63,1168641.0,False
300.0,86d0a459cbac55d6b0ecb8de1373f318.param,1.0,0.0,0.0,45.885,34754393.0,1c6909751cacca5449e84df14260cd65,121509.0,1.0,0.0,9.374,7-33,52733.0,0.0,1152094.0,4118.0,4.412,16545.0,4118.0,-1.0,17836.0,0.0,611954.0,21602.0,34754393.0,17.0,4.284,8.696,0.63,1168641.0,False
300.0,86d0a459cbac55d6b0ecb8de1373f318.param,2.0,0.0,0.0,45.94600000000001,34754393.0,1c6909751cacca5449e84df14260cd65,121509.0,1.0,0.0,9.288,7-33,52733.0,0.0,1152094.0,4118.0,4.428999999999999,16545.0,4118.0,-1.0,17836.0,0.0,611954.0,21602.0,34754393.0,17.0,4.198,8.627,0.63,1168641.0,False
300.0,ceb1794b37ee7a46798c6a75e6be96ab.param,0.0,0.0,0.0,19.643,590654055.0,48dc74ceb1d6731d31b68c5a96ab53ed,1018206.0,1.0,0.0,19.979,7-33,920937.0,0.0,409320.0,9776.0,1.52,4071.0,9776.0,-1.0,14673.0,0.0,2091079.0,5036.0,590654055.0,33.0,18.204,19.724,0.42,413393.0,False
300.0,ceb1794b37ee7a46798c6a75e6be96ab.param,1.0,0.0,0.0,19.295,590654055.0,48dc74ceb1d6731d31b68c5a96ab53ed,1018206.0,1.0,0.0,19.864,7-33,920937.0,0.0,409320.0,9776.0,1.531,4071.0,9776.0,-1.0,14673.0,0.0,2091079.0,5036.0,590654055.0,33.0,18.092,19.623,0.42,413393.0,False
300.0,ceb1794b37ee7a46798c6a75e6be96ab.param,2.0,0.0,0.0,17.724,590654055.0,48dc74ceb1d6731d31b68c5a96ab53ed,1018206.0,1.0,0.0,19.555,7-33,920937.0,0.0,409320.0,9776.0,1.5290000000000001,4071.0,9776.0,-1.0,14673.0,0.0,2091079.0,5036.0,590654055.0,33.0,17.76,19.289,0.42,413393.0,False
300.0,55b26376914ebad092e2e305df354383.param,0.0,0.0,0.0,24.166,1470727592.0,5bd26b23230ef92709f2afc762cfb8c3,153287.0,1.0,0.0,9.644,7-33,70392.0,0.0,589367.0,6207.0,2.273,6505.0,6207.0,-1.0,13601.0,0.0,994879.0,8350.0,1470727592.0,28.0,7.018,9.291,0.42,595874.0,False
300.0,55b26376914ebad092e2e305df354383.param,1.0,0.0,0.0,25.843000000000004,1470727592.0,5bd26b23230ef92709f2afc762cfb8c3,153287.0,1.0,0.0,9.87,7-33,70392.0,0.0,589367.0,6207.0,2.2319999999999998,6505.0,6207.0,-1.0,13601.0,0.0,994879.0,8350.0,1470727592.0,28.0,7.195,9.427,0.42,595874.0,False
300.0,55b26376914ebad092e2e305df354383.param,2.0,0.0,0.0,25.287,1470727592.0,5bd26b23230ef92709f2afc762cfb8c3,153287.0,1.0,0.0,9.766,7-33,70392.0,0.0,589367.0,6207.0,2.239,6505.0,6207.0,-1.0,13601.0,0.0,994879.0,8350.0,1470727592.0,28.0,7.184,9.423,0.42,595874.0,False
300.0,f09afe8bb1fa94a49596406bf88166c9.param,0.0,0.0,0.0,44.722,1918631718.0,87d68b349aca4ace3a765a7e2af5a34f,141906.0,1.0,0.0,8.163,7-33,55189.0,0.0,1147474.0,6228.0,4.395,12803.0,6228.0,-1.0,13022.0,0.0,846639.0,16642.0,1918631718.0,28.0,3.139,7.534,0.63,1160279.0,False
300.0,f09afe8bb1fa94a49596406bf88166c9.param,1.0,0.0,0.0,44.52,1918631718.0,87d68b349aca4ace3a765a7e2af5a34f,141906.0,1.0,0.0,8.255,7-33,55189.0,0.0,1147474.0,6228.0,4.387,12803.0,6228.0,-1.0,13022.0,0.0,846639.0,16642.0,1918631718.0,28.0,3.2119999999999997,7.599,0.63,1160279.0,False
300.0,f09afe8bb1fa94a49596406bf88166c9.param,2.0,0.0,0.0,47.573,1918631718.0,87d68b349aca4ace3a765a7e2af5a34f,141906.0,1.0,0.0,8.187999999999999,7-33,55189.0,0.0,1147474.0,6228.0,4.405,12803.0,6228.0,-1.0,13022.0,0.0,846639.0,16642.0,1918631718.0,28.0,3.157,7.562,0.63,1160279.0,False
300.0,3a224236b6b589e9f8161cb41fb64421.param,0.0,0.0,0.0,36.408,2028359165.0,4e614b5d9d072131f008e90ebe58feb4,81340.0,1.0,0.0,5.681,7-33,34172.0,0.0,936454.0,6385.0,3.6060000000000003,10221.0,6385.0,-1.0,6659.0,0.0,716198.0,13258.0,2028359165.0,29.0,1.5390000000000001,5.145,0.42,946677.0,False
300.0,3a224236b6b589e9f8161cb41fb64421.param,1.0,0.0,0.0,36.528,2028359165.0,4e614b5d9d072131f008e90ebe58feb4,81340.0,1.0,0.0,5.92,7-33,34172.0,0.0,936454.0,6385.0,3.641,10221.0,6385.0,-1.0,6659.0,0.0,716198.0,13258.0,2028359165.0,29.0,1.7530000000000001,5.394,0.42,946677.0,False
300.0,3a224236b6b589e9f8161cb41fb64421.param,2.0,0.0,0.0,35.501,2028359165.0,4e614b5d9d072131f008e90ebe58feb4,81340.0,1.0,0.0,5.609,7-33,34172.0,0.0,936454.0,6385.0,3.553,10221.0,6385.0,-1.0,6659.0,0.0,716198.0,13258.0,2028359165.0,29.0,1.527,5.08,0.42,946677.0,False
300.0,e132556b0d38151640e92d05691dbdbe.param,0.0,0.0,0.0,76.586,1918631718.0,71574d70e8900496b9fc6d9aa472048b,179211.0,1.0,0.0,33.482,7-33,70429.0,0.0,1857410.0,9643.0,7.246,19024.0,9643.0,-1.0,18918.0,0.0,1045443.0,24877.0,1918631718.0,32.0,25.289,32.535,0.94,1876436.0,False
300.0,e132556b0d38151640e92d05691dbdbe.param,1.0,0.0,0.0,72.18,1918631718.0,71574d70e8900496b9fc6d9aa472048b,179211.0,1.0,0.0,34.285,7-33,70429.0,0.0,1857410.0,9643.0,7.456,19024.0,9643.0,-1.0,18918.0,0.0,1045443.0,24877.0,1918631718.0,32.0,25.513,32.969,0.94,1876436.0,False
300.0,e132556b0d38151640e92d05691dbdbe.param,2.0,0.0,0.0,75.325,1918631718.0,71574d70e8900496b9fc6d9aa472048b,179211.0,1.0,0.0,33.943000000000005,7-33,70429.0,0.0,1857410.0,9643.0,7.1229999999999976,19024.0,9643.0,-1.0,18918.0,0.0,1045443.0,24877.0,1918631718.0,32.0,25.503,32.626,0.94,1876436.0,False
300.0,c7380516182e520bfda807e4d9ed529d.param,0.0,0.0,0.0,10.481,1057470620.0,16398bf1d6dcab28f26563c237ca8884,137213.0,1.0,0.0,9.765,7-33,68846.0,0.0,231626.0,9679.0,0.862,2329.0,9679.0,-1.0,12189.0,0.0,1163821.0,2707.0,1057470620.0,32.0,8.747,9.609,0.42,233957.0,False
300.0,c7380516182e520bfda807e4d9ed529d.param,1.0,0.0,0.0,10.274000000000001,1057470620.0,16398bf1d6dcab28f26563c237ca8884,137213.0,1.0,0.0,9.908999999999999,7-33,68846.0,0.0,231626.0,9679.0,0.868,2329.0,9679.0,-1.0,12189.0,0.0,1163821.0,2707.0,1057470620.0,32.0,8.839,9.707,0.42,233957.0,False
300.0,c7380516182e520bfda807e4d9ed529d.param,2.0,0.0,0.0,10.402999999999999,1057470620.0,16398bf1d6dcab28f26563c237ca8884,137213.0,1.0,0.0,10.095,7-33,68846.0,0.0,231626.0,9679.0,0.865,2329.0,9679.0,-1.0,12189.0,0.0,1163821.0,2707.0,1057470620.0,32.0,9.027000000000001,9.892000000000001,0.42,233957.0,False
300.0,9fea3b5fddf357019f10d5f61fc8a74b.param,0.0,0.0,0.0,39.982,693280077.0,3d97b4edb88067d8164caa2deecfb080,54604.0,1.0,0.0,5.3020000000000005,7-33,23506.0,0.0,951266.0,4151.0,3.656,13280.0,4151.0,-1.0,8682.0,0.0,460046.0,17325.0,693280077.0,17.0,1.1059999999999999,4.762,0.63,964548.0,False
300.0,9fea3b5fddf357019f10d5f61fc8a74b.param,1.0,0.0,0.0,39.586999999999996,693280077.0,3d97b4edb88067d8164caa2deecfb080,54604.0,1.0,0.0,5.263999999999999,7-33,23506.0,0.0,951266.0,4151.0,3.6239999999999997,13280.0,4151.0,-1.0,8682.0,0.0,460046.0,17325.0,693280077.0,17.0,1.082,4.706,0.63,964548.0,False
300.0,9fea3b5fddf357019f10d5f61fc8a74b.param,2.0,0.0,0.0,36.799,693280077.0,3d97b4edb88067d8164caa2deecfb080,54604.0,1.0,0.0,5.206,7-33,23506.0,0.0,951266.0,4151.0,3.597,13280.0,4151.0,-1.0,8682.0,0.0,460046.0,17325.0,693280077.0,17.0,1.074,4.671,0.63,964548.0,False
300.0,7c50c2c12e2aac2541da57a3aad7ca55.param,0.0,0.0,0.0,72.087,182366586.0,b60b2a18405dfca8d913d13622e923e4,541391.0,1.0,0.0,37.723,7-33,277040.0,0.0,1767579.0,10245.0,6.895,18291.0,10245.0,-1.0,25654.0,0.0,1390864.0,23952.0,182366586.0,36.0,29.884,36.779,0.94,1785872.0,False
300.0,7c50c2c12e2aac2541da57a3aad7ca55.param,1.0,0.0,0.0,68.344,182366586.0,b60b2a18405dfca8d913d13622e923e4,541391.0,1.0,0.0,37.486,7-33,277040.0,0.0,1767579.0,10245.0,6.785,18291.0,10245.0,-1.0,25654.0,0.0,1390864.0,23952.0,182366586.0,36.0,29.469,36.254,0.94,1785872.0,False
300.0,7c50c2c12e2aac2541da57a3aad7ca55.param,2.0,0.0,0.0,69.467,182366586.0,b60b2a18405dfca8d913d13622e923e4,541391.0,1.0,0.0,37.727,7-33,277040.0,0.0,1767579.0,10245.0,6.9510000000000005,18291.0,10245.0,-1.0,25654.0,0.0,1390864.0,23952.0,182366586.0,36.0,29.829,36.78,0.94,1785872.0,False
300.0,accc739b7443ee6f6c986b29106d30b2.param,0.0,0.0,0.0,64.844,1057470620.0,6617b775828d5063d113dbd3e7c5339e,364092.0,1.0,0.0,21.296999999999997,7-33,128696.0,0.0,1730772.0,11248.0,6.702000000000001,16701.0,11248.0,-1.0,25517.0,0.0,1265125.0,21821.0,1057470620.0,40.0,13.331,20.033,0.94,1747475.0,False
300.0,accc739b7443ee6f6c986b29106d30b2.param,1.0,0.0,0.0,69.632,1057470620.0,6617b775828d5063d113dbd3e7c5339e,364092.0,1.0,0.0,20.686999999999998,7-33,128696.0,0.0,1730772.0,11248.0,6.7410000000000005,16701.0,11248.0,-1.0,25517.0,0.0,1265125.0,21821.0,1057470620.0,40.0,13.023,19.764,0.94,1747475.0,False
300.0,accc739b7443ee6f6c986b29106d30b2.param,2.0,0.0,0.0,70.244,1057470620.0,6617b775828d5063d113dbd3e7c5339e,364092.0,1.0,0.0,20.677,7-33,128696.0,0.0,1730772.0,11248.0,6.766,16701.0,11248.0,-1.0,25517.0,0.0,1265125.0,21821.0,1057470620.0,40.0,12.978,19.744,0.94,1747475.0,False
300.0,c73e9bafac569591c4ea47d45cfac20c.param,0.0,0.0,0.0,30.552,1918631718.0,fa8cd8886d01756d694a93b80f58d3d3,566477.0,1.0,0.0,34.441,7-33,385068.0,0.0,700242.0,10397.0,2.634,7031.0,10397.0,-1.0,22025.0,0.0,1322103.0,8964.0,1918631718.0,37.0,31.256,33.89,0.94,707275.0,False
300.0,c73e9bafac569591c4ea47d45cfac20c.param,1.0,0.0,0.0,28.439,1918631718.0,fa8cd8886d01756d694a93b80f58d3d3,566477.0,1.0,0.0,34.269,7-33,385068.0,0.0,700242.0,10397.0,2.6039999999999996,7031.0,10397.0,-1.0,22025.0,0.0,1322103.0,8964.0,1918631718.0,37.0,31.158,33.762,0.94,707275.0,False
300.0,c73e9bafac569591c4ea47d45cfac20c.param,2.0,0.0,0.0,30.25800000000001,1918631718.0,fa8cd8886d01756d694a93b80f58d3d3,566477.0,1.0,0.0,34.316,7-33,385068.0,0.0,700242.0,10397.0,2.6630000000000003,7031.0,10397.0,-1.0,22025.0,0.0,1322103.0,8964.0,1918631718.0,37.0,31.24,33.903,0.94,707275.0,False
300.0,d77b1e8e85636e2a8e697f0467151b32.param,0.0,0.0,0.0,10.322000000000001,590654055.0,0ea0fad277933b4173e02904241a5db6,318775.0,1.0,0.0,13.214,7-33,221726.0,0.0,222206.0,10291.0,0.802,2257.0,10291.0,-1.0,11416.0,0.0,1785501.0,2623.0,590654055.0,36.0,12.228,13.03,0.42,224465.0,False
300.0,d77b1e8e85636e2a8e697f0467151b32.param,1.0,0.0,0.0,9.996,590654055.0,0ea0fad277933b4173e02904241a5db6,318775.0,1.0,0.0,12.765999999999998,7-33,221726.0,0.0,222206.0,10291.0,0.8079999999999999,2257.0,10291.0,-1.0,11416.0,0.0,1785501.0,2623.0,590654055.0,36.0,11.802,12.61,0.42,224465.0,False
300.0,d77b1e8e85636e2a8e697f0467151b32.param,2.0,0.0,0.0,10.289000000000001,590654055.0,0ea0fad277933b4173e02904241a5db6,318775.0,1.0,0.0,12.841,7-33,221726.0,0.0,222206.0,10291.0,0.818,2257.0,10291.0,-1.0,11416.0,0.0,1785501.0,2623.0,590654055.0,36.0,11.876,12.694,0.42,224465.0,False
300.0,bb83bd2588db308f9da59945e9f53761.param,0.0,0.0,0.0,36.23,823094821.0,4eca1cdee3ec9801af1f8474c440d964,483193.0,1.0,0.0,11.552,7-33,410724.0,0.0,888302.0,5749.0,3.339,10497.0,5749.0,-1.0,14498.0,0.0,1027539.0,13648.0,823094821.0,25.0,7.5760000000000005,10.915,0.42,898801.0,False
300.0,bb83bd2588db308f9da59945e9f53761.param,1.0,0.0,0.0,38.313,823094821.0,4eca1cdee3ec9801af1f8474c440d964,483193.0,1.0,0.0,11.033,7-33,410724.0,0.0,888302.0,5749.0,3.385,10497.0,5749.0,-1.0,14498.0,0.0,1027539.0,13648.0,823094821.0,25.0,7.1370000000000005,10.522,0.42,898801.0,False
300.0,bb83bd2588db308f9da59945e9f53761.param,2.0,0.0,0.0,35.14,823094821.0,4eca1cdee3ec9801af1f8474c440d964,483193.0,1.0,0.0,11.577,7-33,410724.0,0.0,888302.0,5749.0,3.423,10497.0,5749.0,-1.0,14498.0,0.0,1027539.0,13648.0,823094821.0,25.0,7.501,10.924000000000001,0.42,898801.0,False
300.0,971e5d247ffd98140d5d9199460cd7b4.param,0.0,0.0,0.0,31.195999999999998,1257636424.0,8356b8097953eb47dd3ffeb4f676894c,259948.0,1.0,0.0,27.79,7-33,114349.0,0.0,759485.0,9727.0,3.0010000000000003,8028.0,9727.0,-1.0,20906.0,0.0,1559886.0,10305.0,1257636424.0,33.0,24.27,27.271,0.63,767515.0,False
300.0,971e5d247ffd98140d5d9199460cd7b4.param,1.0,0.0,0.0,31.548000000000002,1257636424.0,8356b8097953eb47dd3ffeb4f676894c,259948.0,1.0,0.0,27.419,7-33,114349.0,0.0,759485.0,9727.0,3.016,8028.0,9727.0,-1.0,20906.0,0.0,1559886.0,10305.0,1257636424.0,33.0,23.823,26.839000000000002,0.63,767515.0,False
300.0,971e5d247ffd98140d5d9199460cd7b4.param,2.0,0.0,0.0,33.361,1257636424.0,8356b8097953eb47dd3ffeb4f676894c,259948.0,1.0,0.0,27.588,7-33,114349.0,0.0,759485.0,9727.0,2.924,8028.0,9727.0,-1.0,20906.0,0.0,1559886.0,10305.0,1257636424.0,33.0,24.099,27.023000000000003,0.63,767515.0,False
300.0,5f169f8946c848c062a4dd468eb064c1.param,0.0,0.0,0.0,69.494,2136253402.0,249a4936764ddf0067ae241a7a857262,358724.0,1.0,0.0,43.385,7-33,175120.0,0.0,1818271.0,11390.0,7.0070000000000014,17213.0,11390.0,-1.0,22312.0,0.0,1317812.0,22502.0,2136253402.0,41.0,34.996,42.003,0.94,1835486.0,False
300.0,5f169f8946c848c062a4dd468eb064c1.param,1.0,0.0,0.0,72.182,2136253402.0,249a4936764ddf0067ae241a7a857262,358724.0,1.0,0.0,42.922,7-33,175120.0,0.0,1818271.0,11390.0,7.112,17213.0,11390.0,-1.0,22312.0,0.0,1317812.0,22502.0,2136253402.0,41.0,34.779,41.89100000000001,0.94,1835486.0,False
300.0,5f169f8946c848c062a4dd468eb064c1.param,2.0,0.0,0.0,71.992,2136253402.0,249a4936764ddf0067ae241a7a857262,358724.0,1.0,0.0,43.351000000000006,7-33,175120.0,0.0,1818271.0,11390.0,7.19,17213.0,11390.0,-1.0,22312.0,0.0,1317812.0,22502.0,2136253402.0,41.0,35.135999999999996,42.326,0.94,1835486.0,False
300.0,36fc98d1195ddc35e5ef9eb80f9a3178.param,0.0,0.0,0.0,12.628,270657042.0,164f78c8341f6ca7096b994443930e86,131326.0,1.0,0.0,3.0410000000000004,7-33,99820.0,0.0,280606.0,4669.0,1.082,3713.0,4669.0,-1.0,7184.0,0.0,419488.0,4685.0,270657042.0,20.0,1.757,2.839,0.19,284321.0,False
300.0,36fc98d1195ddc35e5ef9eb80f9a3178.param,1.0,0.0,0.0,12.376,270657042.0,164f78c8341f6ca7096b994443930e86,131326.0,1.0,0.0,3.02,7-33,99820.0,0.0,280606.0,4669.0,1.075,3713.0,4669.0,-1.0,7184.0,0.0,419488.0,4685.0,270657042.0,20.0,1.7619999999999998,2.8369999999999997,0.19,284321.0,False
300.0,36fc98d1195ddc35e5ef9eb80f9a3178.param,2.0,0.0,0.0,12.818,270657042.0,164f78c8341f6ca7096b994443930e86,131326.0,1.0,0.0,2.947,7-33,99820.0,0.0,280606.0,4669.0,1.0170000000000001,3713.0,4669.0,-1.0,7184.0,0.0,419488.0,4685.0,270657042.0,20.0,1.756,2.773,0.19,284321.0,False
300.0,2cf01039b19cea84eef8c942aea32605.param,0.0,0.0,0.0,75.37100000000002,1057470620.0,5eebe4ed42f0e8737da677e27f38d307,1086104.0,1.0,0.0,31.141,7-33,877465.0,0.0,1834382.0,11249.0,7.105,18049.0,11249.0,-1.0,26283.0,0.0,1550117.0,23581.0,1057470620.0,40.0,23.045,30.15,0.94,1852433.0,False
300.0,2cf01039b19cea84eef8c942aea32605.param,1.0,0.0,0.0,71.631,1057470620.0,5eebe4ed42f0e8737da677e27f38d307,1086104.0,1.0,0.0,32.335,7-33,877465.0,0.0,1834382.0,11249.0,7.142,18049.0,11249.0,-1.0,26283.0,0.0,1550117.0,23581.0,1057470620.0,40.0,23.877,31.019000000000002,0.94,1852433.0,False
300.0,2cf01039b19cea84eef8c942aea32605.param,2.0,0.0,0.0,70.237,1057470620.0,5eebe4ed42f0e8737da677e27f38d307,1086104.0,1.0,0.0,31.36,7-33,877465.0,0.0,1834382.0,11249.0,7.063,18049.0,11249.0,-1.0,26283.0,0.0,1550117.0,23581.0,1057470620.0,40.0,23.273000000000003,30.336,0.94,1852433.0,False
300.0,61f5f3058b749cd913e33ba1bf9fcead.param,0.0,0.0,0.0,5.614,693280077.0,1f6dd785def63c2d5905ba7fb219124e,68649.0,1.0,0.0,2.103,7-33,39064.0,0.0,117841.0,5670.0,0.449,1397.0,5670.0,-1.0,7591.0,0.0,749948.0,1508.0,693280077.0,24.0,1.5519999999999998,2.001,0.28,119240.0,False
300.0,61f5f3058b749cd913e33ba1bf9fcead.param,1.0,0.0,0.0,5.907,693280077.0,1f6dd785def63c2d5905ba7fb219124e,68649.0,1.0,0.0,2.045,7-33,39064.0,0.0,117841.0,5670.0,0.41700000000000004,1397.0,5670.0,-1.0,7591.0,0.0,749948.0,1508.0,693280077.0,24.0,1.526,1.943,0.28,119240.0,False
300.0,61f5f3058b749cd913e33ba1bf9fcead.param,2.0,0.0,0.0,5.683,693280077.0,1f6dd785def63c2d5905ba7fb219124e,68649.0,1.0,0.0,2.011,7-33,39064.0,0.0,117841.0,5670.0,0.423,1397.0,5670.0,-1.0,7591.0,0.0,749948.0,1508.0,693280077.0,24.0,1.4909999999999999,1.9140000000000001,0.28,119240.0,False
300.0,3516b948e6368c1e04e766cb3dbf658f.param,0.0,0.0,0.0,95.98899999999999,1235388569.0,61fcdb0bb7d73ef21a2630b18de9164c,509240.0,1.0,0.0,36.84,7-33,297945.0,0.0,2398672.0,10293.0,9.355,24566.0,10293.0,-1.0,23439.0,0.0,1771848.0,32271.0,1235388569.0,36.0,26.17,35.525,0.94,2423240.0,False
300.0,3516b948e6368c1e04e766cb3dbf658f.param,1.0,0.0,0.0,96.82600000000001,1235388569.0,61fcdb0bb7d73ef21a2630b18de9164c,509240.0,1.0,0.0,36.647,7-33,297945.0,0.0,2398672.0,10293.0,9.181000000000001,24566.0,10293.0,-1.0,23439.0,0.0,1771848.0,32271.0,1235388569.0,36.0,26.21,35.391,0.94,2423240.0,False
300.0,3516b948e6368c1e04e766cb3dbf658f.param,2.0,0.0,0.0,94.531,1235388569.0,61fcdb0bb7d73ef21a2630b18de9164c,509240.0,1.0,0.0,38.014,7-33,297945.0,0.0,2398672.0,10293.0,9.292,24566.0,10293.0,-1.0,23439.0,0.0,1771848.0,32271.0,1235388569.0,36.0,27.07800000000001,36.37,0.94,2423240.0,False
300.0,97b29b11b39e49b80f3ff828f7a4f470.param,0.0,0.0,0.0,24.162,372553220.0,eb05ccf17ccfbf0217e38f115025f9be,38360.0,1.0,0.0,3.62,7-33,12320.0,0.0,585326.0,4682.0,2.186,7001.0,4682.0,-1.0,4692.0,0.0,631108.0,9000.0,372553220.0,20.0,1.09,3.2760000000000002,0.28,592329.0,False
300.0,97b29b11b39e49b80f3ff828f7a4f470.param,1.0,0.0,0.0,24.104,372553220.0,eb05ccf17ccfbf0217e38f115025f9be,38360.0,1.0,0.0,3.6519999999999997,7-33,12320.0,0.0,585326.0,4682.0,2.224,7001.0,4682.0,-1.0,4692.0,0.0,631108.0,9000.0,372553220.0,20.0,1.0859999999999999,3.31,0.28,592329.0,False
300.0,97b29b11b39e49b80f3ff828f7a4f470.param,2.0,0.0,0.0,24.94400000000001,372553220.0,eb05ccf17ccfbf0217e38f115025f9be,38360.0,1.0,0.0,3.75,7-33,12320.0,0.0,585326.0,4682.0,2.247,7001.0,4682.0,-1.0,4692.0,0.0,631108.0,9000.0,372553220.0,20.0,1.16,3.407,0.28,592329.0,False
300.0,a78197c32b5c06c92ee4f6e438ee3962.param,0.0,0.0,0.0,70.33800000000001,506016928.0,6351063a0770d17e4b43e3fc488dc165,99374.0,1.0,0.0,11.261,7-33,33745.0,0.0,1805425.0,6358.0,7.2070000000000025,20141.0,6358.0,-1.0,13213.0,0.0,763122.0,26416.0,506016928.0,29.0,3.0389999999999997,10.245999999999999,0.94,1825568.0,False
300.0,a78197c32b5c06c92ee4f6e438ee3962.param,1.0,0.0,0.0,68.90100000000001,506016928.0,6351063a0770d17e4b43e3fc488dc165,99374.0,1.0,0.0,10.945,7-33,33745.0,0.0,1805425.0,6358.0,7.034,20141.0,6358.0,-1.0,13213.0,0.0,763122.0,26416.0,506016928.0,29.0,2.931,9.965,0.94,1825568.0,False
300.0,a78197c32b5c06c92ee4f6e438ee3962.param,2.0,0.0,0.0,71.135,506016928.0,6351063a0770d17e4b43e3fc488dc165,99374.0,1.0,0.0,10.888,7-33,33745.0,0.0,1805425.0,6358.0,7.05,20141.0,6358.0,-1.0,13213.0,0.0,763122.0,26416.0,506016928.0,29.0,2.9189999999999996,9.969,0.94,1825568.0,False
300.0,92f07d9616904178c202cd6d7e0ae97d.param,0.0,0.0,0.0,27.575,1098776393.0,4d52d3f0e8772bc2b2d5c2b11104e032,248882.0,1.0,0.0,18.916,7-33,118555.0,0.0,688651.0,10202.0,2.582,7203.0,10202.0,-1.0,16977.0,0.0,931380.0,9270.0,1098776393.0,36.0,15.812999999999999,18.395,0.63,695856.0,False
300.0,92f07d9616904178c202cd6d7e0ae97d.param,1.0,0.0,0.0,29.838,1098776393.0,4d52d3f0e8772bc2b2d5c2b11104e032,248882.0,1.0,0.0,18.872,7-33,118555.0,0.0,688651.0,10202.0,2.59,7203.0,10202.0,-1.0,16977.0,0.0,931380.0,9270.0,1098776393.0,36.0,15.86,18.45,0.63,695856.0,False
300.0,92f07d9616904178c202cd6d7e0ae97d.param,2.0,0.0,0.0,30.151999999999997,1098776393.0,4d52d3f0e8772bc2b2d5c2b11104e032,248882.0,1.0,0.0,19.165,7-33,118555.0,0.0,688651.0,10202.0,2.59,7203.0,10202.0,-1.0,16977.0,0.0,931380.0,9270.0,1098776393.0,36.0,16.076,18.666,0.63,695856.0,False
300.0,ea9e2588afe4504c0be19561db25ccfd.param,0.0,0.0,0.0,36.424,2050821110.0,4dc109f1719492ca70b1b52c01f253fa,75866.0,1.0,0.0,9.469,7-33,8687.0,0.0,866966.0,4795.0,3.3560000000000003,10753.0,4795.0,-1.0,11773.0,0.0,933355.0,13987.0,2050821110.0,21.0,5.62,8.976,0.42,877721.0,False
300.0,ea9e2588afe4504c0be19561db25ccfd.param,1.0,0.0,0.0,33.92,2050821110.0,4dc109f1719492ca70b1b52c01f253fa,75866.0,1.0,0.0,9.75,7-33,8687.0,0.0,866966.0,4795.0,3.3689999999999998,10753.0,4795.0,-1.0,11773.0,0.0,933355.0,13987.0,2050821110.0,21.0,5.871,9.24,0.42,877721.0,False
300.0,ea9e2588afe4504c0be19561db25ccfd.param,2.0,0.0,0.0,35.141999999999996,2050821110.0,4dc109f1719492ca70b1b52c01f253fa,75866.0,1.0,0.0,9.656,7-33,8687.0,0.0,866966.0,4795.0,3.3560000000000003,10753.0,4795.0,-1.0,11773.0,0.0,933355.0,13987.0,2050821110.0,21.0,5.659,9.015,0.42,877721.0,False
300.0,d6dbb131b6c4096427e3cdbc24174d58.param,0.0,0.0,0.0,15.704,254168822.0,aea2d3d756f279b49c260b6887a20814,128278.0,1.0,0.0,20.625,7-33,37320.0,0.0,351646.0,9770.0,1.376,3680.0,9770.0,-1.0,12495.0,0.0,1041285.0,4597.0,254168822.0,33.0,19.021,20.397000000000002,0.42,355328.0,False
300.0,d6dbb131b6c4096427e3cdbc24174d58.param,1.0,0.0,0.0,16.037,254168822.0,aea2d3d756f279b49c260b6887a20814,128278.0,1.0,0.0,20.382,7-33,37320.0,0.0,351646.0,9770.0,1.284,3680.0,9770.0,-1.0,12495.0,0.0,1041285.0,4597.0,254168822.0,33.0,18.878,20.162,0.42,355328.0,False
300.0,d6dbb131b6c4096427e3cdbc24174d58.param,2.0,0.0,0.0,15.784,254168822.0,aea2d3d756f279b49c260b6887a20814,128278.0,1.0,0.0,20.706,7-33,37320.0,0.0,351646.0,9770.0,1.35,3680.0,9770.0,-1.0,12495.0,0.0,1041285.0,4597.0,254168822.0,33.0,19.081,20.430999999999997,0.42,355328.0,False
300.0,8dbc47c71dc08cbc8ffa4bf3b92aa057.param,0.0,0.0,0.0,21.066,1571287961.0,a02e58add924a78c39764b8083178647,372668.0,1.0,0.0,10.571,7-33,289273.0,0.0,460697.0,4633.0,1.791,6176.0,4633.0,-1.0,14753.0,0.0,1164266.0,7869.0,1571287961.0,20.0,8.496,10.287,0.63,466875.0,False
300.0,8dbc47c71dc08cbc8ffa4bf3b92aa057.param,1.0,0.0,0.0,19.477999999999998,1571287961.0,a02e58add924a78c39764b8083178647,372668.0,1.0,0.0,10.63,7-33,289273.0,0.0,460697.0,4633.0,1.736,6176.0,4633.0,-1.0,14753.0,0.0,1164266.0,7869.0,1571287961.0,20.0,8.611,10.347000000000001,0.63,466875.0,False
300.0,8dbc47c71dc08cbc8ffa4bf3b92aa057.param,2.0,0.0,0.0,19.934,1571287961.0,a02e58add924a78c39764b8083178647,372668.0,1.0,0.0,10.618,7-33,289273.0,0.0,460697.0,4633.0,1.724,6176.0,4633.0,-1.0,14753.0,0.0,1164266.0,7869.0,1571287961.0,20.0,8.619,10.343,0.63,466875.0,False
300.0,056d65a7bb6760a4c29fabc08869fd2b.param,0.0,0.0,0.0,98.787,160742207.0,b9b16fa5176df235f430e41ee2a019cc,337723.0,1.0,0.0,40.195,7-33,155672.0,0.0,2498626.0,10336.0,9.756,25076.0,10336.0,-1.0,19711.0,0.0,1766225.0,32945.0,160742207.0,37.0,28.655,38.411,0.94,2523704.0,False
300.0,056d65a7bb6760a4c29fabc08869fd2b.param,1.0,0.0,0.0,106.94200000000001,160742207.0,b9b16fa5176df235f430e41ee2a019cc,337723.0,1.0,0.0,39.425,7-33,155672.0,0.0,2498626.0,10336.0,9.617,25076.0,10336.0,-1.0,19711.0,0.0,1766225.0,32945.0,160742207.0,37.0,28.48,38.097,0.94,2523704.0,False
300.0,056d65a7bb6760a4c29fabc08869fd2b.param,2.0,0.0,0.0,104.014,160742207.0,b9b16fa5176df235f430e41ee2a019cc,337723.0,1.0,0.0,42.575,7-33,155672.0,0.0,2498626.0,10336.0,9.982000000000001,25076.0,10336.0,-1.0,19711.0,0.0,1766225.0,32945.0,160742207.0,37.0,30.801,40.783,0.94,2523704.0,False
300.0,ba4c3b35debdf0cbd1cf9beea46e68ac.param,0.0,0.0,0.0,16.849,1083416308.0,07e15e58e08c4831d103bc3cd9325e56,62888.0,1.0,0.0,3.455,7-33,28271.0,0.0,358685.0,5746.0,1.36,4241.0,5746.0,-1.0,8364.0,0.0,408526.0,5356.0,1083416308.0,25.0,1.883,3.2430000000000003,0.28,362928.0,False
300.0,ba4c3b35debdf0cbd1cf9beea46e68ac.param,1.0,0.0,0.0,16.399,1083416308.0,07e15e58e08c4831d103bc3cd9325e56,62888.0,1.0,0.0,3.511,7-33,28271.0,0.0,358685.0,5746.0,1.3719999999999999,4241.0,5746.0,-1.0,8364.0,0.0,408526.0,5356.0,1083416308.0,25.0,1.916,3.2880000000000003,0.28,362928.0,False
300.0,ba4c3b35debdf0cbd1cf9beea46e68ac.param,2.0,0.0,0.0,16.115,1083416308.0,07e15e58e08c4831d103bc3cd9325e56,62888.0,1.0,0.0,3.36,7-33,28271.0,0.0,358685.0,5746.0,1.3030000000000002,4241.0,5746.0,-1.0,8364.0,0.0,408526.0,5356.0,1083416308.0,25.0,1.8359999999999999,3.139,0.28,362928.0,False
300.0,ffb2d731edec22edde6bc403f6c68136.param,0.0,0.0,0.0,35.056,1470727592.0,d1c7b2f6c25c1bd30af6bcff2484e93e,60465.0,1.0,0.0,6.809,7-33,11653.0,0.0,806604.0,5635.0,3.0660000000000003,9882.0,5635.0,-1.0,7480.0,0.0,784329.0,12843.0,1470727592.0,24.0,3.2680000000000002,6.334,0.42,816488.0,False
300.0,ffb2d731edec22edde6bc403f6c68136.param,1.0,0.0,0.0,32.722,1470727592.0,d1c7b2f6c25c1bd30af6bcff2484e93e,60465.0,1.0,0.0,6.6339999999999995,7-33,11653.0,0.0,806604.0,5635.0,3.113,9882.0,5635.0,-1.0,7480.0,0.0,784329.0,12843.0,1470727592.0,24.0,3.036,6.149,0.42,816488.0,False
300.0,ffb2d731edec22edde6bc403f6c68136.param,2.0,0.0,0.0,34.991,1470727592.0,d1c7b2f6c25c1bd30af6bcff2484e93e,60465.0,1.0,0.0,6.374,7-33,11653.0,0.0,806604.0,5635.0,3.0210000000000004,9882.0,5635.0,-1.0,7480.0,0.0,784329.0,12843.0,1470727592.0,24.0,2.852,5.8729999999999976,0.42,816488.0,False
300.0,73a51090daaf16aa8d614ff285bfb6e4.param,0.0,0.0,0.0,70.449,221638566.0,1eacbe7533b6806139dae5709e24c1e1,887265.0,1.0,0.0,22.066,7-33,662400.0,0.0,1869464.0,6317.0,7.1770000000000005,21091.0,6317.0,-1.0,32232.0,0.0,1218334.0,27622.0,221638566.0,29.0,13.9,21.076999999999998,0.94,1890557.0,False
300.0,73a51090daaf16aa8d614ff285bfb6e4.param,1.0,0.0,0.0,76.325,221638566.0,1eacbe7533b6806139dae5709e24c1e1,887265.0,1.0,0.0,22.081999999999997,7-33,662400.0,0.0,1869464.0,6317.0,7.185,21091.0,6317.0,-1.0,32232.0,0.0,1218334.0,27622.0,221638566.0,29.0,13.868,21.053,0.94,1890557.0,False
300.0,73a51090daaf16aa8d614ff285bfb6e4.param,2.0,0.0,0.0,72.932,221638566.0,1eacbe7533b6806139dae5709e24c1e1,887265.0,1.0,0.0,22.796999999999997,7-33,662400.0,0.0,1869464.0,6317.0,7.212999999999999,21091.0,6317.0,-1.0,32232.0,0.0,1218334.0,27622.0,221638566.0,29.0,14.609000000000002,21.822,0.94,1890557.0,False
300.0,37f39e77e4ab35860e338849791d985b.param,0.0,0.0,0.0,56.213,1057470620.0,346d41ba0ebc0057868665a7f998be59,1036570.0,1.0,0.0,48.178999999999995,7-33,797465.0,0.0,1445273.0,11249.0,5.599,13947.0,11249.0,-1.0,31582.0,0.0,1983064.0,18144.0,1057470620.0,40.0,41.753,47.352,0.94,1459222.0,False
300.0,37f39e77e4ab35860e338849791d985b.param,1.0,0.0,0.0,56.29600000000001,1057470620.0,346d41ba0ebc0057868665a7f998be59,1036570.0,1.0,0.0,47.73,7-33,797465.0,0.0,1445273.0,11249.0,5.5520000000000005,13947.0,11249.0,-1.0,31582.0,0.0,1983064.0,18144.0,1057470620.0,40.0,41.401,46.953,0.94,1459222.0,False
300.0,37f39e77e4ab35860e338849791d985b.param,2.0,0.0,0.0,54.931999999999995,1057470620.0,346d41ba0ebc0057868665a7f998be59,1036570.0,1.0,0.0,49.17,7-33,797465.0,0.0,1445273.0,11249.0,5.662999999999999,13947.0,11249.0,-1.0,31582.0,0.0,1983064.0,18144.0,1057470620.0,40.0,42.398,48.06100000000001,0.94,1459222.0,False
300.0,9a031fb141138ee9bc8fad2cc059ee0e.param,0.0,0.0,0.0,18.063,95956545.0,e3fa5789aad4d19bc065799d602c6561,820232.0,1.0,0.0,14.345,7-33,712712.0,0.0,405296.0,9602.0,1.504,4426.0,9602.0,-1.0,15490.0,0.0,1049751.0,5575.0,95956545.0,32.0,12.514000000000001,14.017999999999999,0.42,409724.0,False
300.0,9a031fb141138ee9bc8fad2cc059ee0e.param,1.0,0.0,0.0,17.453,95956545.0,e3fa5789aad4d19bc065799d602c6561,820232.0,1.0,0.0,14.437999999999999,7-33,712712.0,0.0,405296.0,9602.0,1.51,4426.0,9602.0,-1.0,15490.0,0.0,1049751.0,5575.0,95956545.0,32.0,12.627,14.137,0.42,409724.0,False
300.0,9a031fb141138ee9bc8fad2cc059ee0e.param,2.0,0.0,0.0,16.666,95956545.0,e3fa5789aad4d19bc065799d602c6561,820232.0,1.0,0.0,14.22,7-33,712712.0,0.0,405296.0,9602.0,1.5019999999999998,4426.0,9602.0,-1.0,15490.0,0.0,1049751.0,5575.0,95956545.0,32.0,12.479000000000001,13.981,0.42,409724.0,False
300.0,21ba7bf1bed51e1d4137a5d2b4095413.param,0.0,0.0,0.0,47.081,753387864.0,6e0187bc671b40e1e2d136acb86a0674,174694.0,1.0,0.0,15.534,7-33,66563.0,0.0,1160488.0,4732.0,4.373,15143.0,4732.0,-1.0,15684.0,0.0,615013.0,19812.0,753387864.0,21.0,10.514000000000001,14.887,0.63,1175633.0,False
300.0,21ba7bf1bed51e1d4137a5d2b4095413.param,1.0,0.0,0.0,46.424,753387864.0,6e0187bc671b40e1e2d136acb86a0674,174694.0,1.0,0.0,16.454,7-33,66563.0,0.0,1160488.0,4732.0,4.519,15143.0,4732.0,-1.0,15684.0,0.0,615013.0,19812.0,753387864.0,21.0,11.078,15.597000000000001,0.63,1175633.0,False
300.0,21ba7bf1bed51e1d4137a5d2b4095413.param,2.0,0.0,0.0,45.463,753387864.0,6e0187bc671b40e1e2d136acb86a0674,174694.0,1.0,0.0,15.915,7-33,66563.0,0.0,1160488.0,4732.0,4.6,15143.0,4732.0,-1.0,15684.0,0.0,615013.0,19812.0,753387864.0,21.0,10.604000000000001,15.204,0.63,1175633.0,False
300.0,4ee13ffb8d0ec1ceaf1bb37447281f58.param,0.0,0.0,0.0,27.651,506016928.0,28bd6acba546e21235bd9784bd529ce2,88411.0,1.0,0.0,7.551,7-33,48696.0,0.0,685305.0,4118.0,2.592,9843.0,4118.0,-1.0,13584.0,0.0,505512.0,12780.0,506016928.0,17.0,4.382,6.974,0.42,695150.0,False
300.0,4ee13ffb8d0ec1ceaf1bb37447281f58.param,1.0,0.0,0.0,27.726,506016928.0,28bd6acba546e21235bd9784bd529ce2,88411.0,1.0,0.0,7.228,7-33,48696.0,0.0,685305.0,4118.0,2.614,9843.0,4118.0,-1.0,13584.0,0.0,505512.0,12780.0,506016928.0,17.0,4.18,6.794,0.42,695150.0,False
300.0,4ee13ffb8d0ec1ceaf1bb37447281f58.param,2.0,0.0,0.0,30.635,506016928.0,28bd6acba546e21235bd9784bd529ce2,88411.0,1.0,0.0,7.3889999999999985,7-33,48696.0,0.0,685305.0,4118.0,2.62,9843.0,4118.0,-1.0,13584.0,0.0,505512.0,12780.0,506016928.0,17.0,4.253,6.8729999999999976,0.42,695150.0,False
300.0,62e2738034d51eb1ca2518ead10bb1b8.param,0.0,0.0,0.0,14.472999999999999,270657042.0,461bc2c0259b36541959c02ef7e214b6,34534.0,1.0,0.0,3.3160000000000003,7-33,6122.0,0.0,333043.0,4795.0,1.35,4238.0,4795.0,-1.0,3873.0,0.0,540578.0,5387.0,270657042.0,21.0,1.742,3.092,0.19,337283.0,False
300.0,62e2738034d51eb1ca2518ead10bb1b8.param,1.0,0.0,0.0,14.457,270657042.0,461bc2c0259b36541959c02ef7e214b6,34534.0,1.0,0.0,3.18,7-33,6122.0,0.0,333043.0,4795.0,1.327,4238.0,4795.0,-1.0,3873.0,0.0,540578.0,5387.0,270657042.0,21.0,1.636,2.963,0.19,337283.0,False
300.0,62e2738034d51eb1ca2518ead10bb1b8.param,2.0,0.0,0.0,15.405,270657042.0,461bc2c0259b36541959c02ef7e214b6,34534.0,1.0,0.0,3.181,7-33,6122.0,0.0,333043.0,4795.0,1.228,4238.0,4795.0,-1.0,3873.0,0.0,540578.0,5387.0,270657042.0,21.0,1.746,2.9739999999999998,0.19,337283.0,False
300.0,c0cc3cb80752c8cae8a567aa7598d4aa.param,0.0,0.0,0.0,47.173,506016928.0,a60ec9501f2b0eb10d056ca653ec7312,556303.0,1.0,0.0,15.555,7-33,416975.0,0.0,1224956.0,6200.0,4.619,14305.0,6200.0,-1.0,21807.0,0.0,881326.0,18667.0,506016928.0,28.0,10.016,14.635,0.63,1239263.0,False
300.0,c0cc3cb80752c8cae8a567aa7598d4aa.param,1.0,0.0,0.0,48.218,506016928.0,a60ec9501f2b0eb10d056ca653ec7312,556303.0,1.0,0.0,14.92,7-33,416975.0,0.0,1224956.0,6200.0,4.678999999999999,14305.0,6200.0,-1.0,21807.0,0.0,881326.0,18667.0,506016928.0,28.0,9.545,14.224,0.63,1239263.0,False
300.0,c0cc3cb80752c8cae8a567aa7598d4aa.param,2.0,0.0,0.0,46.79,506016928.0,a60ec9501f2b0eb10d056ca653ec7312,556303.0,1.0,0.0,15.249,7-33,416975.0,0.0,1224956.0,6200.0,4.761,14305.0,6200.0,-1.0,21807.0,0.0,881326.0,18667.0,506016928.0,28.0,9.775,14.536,0.63,1239263.0,False
300.0,876c6467204e8ca8aabecbfbd3b45139.param,0.0,0.0,0.0,61.048,1257636424.0,3fcb6ac05bbc05d2348cd2decca95dc6,174306.0,1.0,0.0,12.048,7-33,63720.0,0.0,1484577.0,6259.0,5.7929999999999975,16941.0,6259.0,-1.0,19072.0,0.0,1004874.0,22104.0,1257636424.0,28.0,5.405,11.198,0.63,1501520.0,False
300.0,876c6467204e8ca8aabecbfbd3b45139.param,1.0,0.0,0.0,56.585,1257636424.0,3fcb6ac05bbc05d2348cd2decca95dc6,174306.0,1.0,0.0,11.874,7-33,63720.0,0.0,1484577.0,6259.0,5.657,16941.0,6259.0,-1.0,19072.0,0.0,1004874.0,22104.0,1257636424.0,28.0,5.381,11.038,0.63,1501520.0,False
300.0,876c6467204e8ca8aabecbfbd3b45139.param,2.0,0.0,0.0,61.383,1257636424.0,3fcb6ac05bbc05d2348cd2decca95dc6,174306.0,1.0,0.0,12.957,7-33,63720.0,0.0,1484577.0,6259.0,6.1160000000000005,16941.0,6259.0,-1.0,19072.0,0.0,1004874.0,22104.0,1257636424.0,28.0,5.774,11.89,0.63,1501520.0,False
300.0,d8b978c6119710e61692eb0c8ed59509.param,0.0,0.0,0.0,43.216,1571287961.0,992eb83e53eae24bc1a6e4455c17950f,386151.0,1.0,0.0,25.225,7-33,253740.0,0.0,1084662.0,9600.0,4.122,11969.0,9600.0,-1.0,16894.0,0.0,1419732.0,15531.0,1571287961.0,32.0,20.508000000000006,24.63,0.63,1096633.0,False
300.0,d8b978c6119710e61692eb0c8ed59509.param,1.0,0.0,0.0,44.574,1571287961.0,992eb83e53eae24bc1a6e4455c17950f,386151.0,1.0,0.0,26.236,7-33,253740.0,0.0,1084662.0,9600.0,4.314,11969.0,9600.0,-1.0,16894.0,0.0,1419732.0,15531.0,1571287961.0,32.0,21.178,25.491999999999997,0.63,1096633.0,False
300.0,d8b978c6119710e61692eb0c8ed59509.param,2.0,0.0,0.0,44.152,1571287961.0,992eb83e53eae24bc1a6e4455c17950f,386151.0,1.0,0.0,26.831999999999997,7-33,253740.0,0.0,1084662.0,9600.0,4.2860000000000005,11969.0,9600.0,-1.0,16894.0,0.0,1419732.0,15531.0,1571287961.0,32.0,21.741,26.026999999999997,0.63,1096633.0,False
300.0,c1fde8776f334c859cdb281cb0bed488.param,0.0,0.0,0.0,13.365,506016928.0,ae4c81b0f4456ffeddb966689670d854,27089.0,1.0,0.0,2.318,7-33,6231.0,0.0,307946.0,4150.0,1.117,4302.0,4150.0,-1.0,3986.0,0.0,347320.0,5447.0,506016928.0,17.0,1.001,2.1180000000000003,0.19,312250.0,False
300.0,c1fde8776f334c859cdb281cb0bed488.param,1.0,0.0,0.0,13.46,506016928.0,ae4c81b0f4456ffeddb966689670d854,27089.0,1.0,0.0,2.351,7-33,6231.0,0.0,307946.0,4150.0,1.151,4302.0,4150.0,-1.0,3986.0,0.0,347320.0,5447.0,506016928.0,17.0,1.003,2.154,0.19,312250.0,False
300.0,c1fde8776f334c859cdb281cb0bed488.param,2.0,0.0,0.0,13.95,506016928.0,ae4c81b0f4456ffeddb966689670d854,27089.0,1.0,0.0,2.383,7-33,6231.0,0.0,307946.0,4150.0,1.138,4302.0,4150.0,-1.0,3986.0,0.0,347320.0,5447.0,506016928.0,17.0,1.022,2.16,0.19,312250.0,False
300.0,ba49f12ab41d4271c475e4948758589d.param,0.0,0.0,0.0,23.855,83966730.0,cc64726c20cd3c0bb2c89d28961d984c,70450.0,1.0,0.0,5.45,7-33,31061.0,0.0,575027.0,4178.0,2.285,8029.0,4178.0,-1.0,7931.0,0.0,440448.0,10402.0,83966730.0,17.0,2.827,5.112,0.42,583058.0,False
300.0,ba49f12ab41d4271c475e4948758589d.param,1.0,0.0,0.0,25.02,83966730.0,cc64726c20cd3c0bb2c89d28961d984c,70450.0,1.0,0.0,5.468999999999999,7-33,31061.0,0.0,575027.0,4178.0,2.146,8029.0,4178.0,-1.0,7931.0,0.0,440448.0,10402.0,83966730.0,17.0,2.991,5.1370000000000005,0.42,583058.0,False
300.0,ba49f12ab41d4271c475e4948758589d.param,2.0,0.0,0.0,23.52,83966730.0,cc64726c20cd3c0bb2c89d28961d984c,70450.0,1.0,0.0,5.376,7-33,31061.0,0.0,575027.0,4178.0,2.168,8029.0,4178.0,-1.0,7931.0,0.0,440448.0,10402.0,83966730.0,17.0,2.878,5.046,0.42,583058.0,False
300.0,8fafcc4984fc93de8a9182509b2a0a65.param,0.0,0.0,0.0,65.896,1057470620.0,223ce74aa77e732039d023bb138b7acf,181430.0,1.0,0.0,17.865,7-33,56736.0,0.0,1651675.0,6267.0,6.472,15786.0,6267.0,-1.0,18077.0,0.0,1872768.0,20571.0,1057470620.0,28.0,10.112,16.584,0.63,1667463.0,False
300.0,8fafcc4984fc93de8a9182509b2a0a65.param,1.0,0.0,0.0,67.597,1057470620.0,223ce74aa77e732039d023bb138b7acf,181430.0,1.0,0.0,16.433,7-33,56736.0,0.0,1651675.0,6267.0,6.433,15786.0,6267.0,-1.0,18077.0,0.0,1872768.0,20571.0,1057470620.0,28.0,9.077,15.51,0.63,1667463.0,False
300.0,8fafcc4984fc93de8a9182509b2a0a65.param,2.0,0.0,0.0,67.858,1057470620.0,223ce74aa77e732039d023bb138b7acf,181430.0,1.0,0.0,16.544,7-33,56736.0,0.0,1651675.0,6267.0,6.622000000000001,15786.0,6267.0,-1.0,18077.0,0.0,1872768.0,20571.0,1057470620.0,28.0,9.016,15.638,0.63,1667463.0,False
300.0,f2209196093db16c0e1ccffc86fe7af3.param,0.0,0.0,0.0,46.917,1242281828.0,7e6ed25d6b91c5bb5cab64b0af8674e5,83542.0,1.0,0.0,9.43,7-33,11222.0,0.0,1165890.0,4632.0,4.4060000000000015,15621.0,4632.0,-1.0,11067.0,0.0,812769.0,20446.0,1242281828.0,20.0,4.379,8.785,0.63,1181513.0,False
300.0,f2209196093db16c0e1ccffc86fe7af3.param,1.0,0.0,0.0,48.129,1242281828.0,7e6ed25d6b91c5bb5cab64b0af8674e5,83542.0,1.0,0.0,9.446,7-33,11222.0,0.0,1165890.0,4632.0,4.449,15621.0,4632.0,-1.0,11067.0,0.0,812769.0,20446.0,1242281828.0,20.0,4.3610000000000015,8.81,0.63,1181513.0,False
300.0,f2209196093db16c0e1ccffc86fe7af3.param,2.0,0.0,0.0,46.778999999999996,1242281828.0,7e6ed25d6b91c5bb5cab64b0af8674e5,83542.0,1.0,0.0,9.788,7-33,11222.0,0.0,1165890.0,4632.0,4.431,15621.0,4632.0,-1.0,11067.0,0.0,812769.0,20446.0,1242281828.0,20.0,4.499,8.93,0.63,1181513.0,False
300.0,10049dd55bf99f7dbc88dc007745262f.param,0.0,0.0,0.0,10.664000000000001,254168822.0,d2aaa4ea304346081ecbc075ffdf9b48,169690.0,1.0,0.0,3.2,7-33,114620.0,0.0,250562.0,6251.0,0.982,2929.0,6251.0,-1.0,9957.0,0.0,587238.0,3637.0,254168822.0,28.0,2.066,3.048,0.28,253493.0,False
300.0,10049dd55bf99f7dbc88dc007745262f.param,1.0,0.0,0.0,11.025,254168822.0,d2aaa4ea304346081ecbc075ffdf9b48,169690.0,1.0,0.0,3.217,7-33,114620.0,0.0,250562.0,6251.0,0.924,2929.0,6251.0,-1.0,9957.0,0.0,587238.0,3637.0,254168822.0,28.0,2.1180000000000003,3.042,0.28,253493.0,False
300.0,10049dd55bf99f7dbc88dc007745262f.param,2.0,0.0,0.0,10.929,254168822.0,d2aaa4ea304346081ecbc075ffdf9b48,169690.0,1.0,0.0,3.219,7-33,114620.0,0.0,250562.0,6251.0,0.968,2929.0,6251.0,-1.0,9957.0,0.0,587238.0,3637.0,254168822.0,28.0,2.083,3.051,0.28,253493.0,False
300.0,4fb489f83300339f94af01b969c1f325.param,0.0,0.0,0.0,51.986999999999995,1098776393.0,1c43a7b4b69b765dd8da6faf0b662d10,765234.0,1.0,0.0,37.481,7-33,523811.0,0.0,1329730.0,11200.0,5.136,12957.0,11200.0,-1.0,25066.0,0.0,2428940.0,16868.0,1098776393.0,40.0,31.535999999999998,36.672,0.94,1342689.0,False
300.0,4fb489f83300339f94af01b969c1f325.param,1.0,0.0,0.0,52.966,1098776393.0,1c43a7b4b69b765dd8da6faf0b662d10,765234.0,1.0,0.0,37.826,7-33,523811.0,0.0,1329730.0,11200.0,5.047,12957.0,11200.0,-1.0,25066.0,0.0,2428940.0,16868.0,1098776393.0,40.0,31.808000000000003,36.855,0.94,1342689.0,False
300.0,4fb489f83300339f94af01b969c1f325.param,2.0,0.0,0.0,58.6,1098776393.0,1c43a7b4b69b765dd8da6faf0b662d10,765234.0,1.0,0.0,37.564,7-33,523811.0,0.0,1329730.0,11200.0,5.099,12957.0,11200.0,-1.0,25066.0,0.0,2428940.0,16868.0,1098776393.0,40.0,31.498,36.597,0.94,1342689.0,False
300.0,222abd76a7db47e3d5cbf580e108b101.param,0.0,0.0,0.0,50.269,1802391418.0,f4b7e8ca7a4c2fa0c2dc4bcc32f0e1f1,190382.0,1.0,0.0,18.319000000000006,7-33,52840.0,0.0,1301499.0,6241.0,4.984,15023.0,6241.0,-1.0,19411.0,0.0,1694790.0,19640.0,1802391418.0,28.0,12.368,17.352,0.63,1316524.0,False
300.0,222abd76a7db47e3d5cbf580e108b101.param,1.0,0.0,0.0,50.685,1802391418.0,f4b7e8ca7a4c2fa0c2dc4bcc32f0e1f1,190382.0,1.0,0.0,18.355999999999998,7-33,52840.0,0.0,1301499.0,6241.0,4.982,15023.0,6241.0,-1.0,19411.0,0.0,1694790.0,19640.0,1802391418.0,28.0,12.357000000000001,17.339000000000002,0.63,1316524.0,False
300.0,222abd76a7db47e3d5cbf580e108b101.param,2.0,0.0,0.0,52.168,1802391418.0,f4b7e8ca7a4c2fa0c2dc4bcc32f0e1f1,190382.0,1.0,0.0,18.192,7-33,52840.0,0.0,1301499.0,6241.0,4.999,15023.0,6241.0,-1.0,19411.0,0.0,1694790.0,19640.0,1802391418.0,28.0,12.244000000000002,17.243,0.63,1316524.0,False
300.0,fc2d899db36a3003ebbcd92cad9223b0.param,0.0,0.0,0.0,26.225,1923385776.0,48381f77fec6a68d72b7d7bd1e00858a,77601.0,1.0,0.0,5.896,7-33,42357.0,0.0,610585.0,4673.0,2.375,6891.0,4673.0,-1.0,6443.0,0.0,511886.0,8866.0,1923385776.0,20.0,3.0380000000000003,5.412999999999999,0.28,617478.0,False
300.0,fc2d899db36a3003ebbcd92cad9223b0.param,1.0,0.0,0.0,26.56,1923385776.0,48381f77fec6a68d72b7d7bd1e00858a,77601.0,1.0,0.0,5.4570000000000025,7-33,42357.0,0.0,610585.0,4673.0,2.3280000000000003,6891.0,4673.0,-1.0,6443.0,0.0,511886.0,8866.0,1923385776.0,20.0,2.7889999999999997,5.117,0.28,617478.0,False
300.0,fc2d899db36a3003ebbcd92cad9223b0.param,2.0,0.0,0.0,25.176,1923385776.0,48381f77fec6a68d72b7d7bd1e00858a,77601.0,1.0,0.0,5.441,7-33,42357.0,0.0,610585.0,4673.0,2.273,6891.0,4673.0,-1.0,6443.0,0.0,511886.0,8866.0,1923385776.0,20.0,2.82,5.093,0.28,617478.0,False
300.0,f0b6a6311818b4dd8f5227b40762bd4a.param,0.0,0.0,0.0,33.795,1057470620.0,10c33df03c49f354ec4e6ca3fe6d2da9,67044.0,1.0,0.0,7.101,7-33,9865.0,0.0,779142.0,4733.0,3.052,10169.0,4733.0,-1.0,10567.0,0.0,1054475.0,13162.0,1057470620.0,21.0,3.593,6.645,0.42,789313.0,False
300.0,f0b6a6311818b4dd8f5227b40762bd4a.param,1.0,0.0,0.0,31.840999999999998,1057470620.0,10c33df03c49f354ec4e6ca3fe6d2da9,67044.0,1.0,0.0,6.86,7-33,9865.0,0.0,779142.0,4733.0,2.928,10169.0,4733.0,-1.0,10567.0,0.0,1054475.0,13162.0,1057470620.0,21.0,3.471,6.399,0.42,789313.0,False
300.0,f0b6a6311818b4dd8f5227b40762bd4a.param,2.0,0.0,0.0,33.064,1057470620.0,10c33df03c49f354ec4e6ca3fe6d2da9,67044.0,1.0,0.0,6.871,7-33,9865.0,0.0,779142.0,4733.0,2.9419999999999997,10169.0,4733.0,-1.0,10567.0,0.0,1054475.0,13162.0,1057470620.0,21.0,3.491,6.433,0.42,789313.0,False
300.0,d62c2a52625c21dd4bc4370bcd02db43.param,0.0,0.0,0.0,44.24,554543104.0,d26de1864f9a32ebfcc80b901f560abd,106046.0,1.0,0.0,8.796,7-33,16116.0,0.0,1111748.0,11341.0,4.2360000000000015,10729.0,11341.0,-1.0,8748.0,0.0,1029292.0,13927.0,554543104.0,41.0,3.968,8.204,0.63,1122479.0,False
300.0,d62c2a52625c21dd4bc4370bcd02db43.param,1.0,0.0,0.0,45.574,554543104.0,d26de1864f9a32ebfcc80b901f560abd,106046.0,1.0,0.0,8.81,7-33,16116.0,0.0,1111748.0,11341.0,4.2780000000000005,10729.0,11341.0,-1.0,8748.0,0.0,1029292.0,13927.0,554543104.0,41.0,3.912,8.19,0.63,1122479.0,False
300.0,d62c2a52625c21dd4bc4370bcd02db43.param,2.0,0.0,0.0,44.35,554543104.0,d26de1864f9a32ebfcc80b901f560abd,106046.0,1.0,0.0,8.818999999999997,7-33,16116.0,0.0,1111748.0,11341.0,4.256,10729.0,11341.0,-1.0,8748.0,0.0,1029292.0,13927.0,554543104.0,41.0,3.9560000000000004,8.212,0.63,1122479.0,False
300.0,867c000858982af2c7444466a304af04.param,0.0,0.0,0.0,50.151,1057470620.0,128a5a7437b03ae20258e1b2b39414cf,281290.0,1.0,0.0,16.909000000000002,7-33,173320.0,0.0,1229195.0,4765.0,4.75,15632.0,4765.0,-1.0,17709.0,0.0,1302152.0,20413.0,1057470620.0,21.0,11.214,15.964,0.63,1244829.0,False
300.0,867c000858982af2c7444466a304af04.param,1.0,0.0,0.0,51.04600000000001,1057470620.0,128a5a7437b03ae20258e1b2b39414cf,281290.0,1.0,0.0,16.588,7-33,173320.0,0.0,1229195.0,4765.0,4.82,15632.0,4765.0,-1.0,17709.0,0.0,1302152.0,20413.0,1057470620.0,21.0,10.995,15.815,0.63,1244829.0,False
300.0,867c000858982af2c7444466a304af04.param,2.0,0.0,0.0,47.806000000000004,1057470620.0,128a5a7437b03ae20258e1b2b39414cf,281290.0,1.0,0.0,16.37,7-33,173320.0,0.0,1229195.0,4765.0,4.865,15632.0,4765.0,-1.0,17709.0,0.0,1302152.0,20413.0,1057470620.0,21.0,10.732999999999999,15.597999999999999,0.63,1244829.0,False
300.0,b6b46bc646920ea1298e9f12b19fab10.param,0.0,0.0,0.0,43.75100000000001,254168822.0,3490824bfb491d4648efeb81e1db27b8,42282.0,1.0,0.0,6.234,7-33,14468.0,0.0,1170162.0,2358.0,4.465,13665.0,2358.0,-1.0,8936.0,0.0,477730.0,17849.0,254168822.0,13.0,1.121,5.586,0.63,1183829.0,False
300.0,b6b46bc646920ea1298e9f12b19fab10.param,1.0,0.0,0.0,46.803999999999995,254168822.0,3490824bfb491d4648efeb81e1db27b8,42282.0,1.0,0.0,6.3610000000000015,7-33,14468.0,0.0,1170162.0,2358.0,4.559,13665.0,2358.0,-1.0,8936.0,0.0,477730.0,17849.0,254168822.0,13.0,1.143,5.702000000000001,0.63,1183829.0,False
300.0,b6b46bc646920ea1298e9f12b19fab10.param,2.0,0.0,0.0,43.835,254168822.0,3490824bfb491d4648efeb81e1db27b8,42282.0,1.0,0.0,6.367000000000001,7-33,14468.0,0.0,1170162.0,2358.0,4.5680000000000005,13665.0,2358.0,-1.0,8936.0,0.0,477730.0,17849.0,254168822.0,13.0,1.1340000000000001,5.702000000000001,0.63,1183829.0,False
300.0,44fed91bbf02c3af539328e6662bf914.param,0.0,0.0,0.0,47.005,95956545.0,98bc6f87b8dd925e01d756bdae9b5496,155753.0,1.0,0.0,10.620999999999999,7-33,81026.0,0.0,1147035.0,5756.0,4.58,13241.0,5756.0,-1.0,15954.0,0.0,1136994.0,17234.0,95956545.0,25.0,5.24,9.82,0.63,1160278.0,False
300.0,44fed91bbf02c3af539328e6662bf914.param,1.0,0.0,0.0,45.098,95956545.0,98bc6f87b8dd925e01d756bdae9b5496,155753.0,1.0,0.0,9.724,7-33,81026.0,0.0,1147035.0,5756.0,4.39,13241.0,5756.0,-1.0,15954.0,0.0,1136994.0,17234.0,95956545.0,25.0,4.663,9.052999999999999,0.63,1160278.0,False
300.0,44fed91bbf02c3af539328e6662bf914.param,2.0,0.0,0.0,46.602,95956545.0,98bc6f87b8dd925e01d756bdae9b5496,155753.0,1.0,0.0,9.619,7-33,81026.0,0.0,1147035.0,5756.0,4.395,13241.0,5756.0,-1.0,15954.0,0.0,1136994.0,17234.0,95956545.0,25.0,4.578,8.972999999999997,0.63,1160278.0,False
300.0,d0bc402d6d4e2f421314981899e705da.param,0.0,0.0,0.0,55.731,1057470620.0,31ebd981cb66005e94551ff6803c1ead,726981.0,1.0,0.0,40.849000000000004,7-33,497708.0,0.0,1461637.0,9603.0,5.649,15951.0,9603.0,-1.0,26217.0,0.0,1771582.0,20836.0,1057470620.0,32.0,34.098,39.747,0.94,1477590.0,False
300.0,d0bc402d6d4e2f421314981899e705da.param,1.0,0.0,0.0,59.35,1057470620.0,31ebd981cb66005e94551ff6803c1ead,726981.0,1.0,0.0,40.051,7-33,497708.0,0.0,1461637.0,9603.0,5.622000000000001,15951.0,9603.0,-1.0,26217.0,0.0,1771582.0,20836.0,1057470620.0,32.0,33.431,39.053000000000004,0.94,1477590.0,False
300.0,d0bc402d6d4e2f421314981899e705da.param,2.0,0.0,0.0,60.068999999999996,1057470620.0,31ebd981cb66005e94551ff6803c1ead,726981.0,1.0,0.0,40.953,7-33,497708.0,0.0,1461637.0,9603.0,5.735,15951.0,9603.0,-1.0,26217.0,0.0,1771582.0,20836.0,1057470620.0,32.0,34.174,39.909,0.94,1477590.0,False
300.0,85b90a483e5d2ab64757532083d99628.param,0.0,0.0,0.0,65.297,1083416308.0,43e4f1384179d0c2f57bf5c72fbb1e23,314544.0,1.0,0.0,33.755,7-33,88508.0,0.0,1563906.0,10244.0,6.2120000000000015,16353.0,10244.0,-1.0,25223.0,0.0,1370103.0,21385.0,1083416308.0,36.0,26.677,32.889,0.94,1580261.0,False
300.0,85b90a483e5d2ab64757532083d99628.param,1.0,0.0,0.0,58.261,1083416308.0,43e4f1384179d0c2f57bf5c72fbb1e23,314544.0,1.0,0.0,33.058,7-33,88508.0,0.0,1563906.0,10244.0,5.999,16353.0,10244.0,-1.0,25223.0,0.0,1370103.0,21385.0,1083416308.0,36.0,25.961,31.96,0.94,1580261.0,False
300.0,85b90a483e5d2ab64757532083d99628.param,2.0,0.0,0.0,61.262,1083416308.0,43e4f1384179d0c2f57bf5c72fbb1e23,314544.0,1.0,0.0,33.431,7-33,88508.0,0.0,1563906.0,10244.0,6.0070000000000014,16353.0,10244.0,-1.0,25223.0,0.0,1370103.0,21385.0,1083416308.0,36.0,26.3,32.306999999999995,0.94,1580261.0,False
300.0,5fef6050cdd12ec4963b342a00b8769f.param,0.0,0.0,0.0,52.773,335975281.0,a8208bd8aeea16ef30ef5b70168262cc,198460.0,1.0,0.0,8.424,7-45,162777.0,0.0,1295786.0,4605.0,4.9319999999999995,18617.0,4605.0,-1.0,11892.0,0.0,855351.0,18301.0,335975281.0,20.0,2.805,7.737,4.75,1314405.0,False
300.0,5fef6050cdd12ec4963b342a00b8769f.param,1.0,0.0,0.0,53.091,335975281.0,a8208bd8aeea16ef30ef5b70168262cc,198460.0,1.0,0.0,8.652000000000001,7-45,162777.0,0.0,1295786.0,4605.0,4.874,18617.0,4605.0,-1.0,11892.0,0.0,855351.0,18301.0,335975281.0,20.0,2.843,7.7170000000000005,4.75,1314405.0,False
300.0,5fef6050cdd12ec4963b342a00b8769f.param,2.0,0.0,0.0,51.79600000000001,335975281.0,a8208bd8aeea16ef30ef5b70168262cc,198460.0,1.0,0.0,8.637,7-45,162777.0,0.0,1295786.0,4605.0,4.942,18617.0,4605.0,-1.0,11892.0,0.0,855351.0,18301.0,335975281.0,20.0,2.969,7.9110000000000005,4.75,1314405.0,False
300.0,8b3ad6188dc92a4335827c8e01628c0f.param,0.0,0.0,0.0,33.867,182366586.0,9bcb503643a6fa76f613a21130bfad89,65330.0,1.0,0.0,6.86,7-45,27613.0,0.0,823466.0,4667.0,3.159,14113.0,4667.0,-1.0,8742.0,0.0,549952.0,13849.0,182366586.0,20.0,3.215,6.374,0.63,837581.0,False
300.0,8b3ad6188dc92a4335827c8e01628c0f.param,1.0,0.0,0.0,36.404,182366586.0,9bcb503643a6fa76f613a21130bfad89,65330.0,1.0,0.0,6.766,7-45,27613.0,0.0,823466.0,4667.0,3.1210000000000004,14113.0,4667.0,-1.0,8742.0,0.0,549952.0,13849.0,182366586.0,20.0,3.176,6.2970000000000015,0.63,837581.0,False
300.0,8b3ad6188dc92a4335827c8e01628c0f.param,2.0,0.0,0.0,35.823,182366586.0,9bcb503643a6fa76f613a21130bfad89,65330.0,1.0,0.0,6.654,7-45,27613.0,0.0,823466.0,4667.0,3.072,14113.0,4667.0,-1.0,8742.0,0.0,549952.0,13849.0,182366586.0,20.0,3.1289999999999996,6.2010000000000005,0.63,837581.0,False
300.0,fece5a92f820b73659733b9639b82885.param,0.0,0.0,0.0,18.721,1242281828.0,50db1a2b74d1882442a06efdf222ff2d,369741.0,1.0,0.0,4.0969999999999995,7-45,322925.0,0.0,403354.0,5743.0,1.4609999999999999,5501.0,5743.0,-1.0,16556.0,0.0,1515176.0,5083.0,1242281828.0,25.0,2.395,3.8560000000000003,0.94,408857.0,False
300.0,fece5a92f820b73659733b9639b82885.param,1.0,0.0,0.0,18.808,1242281828.0,50db1a2b74d1882442a06efdf222ff2d,369741.0,1.0,0.0,4.33,7-45,322925.0,0.0,403354.0,5743.0,1.504,5501.0,5743.0,-1.0,16556.0,0.0,1515176.0,5083.0,1242281828.0,25.0,2.5860000000000003,4.09,0.94,408857.0,False
300.0,fece5a92f820b73659733b9639b82885.param,2.0,0.0,0.0,17.963,1242281828.0,50db1a2b74d1882442a06efdf222ff2d,369741.0,1.0,0.0,4.331,7-45,322925.0,0.0,403354.0,5743.0,1.475,5501.0,5743.0,-1.0,16556.0,0.0,1515176.0,5083.0,1242281828.0,25.0,2.611,4.086,0.94,408857.0,False
300.0,f019c54ca541e1449e1424c6aa46d35e.param,0.0,0.0,0.0,5.894,95956545.0,ae263763f1e9e11528f6861658919305,4338977.0,1.0,0.0,71.08,7-45,3918517.0,0.0,116018.0,132638.0,0.41700000000000004,1555.0,132638.0,-1.0,6919.0,0.0,7988567.0,1168.0,95956545.0,318.0,70.544,70.961,0.28,117575.0,False
300.0,f019c54ca541e1449e1424c6aa46d35e.param,1.0,0.0,0.0,5.626,95956545.0,ae263763f1e9e11528f6861658919305,4338977.0,1.0,0.0,74.111,7-45,3918517.0,0.0,116018.0,132638.0,0.414,1555.0,132638.0,-1.0,6919.0,0.0,7988567.0,1168.0,95956545.0,318.0,73.54,73.954,0.28,117575.0,False
300.0,f019c54ca541e1449e1424c6aa46d35e.param,2.0,0.0,0.0,5.55,95956545.0,ae263763f1e9e11528f6861658919305,4338977.0,1.0,0.0,74.058,7-45,3918517.0,0.0,116018.0,132638.0,0.423,1555.0,132638.0,-1.0,6919.0,0.0,7988567.0,1168.0,95956545.0,318.0,73.48,73.903,0.28,117575.0,False
300.0,f77193d98d97a8df35aba3d3d50b907e.param,0.0,0.0,0.0,32.501999999999995,646920589.0,6a15c51c8da17381bb3859aecf37aabf,150486.0,1.0,0.0,5.539,7-45,119576.0,0.0,823885.0,5747.0,3.102,12803.0,5747.0,-1.0,9146.0,0.0,1101895.0,12511.0,646920589.0,25.0,1.962,5.064,0.94,836690.0,False
300.0,f77193d98d97a8df35aba3d3d50b907e.param,1.0,0.0,0.0,37.223,646920589.0,6a15c51c8da17381bb3859aecf37aabf,150486.0,1.0,0.0,5.4860000000000015,7-45,119576.0,0.0,823885.0,5747.0,3.093,12803.0,5747.0,-1.0,9146.0,0.0,1101895.0,12511.0,646920589.0,25.0,1.923,5.016,0.94,836690.0,False
300.0,f77193d98d97a8df35aba3d3d50b907e.param,2.0,0.0,0.0,32.817,646920589.0,6a15c51c8da17381bb3859aecf37aabf,150486.0,1.0,0.0,5.523,7-45,119576.0,0.0,823885.0,5747.0,3.0860000000000003,12803.0,5747.0,-1.0,9146.0,0.0,1101895.0,12511.0,646920589.0,25.0,1.9709999999999999,5.0569999999999995,0.94,836690.0,False
300.0,b7c1926b06d5191f5f23b3654f7eea8a.param,0.0,0.0,0.0,30.555,1883039101.0,ede14f702dfbc657e9e7a08dcb12fc20,41702.0,1.0,0.0,4.2860000000000005,7-45,15477.0,0.0,744099.0,4031.0,2.7960000000000003,14211.0,4031.0,-1.0,9609.0,0.0,410740.0,13949.0,1883039101.0,16.0,1.052,3.8480000000000003,0.63,758312.0,False
300.0,b7c1926b06d5191f5f23b3654f7eea8a.param,1.0,0.0,0.0,32.343,1883039101.0,ede14f702dfbc657e9e7a08dcb12fc20,41702.0,1.0,0.0,4.238,7-45,15477.0,0.0,744099.0,4031.0,2.76,14211.0,4031.0,-1.0,9609.0,0.0,410740.0,13949.0,1883039101.0,16.0,1.067,3.827,0.63,758312.0,False
300.0,b7c1926b06d5191f5f23b3654f7eea8a.param,2.0,0.0,0.0,33.109,1883039101.0,ede14f702dfbc657e9e7a08dcb12fc20,41702.0,1.0,0.0,4.211,7-45,15477.0,0.0,744099.0,4031.0,2.742,14211.0,4031.0,-1.0,9609.0,0.0,410740.0,13949.0,1883039101.0,16.0,1.056,3.798,0.63,758312.0,False
300.0,a41351309b1ab4b5310538c23b8dec0e.param,0.0,0.0,0.0,66.242,1234135464.0,3c31d60cf3c68b2657b1bc667d47b3b5,131366.0,1.0,0.0,8.98,7-45,91001.0,0.0,1570808.0,5783.0,5.984,21409.0,5783.0,-1.0,12575.0,0.0,1112446.0,21031.0,1234135464.0,25.0,2.1319999999999997,8.116,0.94,1592219.0,False
300.0,a41351309b1ab4b5310538c23b8dec0e.param,1.0,0.0,0.0,63.226000000000006,1234135464.0,3c31d60cf3c68b2657b1bc667d47b3b5,131366.0,1.0,0.0,8.996,7-45,91001.0,0.0,1570808.0,5783.0,6.025,21409.0,5783.0,-1.0,12575.0,0.0,1112446.0,21031.0,1234135464.0,25.0,2.121,8.146,0.94,1592219.0,False
300.0,a41351309b1ab4b5310538c23b8dec0e.param,2.0,0.0,0.0,61.076,1234135464.0,3c31d60cf3c68b2657b1bc667d47b3b5,131366.0,1.0,0.0,8.869,7-45,91001.0,0.0,1570808.0,5783.0,5.928,21409.0,5783.0,-1.0,12575.0,0.0,1112446.0,21031.0,1234135464.0,25.0,2.1069999999999998,8.035,0.94,1592219.0,False
300.0,e5fa51f4b48f9d73b966b1eb0389e73c.param,0.0,0.0,0.0,84.801,2136253402.0,2cdfe82363e64db7d30bfcc094f2aedd,658738.0,1.0,0.0,37.116,7-33,372501.0,0.0,2223884.0,11391.0,8.755,21253.0,11391.0,-1.0,30476.0,0.0,2843913.0,27865.0,2136253402.0,41.0,26.756999999999998,35.512,0.94,2245139.0,False
300.0,e5fa51f4b48f9d73b966b1eb0389e73c.param,1.0,0.0,0.0,82.411,2136253402.0,2cdfe82363e64db7d30bfcc094f2aedd,658738.0,1.0,0.0,36.707,7-33,372501.0,0.0,2223884.0,11391.0,8.706,21253.0,11391.0,-1.0,30476.0,0.0,2843913.0,27865.0,2136253402.0,41.0,26.784000000000002,35.49,0.94,2245139.0,False
300.0,e5fa51f4b48f9d73b966b1eb0389e73c.param,2.0,0.0,0.0,83.63600000000002,2136253402.0,2cdfe82363e64db7d30bfcc094f2aedd,658738.0,1.0,0.0,36.681999999999995,7-33,372501.0,0.0,2223884.0,11391.0,8.603,21253.0,11391.0,-1.0,30476.0,0.0,2843913.0,27865.0,2136253402.0,41.0,26.549,35.152,0.94,2245139.0,False
300.0,9feb6f2064b86f090bb3887f069a4d0d.param,0.0,0.0,0.0,63.266999999999996,1918631718.0,f26b4beae3261d15b525905e11a22271,266425.0,1.0,0.0,12.465,7-45,188476.0,0.0,1657046.0,6317.0,6.4,21075.0,6317.0,-1.0,14645.0,0.0,1275386.0,20653.0,1918631718.0,29.0,5.155,11.555,4.75,1678123.0,False
300.0,9feb6f2064b86f090bb3887f069a4d0d.param,1.0,0.0,0.0,63.966,1918631718.0,f26b4beae3261d15b525905e11a22271,266425.0,1.0,0.0,12.427999999999999,7-45,188476.0,0.0,1657046.0,6317.0,6.3820000000000014,21075.0,6317.0,-1.0,14645.0,0.0,1275386.0,20653.0,1918631718.0,29.0,5.145,11.527000000000001,4.75,1678123.0,False
300.0,9feb6f2064b86f090bb3887f069a4d0d.param,2.0,0.0,0.0,66.259,1918631718.0,f26b4beae3261d15b525905e11a22271,266425.0,1.0,0.0,12.33,7-45,188476.0,0.0,1657046.0,6317.0,6.356,21075.0,6317.0,-1.0,14645.0,0.0,1275386.0,20653.0,1918631718.0,29.0,5.088,11.444,4.75,1678123.0,False
300.0,3df40218b019eea866b53a1349c0d0e2.param,0.0,0.0,0.0,16.709,1145031130.0,33050ba82b4f8f416e4e4dd5724512d7,111259.0,0.0,0.0,8.492,7-45,74476.0,0.0,27788.0,30740.0,0.212,901.0,30740.0,-1.0,985.0,0.0,799939.0,787.0,1145031130.0,95.0,8.217,8.429,0.02,28691.0,False
300.0,3df40218b019eea866b53a1349c0d0e2.param,1.0,0.0,0.0,15.958,1145031130.0,33050ba82b4f8f416e4e4dd5724512d7,111259.0,0.0,0.0,8.705,7-45,74476.0,0.0,27788.0,30740.0,0.215,901.0,30740.0,-1.0,985.0,0.0,799939.0,787.0,1145031130.0,95.0,8.433,8.648,0.02,28691.0,False
300.0,3df40218b019eea866b53a1349c0d0e2.param,2.0,0.0,0.0,16.502,1145031130.0,33050ba82b4f8f416e4e4dd5724512d7,111259.0,0.0,0.0,8.542,7-45,74476.0,0.0,27788.0,30740.0,0.214,901.0,30740.0,-1.0,985.0,0.0,799939.0,787.0,1145031130.0,95.0,8.275,8.488999999999999,0.02,28691.0,False
300.0,be934c0585611c7f00126ccfde3651ad.param,0.0,0.0,0.0,62.971000000000004,590654055.0,0331df49d95a985937ec6c44e0c1bce0,239122.0,1.0,0.0,12.828,7-45,159095.0,0.0,1563392.0,6382.0,6.112,20671.0,6382.0,-1.0,14444.0,0.0,1269583.0,20239.0,590654055.0,29.0,5.6229999999999976,11.735,4.75,1584065.0,False
300.0,be934c0585611c7f00126ccfde3651ad.param,1.0,0.0,0.0,62.132,590654055.0,0331df49d95a985937ec6c44e0c1bce0,239122.0,1.0,0.0,12.022,7-45,159095.0,0.0,1563392.0,6382.0,5.925,20671.0,6382.0,-1.0,14444.0,0.0,1269583.0,20239.0,590654055.0,29.0,5.287999999999999,11.213,4.75,1584065.0,False
300.0,be934c0585611c7f00126ccfde3651ad.param,2.0,0.0,0.0,61.327,590654055.0,0331df49d95a985937ec6c44e0c1bce0,239122.0,1.0,0.0,11.807,7-45,159095.0,0.0,1563392.0,6382.0,5.8629999999999995,20671.0,6382.0,-1.0,14444.0,0.0,1269583.0,20239.0,590654055.0,29.0,5.1579999999999995,11.020999999999999,4.75,1584065.0,False
300.0,3202e56149cbd27d0de3bdbd879f81e3.param,0.0,0.0,0.0,14.069,83966730.0,f017020ec89412c99228c123762d20dd,33081.0,1.0,0.0,2.096,7-45,18115.0,0.0,323448.0,4015.0,1.208,5089.0,4015.0,-1.0,3648.0,0.0,486590.0,4839.0,83966730.0,16.0,0.6890000000000001,1.8969999999999998,0.94,328539.0,False
300.0,3202e56149cbd27d0de3bdbd879f81e3.param,1.0,0.0,0.0,14.647,83966730.0,f017020ec89412c99228c123762d20dd,33081.0,1.0,0.0,2.157,7-45,18115.0,0.0,323448.0,4015.0,1.263,5089.0,4015.0,-1.0,3648.0,0.0,486590.0,4839.0,83966730.0,16.0,0.693,1.956,0.94,328539.0,False
300.0,3202e56149cbd27d0de3bdbd879f81e3.param,2.0,0.0,0.0,14.34,83966730.0,f017020ec89412c99228c123762d20dd,33081.0,1.0,0.0,2.05,7-45,18115.0,0.0,323448.0,4015.0,1.17,5089.0,4015.0,-1.0,3648.0,0.0,486590.0,4839.0,83966730.0,16.0,0.682,1.8519999999999999,0.94,328539.0,False
300.0,573a8627b23c29141b9965518a1ea628.param,0.0,0.0,0.0,78.402,1057470620.0,6b60be64a7e40bdf7835662f4c708980,251831.0,1.0,0.0,31.139,7-45,150028.0,0.0,1878878.0,9601.0,7.205,25603.0,9601.0,-1.0,23909.0,0.0,1220413.0,25180.0,1057470620.0,32.0,22.963,30.16800000000001,1.41,1904483.0,False
300.0,573a8627b23c29141b9965518a1ea628.param,1.0,0.0,0.0,77.821,1057470620.0,6b60be64a7e40bdf7835662f4c708980,251831.0,1.0,0.0,31.55,7-45,150028.0,0.0,1878878.0,9601.0,7.176,25603.0,9601.0,-1.0,23909.0,0.0,1220413.0,25180.0,1057470620.0,32.0,23.398000000000003,30.574,1.41,1904483.0,False
300.0,573a8627b23c29141b9965518a1ea628.param,2.0,0.0,0.0,74.417,1057470620.0,6b60be64a7e40bdf7835662f4c708980,251831.0,1.0,0.0,30.846,7-45,150028.0,0.0,1878878.0,9601.0,7.136,25603.0,9601.0,-1.0,23909.0,0.0,1220413.0,25180.0,1057470620.0,32.0,22.761999999999997,29.898000000000003,1.41,1904483.0,False
300.0,f48c0154c055dd2d9e427d94e5cc96fd.param,0.0,0.0,0.0,51.87300000000001,1098776393.0,002eac9512fdfc9b021669b1dd326be4,1112000.0,1.0,0.0,25.894000000000002,7-45,985143.0,0.0,1282598.0,9602.0,5.004,16319.0,9602.0,-1.0,22967.0,0.0,2030259.0,15984.0,1098776393.0,32.0,20.132,25.136,4.75,1298919.0,False
300.0,f48c0154c055dd2d9e427d94e5cc96fd.param,1.0,0.0,0.0,48.735,1098776393.0,002eac9512fdfc9b021669b1dd326be4,1112000.0,1.0,0.0,25.533,7-45,985143.0,0.0,1282598.0,9602.0,4.873,16319.0,9602.0,-1.0,22967.0,0.0,2030259.0,15984.0,1098776393.0,32.0,19.988,24.861,4.75,1298919.0,False
300.0,f48c0154c055dd2d9e427d94e5cc96fd.param,2.0,0.0,0.0,50.431000000000004,1098776393.0,002eac9512fdfc9b021669b1dd326be4,1112000.0,1.0,0.0,25.326999999999998,7-45,985143.0,0.0,1282598.0,9602.0,4.8180000000000005,16319.0,9602.0,-1.0,22967.0,0.0,2030259.0,15984.0,1098776393.0,32.0,19.817999999999998,24.636,4.75,1298919.0,False
300.0,c561707c3f0ff054acd49c4f7f7f9eae.param,0.0,0.0,0.0,73.14699999999998,590654055.0,42f69c6fc2a1fd9454cc427d0be2de5d,579903.0,1.0,0.0,23.612,7-45,387685.0,0.0,1893170.0,10289.0,7.2410000000000005,24787.0,10289.0,-1.0,29307.0,0.0,1894004.0,24376.0,590654055.0,36.0,15.349,22.59,2.11,1917959.0,False
300.0,c561707c3f0ff054acd49c4f7f7f9eae.param,1.0,0.0,0.0,77.354,590654055.0,42f69c6fc2a1fd9454cc427d0be2de5d,579903.0,1.0,0.0,23.373,7-45,387685.0,0.0,1893170.0,10289.0,7.205,24787.0,10289.0,-1.0,29307.0,0.0,1894004.0,24376.0,590654055.0,36.0,15.169,22.374000000000002,2.11,1917959.0,False
300.0,c561707c3f0ff054acd49c4f7f7f9eae.param,2.0,0.0,0.0,74.722,590654055.0,42f69c6fc2a1fd9454cc427d0be2de5d,579903.0,1.0,0.0,23.519000000000002,7-45,387685.0,0.0,1893170.0,10289.0,7.391,24787.0,10289.0,-1.0,29307.0,0.0,1894004.0,24376.0,590654055.0,36.0,15.17,22.561,2.11,1917959.0,False
300.0,356667c28689cc2615ddddc6ad11e53e.param,0.0,0.0,0.0,79.66,693280077.0,94bf8eb4d5ac60477c1be6734543bd40,983550.0,1.0,0.0,19.72,7-45,874958.0,0.0,1999580.0,6277.0,7.675,28711.0,6277.0,-1.0,17484.0,0.0,2543758.0,28269.0,693280077.0,28.0,10.982000000000001,18.657,7.12,2028293.0,False
300.0,356667c28689cc2615ddddc6ad11e53e.param,1.0,0.0,0.0,75.997,693280077.0,94bf8eb4d5ac60477c1be6734543bd40,983550.0,1.0,0.0,19.349,7-45,874958.0,0.0,1999580.0,6277.0,7.612999999999999,28711.0,6277.0,-1.0,17484.0,0.0,2543758.0,28269.0,693280077.0,28.0,10.71,18.323,7.12,2028293.0,False
300.0,356667c28689cc2615ddddc6ad11e53e.param,2.0,0.0,0.0,73.9,693280077.0,94bf8eb4d5ac60477c1be6734543bd40,983550.0,1.0,0.0,19.824,7-45,874958.0,0.0,1999580.0,6277.0,7.729,28711.0,6277.0,-1.0,17484.0,0.0,2543758.0,28269.0,693280077.0,28.0,11.020999999999999,18.75,7.12,2028293.0,False
300.0,813211425de754d47420bda81be7c3af.param,0.0,0.0,0.0,26.416,2028359165.0,1f293955b364c75b906e80fd3a4448f4,98016.0,1.0,0.0,4.499,7-45,72374.0,0.0,663442.0,4693.0,2.44,10433.0,4693.0,-1.0,7441.0,0.0,557665.0,10161.0,2028359165.0,20.0,1.6869999999999998,4.127,2.11,673877.0,False
300.0,813211425de754d47420bda81be7c3af.param,1.0,0.0,0.0,26.064,2028359165.0,1f293955b364c75b906e80fd3a4448f4,98016.0,1.0,0.0,4.402,7-45,72374.0,0.0,663442.0,4693.0,2.419,10433.0,4693.0,-1.0,7441.0,0.0,557665.0,10161.0,2028359165.0,20.0,1.621,4.04,2.11,673877.0,False
300.0,813211425de754d47420bda81be7c3af.param,2.0,0.0,0.0,27.491,2028359165.0,1f293955b364c75b906e80fd3a4448f4,98016.0,1.0,0.0,4.503,7-45,72374.0,0.0,663442.0,4693.0,2.437,10433.0,4693.0,-1.0,7441.0,0.0,557665.0,10161.0,2028359165.0,20.0,1.669,4.106,2.11,673877.0,False
300.0,2389afb57cc1c7542bfddc76320706af.param,0.0,0.0,0.0,36.476,1405409883.0,2bb95d5772e495f8067da85dc5dc3215,93523.0,1.0,0.0,4.998,7-45,64526.0,0.0,960451.0,2343.0,3.553,17585.0,2343.0,-1.0,9721.0,0.0,526030.0,17298.0,1405409883.0,13.0,0.9329999999999999,4.4860000000000015,3.16,978038.0,False
300.0,2389afb57cc1c7542bfddc76320706af.param,1.0,0.0,0.0,36.731,1405409883.0,2bb95d5772e495f8067da85dc5dc3215,93523.0,1.0,0.0,5.012,7-45,64526.0,0.0,960451.0,2343.0,3.55,17585.0,2343.0,-1.0,9721.0,0.0,526030.0,17298.0,1405409883.0,13.0,0.9279999999999999,4.478,3.16,978038.0,False
300.0,2389afb57cc1c7542bfddc76320706af.param,2.0,0.0,0.0,39.914,1405409883.0,2bb95d5772e495f8067da85dc5dc3215,93523.0,1.0,0.0,5.0969999999999995,7-45,64526.0,0.0,960451.0,2343.0,3.577,17585.0,2343.0,-1.0,9721.0,0.0,526030.0,17298.0,1405409883.0,13.0,0.9840000000000001,4.561,3.16,978038.0,False
300.0,7ee038a2d306328bf29f3cc3ddd33ea0.param,0.0,0.0,0.0,66.08800000000001,2050821110.0,7e280ce2b57a3448538ead3668ef66cb,141186.0,1.0,0.0,10.23,7-45,77425.0,0.0,1643569.0,6356.0,6.17,21737.0,6356.0,-1.0,12315.0,0.0,1442363.0,21376.0,2050821110.0,29.0,3.182,9.352,4.75,1665308.0,False
300.0,7ee038a2d306328bf29f3cc3ddd33ea0.param,1.0,0.0,0.0,62.273,2050821110.0,7e280ce2b57a3448538ead3668ef66cb,141186.0,1.0,0.0,10.225,7-45,77425.0,0.0,1643569.0,6356.0,6.183,21737.0,6356.0,-1.0,12315.0,0.0,1442363.0,21376.0,2050821110.0,29.0,3.179,9.362,4.75,1665308.0,False
300.0,7ee038a2d306328bf29f3cc3ddd33ea0.param,2.0,0.0,0.0,66.625,2050821110.0,7e280ce2b57a3448538ead3668ef66cb,141186.0,1.0,0.0,10.062000000000001,7-45,77425.0,0.0,1643569.0,6356.0,6.184,21737.0,6356.0,-1.0,12315.0,0.0,1442363.0,21376.0,2050821110.0,29.0,3.051,9.235,4.75,1665308.0,False
300.0,400673ca8ff3edef3535b5791da29758.param,0.0,0.0,0.0,28.151999999999997,1139903203.0,551108ac69a78b32d809c55a34bd08b5,130499.0,1.0,0.0,4.258,7-45,99010.0,0.0,722978.0,4665.0,2.708,12389.0,4665.0,-1.0,9254.0,0.0,533216.0,12111.0,1139903203.0,20.0,1.159,3.867,0.63,735369.0,False
300.0,400673ca8ff3edef3535b5791da29758.param,1.0,0.0,0.0,28.206,1139903203.0,551108ac69a78b32d809c55a34bd08b5,130499.0,1.0,0.0,4.369,7-45,99010.0,0.0,722978.0,4665.0,2.7230000000000003,12389.0,4665.0,-1.0,9254.0,0.0,533216.0,12111.0,1139903203.0,20.0,1.245,3.968,0.63,735369.0,False
300.0,400673ca8ff3edef3535b5791da29758.param,2.0,0.0,0.0,28.628,1139903203.0,551108ac69a78b32d809c55a34bd08b5,130499.0,1.0,0.0,4.279,7-45,99010.0,0.0,722978.0,4665.0,2.678,12389.0,4665.0,-1.0,9254.0,0.0,533216.0,12111.0,1139903203.0,20.0,1.202,3.88,0.63,735369.0,False
300.0,589bbf864478462408d49f56b3acebc9.param,0.0,0.0,0.0,49.74,182366586.0,2fc38ed8feff307da078bdd0f32fc755,115243.0,1.0,0.0,7.274,7-45,85910.0,0.0,1273064.0,5777.0,4.7669999999999995,18901.0,5777.0,-1.0,10817.0,0.0,653063.0,18589.0,182366586.0,25.0,1.8319999999999999,6.599,0.94,1291967.0,False
300.0,589bbf864478462408d49f56b3acebc9.param,1.0,0.0,0.0,48.76600000000001,182366586.0,2fc38ed8feff307da078bdd0f32fc755,115243.0,1.0,0.0,7.284,7-45,85910.0,0.0,1273064.0,5777.0,4.776,18901.0,5777.0,-1.0,10817.0,0.0,653063.0,18589.0,182366586.0,25.0,1.829,6.605,0.94,1291967.0,False
300.0,589bbf864478462408d49f56b3acebc9.param,2.0,0.0,0.0,50.0,182366586.0,2fc38ed8feff307da078bdd0f32fc755,115243.0,1.0,0.0,7.358,7-45,85910.0,0.0,1273064.0,5777.0,4.831,18901.0,5777.0,-1.0,10817.0,0.0,653063.0,18589.0,182366586.0,25.0,1.841,6.6720000000000015,0.94,1291967.0,False
300.0,1ec21c7d8e15d35901cd608efade836b.param,0.0,0.0,0.0,8.394,1802391418.0,9baa54a82a7594ccad853954b3b0df2a,191417.0,1.0,0.0,2.151,7-45,159595.0,0.0,193861.0,5770.0,0.693,2647.0,5770.0,-1.0,6717.0,0.0,915582.0,2361.0,1802391418.0,25.0,1.3330000000000002,2.026,0.28,196510.0,False
300.0,1ec21c7d8e15d35901cd608efade836b.param,1.0,0.0,0.0,8.22,1802391418.0,9baa54a82a7594ccad853954b3b0df2a,191417.0,1.0,0.0,2.198,7-45,159595.0,0.0,193861.0,5770.0,0.6890000000000001,2647.0,5770.0,-1.0,6717.0,0.0,915582.0,2361.0,1802391418.0,25.0,1.3769999999999998,2.066,0.28,196510.0,False
300.0,1ec21c7d8e15d35901cd608efade836b.param,2.0,0.0,0.0,8.355,1802391418.0,9baa54a82a7594ccad853954b3b0df2a,191417.0,1.0,0.0,2.219,7-45,159595.0,0.0,193861.0,5770.0,0.731,2647.0,5770.0,-1.0,6717.0,0.0,915582.0,2361.0,1802391418.0,25.0,1.355,2.086,0.28,196510.0,False
300.0,911e1a0f8b4680f2864fa59b12973cad.param,0.0,0.0,0.0,42.341,1145031130.0,28884f37d2e3c21f28e6e668e68f726e,86357.0,1.0,0.0,6.814,7-45,33843.0,0.0,1022178.0,4119.0,3.853,18701.0,4119.0,-1.0,10709.0,0.0,901226.0,18259.0,1145031130.0,17.0,2.364,6.2170000000000005,3.16,1040881.0,False
300.0,911e1a0f8b4680f2864fa59b12973cad.param,1.0,0.0,0.0,40.468,1145031130.0,28884f37d2e3c21f28e6e668e68f726e,86357.0,1.0,0.0,6.654,7-45,33843.0,0.0,1022178.0,4119.0,3.7960000000000003,18701.0,4119.0,-1.0,10709.0,0.0,901226.0,18259.0,1145031130.0,17.0,2.2880000000000003,6.084,3.16,1040881.0,False
300.0,911e1a0f8b4680f2864fa59b12973cad.param,2.0,0.0,0.0,39.869,1145031130.0,28884f37d2e3c21f28e6e668e68f726e,86357.0,1.0,0.0,6.6560000000000015,7-45,33843.0,0.0,1022178.0,4119.0,3.8369999999999997,18701.0,4119.0,-1.0,10709.0,0.0,901226.0,18259.0,1145031130.0,17.0,2.27,6.107,3.16,1040881.0,False
300.0,3631b5ebf342811f42ca903194874739.param,0.0,0.0,0.0,21.454,254168822.0,bfdc5c0a1872836a6fa1e70b761cac55,42452.0,1.0,0.0,3.148,7-45,13093.0,0.0,512567.0,5649.0,1.876,7613.0,5649.0,-1.0,7113.0,0.0,634928.0,7336.0,254168822.0,24.0,0.982,2.858,0.42,520182.0,False
300.0,3631b5ebf342811f42ca903194874739.param,1.0,0.0,0.0,22.55,254168822.0,bfdc5c0a1872836a6fa1e70b761cac55,42452.0,1.0,0.0,3.1660000000000004,7-45,13093.0,0.0,512567.0,5649.0,1.882,7613.0,5649.0,-1.0,7113.0,0.0,634928.0,7336.0,254168822.0,24.0,0.9940000000000001,2.8760000000000003,0.42,520182.0,False
300.0,3631b5ebf342811f42ca903194874739.param,2.0,0.0,0.0,22.956999999999997,254168822.0,bfdc5c0a1872836a6fa1e70b761cac55,42452.0,1.0,0.0,3.122,7-45,13093.0,0.0,512567.0,5649.0,1.861,7613.0,5649.0,-1.0,7113.0,0.0,634928.0,7336.0,254168822.0,24.0,0.9790000000000001,2.84,0.42,520182.0,False
300.0,a1d4e09d3abf0a4eca987babbe1df4ca.param,0.0,0.0,0.0,5.088,1571287961.0,4cbdc6ca570a832ed2d243f161c30ca0,5787614.0,1.0,0.0,200.40200000000002,7-45,4852740.0,0.0,106574.0,266551.0,0.3720000000000001,1387.0,266551.0,-1.0,7711.0,0.0,15667306.0,1042.0,1571287961.0,550.0,199.912,200.28400000000002,0.28,107963.0,False
300.0,a1d4e09d3abf0a4eca987babbe1df4ca.param,1.0,0.0,0.0,4.705,1571287961.0,4cbdc6ca570a832ed2d243f161c30ca0,5787614.0,1.0,0.0,212.287,7-45,4852740.0,0.0,106574.0,266551.0,0.375,1387.0,266551.0,-1.0,7711.0,0.0,15667306.0,1042.0,1571287961.0,550.0,211.763,212.138,0.28,107963.0,False
300.0,a1d4e09d3abf0a4eca987babbe1df4ca.param,2.0,0.0,0.0,4.9860000000000015,1571287961.0,4cbdc6ca570a832ed2d243f161c30ca0,5787614.0,1.0,0.0,207.36700000000002,7-45,4852740.0,0.0,106574.0,266551.0,0.377,1387.0,266551.0,-1.0,7711.0,0.0,15667306.0,1042.0,1571287961.0,550.0,206.842,207.21900000000002,0.28,107963.0,False
300.0,880c13fc9e1ae18f82e743ba707577a8.param,0.0,0.0,0.0,43.595,1923385776.0,161591155cc70f92c43937c63acadbee,56886.0,1.0,0.0,6.1339999999999995,7-45,31189.0,0.0,1169590.0,4151.0,4.359,21129.0,4151.0,-1.0,10360.0,0.0,507888.0,20849.0,1923385776.0,17.0,1.176,5.535,0.94,1190721.0,False
300.0,880c13fc9e1ae18f82e743ba707577a8.param,1.0,0.0,0.0,46.381,1923385776.0,161591155cc70f92c43937c63acadbee,56886.0,1.0,0.0,6.129,7-45,31189.0,0.0,1169590.0,4151.0,4.3610000000000015,21129.0,4151.0,-1.0,10360.0,0.0,507888.0,20849.0,1923385776.0,17.0,1.162,5.523,0.94,1190721.0,False
300.0,880c13fc9e1ae18f82e743ba707577a8.param,2.0,0.0,0.0,47.339,1923385776.0,161591155cc70f92c43937c63acadbee,56886.0,1.0,0.0,6.407,7-45,31189.0,0.0,1169590.0,4151.0,4.4860000000000015,21129.0,4151.0,-1.0,10360.0,0.0,507888.0,20849.0,1923385776.0,17.0,1.205,5.691,0.94,1190721.0,False
300.0,05e1a93acf56766caa36729883ed69ed.param,0.0,0.0,0.0,105.955,1571287961.0,c5c1186ab51265e0a586991a185846a2,303666.0,1.0,0.0,17.002,7-45,187673.0,0.0,2587316.0,10335.0,9.874,33867.0,10335.0,-1.0,24409.0,0.0,1650857.0,33382.0,1571287961.0,37.0,5.797999999999999,15.672,2.11,2621185.0,False
300.0,05e1a93acf56766caa36729883ed69ed.param,1.0,0.0,0.0,100.319,1571287961.0,c5c1186ab51265e0a586991a185846a2,303666.0,1.0,0.0,17.043,7-45,187673.0,0.0,2587316.0,10335.0,9.906,33867.0,10335.0,-1.0,24409.0,0.0,1650857.0,33382.0,1571287961.0,37.0,5.813,15.719000000000001,2.11,2621185.0,False
300.0,05e1a93acf56766caa36729883ed69ed.param,2.0,0.0,0.0,108.579,1571287961.0,c5c1186ab51265e0a586991a185846a2,303666.0,1.0,0.0,18.496,7-45,187673.0,0.0,2587316.0,10335.0,10.276,33867.0,10335.0,-1.0,24409.0,0.0,1650857.0,33382.0,1571287961.0,37.0,6.431,16.707,2.11,2621185.0,False
300.0,1a9658e08918a7701123bae3cad3fdfa.param,0.0,0.0,0.0,25.116,2136253402.0,cd9fa58a7f2c5d68abf5c4107c09f65a,1557987.0,1.0,0.0,8.748,7-45,1500171.0,0.0,563351.0,9749.0,2.0669999999999997,7381.0,9749.0,-1.0,17200.0,0.0,2081651.0,7060.0,2136253402.0,33.0,6.362,8.429,0.94,570734.0,False
300.0,1a9658e08918a7701123bae3cad3fdfa.param,1.0,0.0,0.0,22.709,2136253402.0,cd9fa58a7f2c5d68abf5c4107c09f65a,1557987.0,1.0,0.0,8.863,7-45,1500171.0,0.0,563351.0,9749.0,2.064,7381.0,9749.0,-1.0,17200.0,0.0,2081651.0,7060.0,2136253402.0,33.0,6.487,8.551,0.94,570734.0,False
300.0,1a9658e08918a7701123bae3cad3fdfa.param,2.0,0.0,0.0,25.136999999999997,2136253402.0,cd9fa58a7f2c5d68abf5c4107c09f65a,1557987.0,1.0,0.0,8.906,7-45,1500171.0,0.0,563351.0,9749.0,2.079,7381.0,9749.0,-1.0,17200.0,0.0,2081651.0,7060.0,2136253402.0,33.0,6.502999999999999,8.582,0.94,570734.0,False
300.0,8ee114f3baa9833ce2ff8acd1c2f17dc.param,0.0,0.0,0.0,36.768,1242281828.0,eaf3cb4ad3de8926d967198dcc0ccea7,189598.0,1.0,0.0,5.8629999999999995,7-45,151392.0,0.0,931443.0,4728.0,3.4360000000000004,15181.0,4728.0,-1.0,9929.0,0.0,1032842.0,14892.0,1242281828.0,21.0,1.9269999999999998,5.3629999999999995,0.94,946626.0,False
300.0,8ee114f3baa9833ce2ff8acd1c2f17dc.param,1.0,0.0,0.0,39.07,1242281828.0,eaf3cb4ad3de8926d967198dcc0ccea7,189598.0,1.0,0.0,6.005,7-45,151392.0,0.0,931443.0,4728.0,3.503,15181.0,4728.0,-1.0,9929.0,0.0,1032842.0,14892.0,1242281828.0,21.0,1.975,5.478,0.94,946626.0,False
300.0,8ee114f3baa9833ce2ff8acd1c2f17dc.param,2.0,0.0,0.0,39.494,1242281828.0,eaf3cb4ad3de8926d967198dcc0ccea7,189598.0,1.0,0.0,6.068,7-45,151392.0,0.0,931443.0,4728.0,3.5460000000000003,15181.0,4728.0,-1.0,9929.0,0.0,1032842.0,14892.0,1242281828.0,21.0,2.006,5.5520000000000005,0.94,946626.0,False
300.0,ecf255cfa79dc1390125d72e88196842.param,0.0,0.0,0.0,28.840999999999998,2050821110.0,84a524b5ca98052e95d1d0411f6bf61f,116336.0,1.0,0.0,7.213999999999999,7-45,72893.0,0.0,721870.0,6204.0,2.665,9551.0,6204.0,-1.0,6360.0,0.0,1118105.0,9244.0,2050821110.0,28.0,4.152,6.817,2.11,731423.0,False
300.0,ecf255cfa79dc1390125d72e88196842.param,1.0,0.0,0.0,31.163,2050821110.0,84a524b5ca98052e95d1d0411f6bf61f,116336.0,1.0,0.0,7.307,7-45,72893.0,0.0,721870.0,6204.0,2.698,9551.0,6204.0,-1.0,6360.0,0.0,1118105.0,9244.0,2050821110.0,28.0,4.2219999999999995,6.92,2.11,731423.0,False
300.0,ecf255cfa79dc1390125d72e88196842.param,2.0,0.0,0.0,29.781,2050821110.0,84a524b5ca98052e95d1d0411f6bf61f,116336.0,1.0,0.0,7.194,7-45,72893.0,0.0,721870.0,6204.0,2.661,9551.0,6204.0,-1.0,6360.0,0.0,1118105.0,9244.0,2050821110.0,28.0,4.128,6.789,2.11,731423.0,False
300.0,a6fb6cef21abb3da58a08c431abe1820.param,0.0,0.0,0.0,42.91,83966730.0,fa95abe018e133d65795276363016bc6,76499.0,1.0,0.0,5.572,7-45,53631.0,0.0,1057070.0,2350.0,3.928,17443.0,2350.0,-1.0,8862.0,0.0,580985.0,17161.0,83966730.0,13.0,1.082,5.01,3.16,1074515.0,False
300.0,a6fb6cef21abb3da58a08c431abe1820.param,1.0,0.0,0.0,43.277,83966730.0,fa95abe018e133d65795276363016bc6,76499.0,1.0,0.0,5.59,7-45,53631.0,0.0,1057070.0,2350.0,3.957,17443.0,2350.0,-1.0,8862.0,0.0,580985.0,17161.0,83966730.0,13.0,1.068,5.025,3.16,1074515.0,False
300.0,a6fb6cef21abb3da58a08c431abe1820.param,2.0,0.0,0.0,40.381,83966730.0,fa95abe018e133d65795276363016bc6,76499.0,1.0,0.0,5.631,7-45,53631.0,0.0,1057070.0,2350.0,3.986,17443.0,2350.0,-1.0,8862.0,0.0,580985.0,17161.0,83966730.0,13.0,1.072,5.058,3.16,1074515.0,False
300.0,982f07b05aa788dcb221cf0f46a98a28.param,0.0,0.0,0.0,17.56,1242281828.0,613d5205a10ba34e173d5eba3bdf657d,55056.0,1.0,0.0,3.542,7-45,17506.0,0.0,415001.0,5707.0,1.5090000000000001,6163.0,5707.0,-1.0,8069.0,0.0,786206.0,5799.0,1242281828.0,25.0,1.794,3.303,0.42,421166.0,False
300.0,982f07b05aa788dcb221cf0f46a98a28.param,1.0,0.0,0.0,18.729,1242281828.0,613d5205a10ba34e173d5eba3bdf657d,55056.0,1.0,0.0,3.61,7-45,17506.0,0.0,415001.0,5707.0,1.506,6163.0,5707.0,-1.0,8069.0,0.0,786206.0,5799.0,1242281828.0,25.0,1.848,3.3539999999999996,0.42,421166.0,False
300.0,982f07b05aa788dcb221cf0f46a98a28.param,2.0,0.0,0.0,17.71,1242281828.0,613d5205a10ba34e173d5eba3bdf657d,55056.0,1.0,0.0,3.5469999999999997,7-45,17506.0,0.0,415001.0,5707.0,1.5119999999999998,6163.0,5707.0,-1.0,8069.0,0.0,786206.0,5799.0,1242281828.0,25.0,1.7930000000000001,3.305,0.42,421166.0,False
300.0,b55bae1f323148019db34cc9c08d6b4b.param,0.0,0.0,0.0,26.50800000000001,693280077.0,ae0f20efcc31d0c1203a546b5d184581,476144.0,1.0,0.0,7.473,7-45,431481.0,0.0,611105.0,4118.0,2.274,11185.0,4118.0,-1.0,10404.0,0.0,1109519.0,10816.0,693280077.0,17.0,4.854,7.127999999999999,2.11,622292.0,False
300.0,b55bae1f323148019db34cc9c08d6b4b.param,1.0,0.0,0.0,28.201999999999998,693280077.0,ae0f20efcc31d0c1203a546b5d184581,476144.0,1.0,0.0,7.392,7-45,431481.0,0.0,611105.0,4118.0,2.245,11185.0,4118.0,-1.0,10404.0,0.0,1109519.0,10816.0,693280077.0,17.0,4.7989999999999995,7.044,2.11,622292.0,False
300.0,b55bae1f323148019db34cc9c08d6b4b.param,2.0,0.0,0.0,25.88,693280077.0,ae0f20efcc31d0c1203a546b5d184581,476144.0,1.0,0.0,7.4579999999999975,7-45,431481.0,0.0,611105.0,4118.0,2.25,11185.0,4118.0,-1.0,10404.0,0.0,1109519.0,10816.0,693280077.0,17.0,4.85,7.1,2.11,622292.0,False
300.0,947c519055ac35bb731937204fc0d266.param,0.0,0.0,0.0,57.55,1979567522.0,ff8156786786c1cd06f0ccdfeb85a641,263003.0,1.0,0.0,10.181000000000001,7-45,214958.0,0.0,1391966.0,9640.0,5.228,17707.0,9640.0,-1.0,8758.0,0.0,1521553.0,17332.0,1979567522.0,32.0,4.235,9.463,4.75,1409675.0,False
300.0,947c519055ac35bb731937204fc0d266.param,1.0,0.0,0.0,57.076,1979567522.0,ff8156786786c1cd06f0ccdfeb85a641,263003.0,1.0,0.0,10.142999999999999,7-45,214958.0,0.0,1391966.0,9640.0,5.242999999999999,17707.0,9640.0,-1.0,8758.0,0.0,1521553.0,17332.0,1979567522.0,32.0,4.199,9.442,4.75,1409675.0,False
300.0,947c519055ac35bb731937204fc0d266.param,2.0,0.0,0.0,57.776,1979567522.0,ff8156786786c1cd06f0ccdfeb85a641,263003.0,1.0,0.0,10.234,7-45,214958.0,0.0,1391966.0,9640.0,5.265,17707.0,9640.0,-1.0,8758.0,0.0,1521553.0,17332.0,1979567522.0,32.0,4.262,9.527000000000001,4.75,1409675.0,False
300.0,2b9f5024001a051a59314cacbe0b17e8.param,0.0,0.0,0.0,55.49800000000001,1235388569.0,468a233a7b6f092d64fe6a180516d50d,224389.0,1.0,0.0,12.296,7-45,155209.0,0.0,1369222.0,4610.0,5.098,21519.0,4610.0,-1.0,12014.0,0.0,1272541.0,21166.0,1235388569.0,20.0,6.461,11.559000000000001,4.75,1390743.0,False
300.0,2b9f5024001a051a59314cacbe0b17e8.param,1.0,0.0,0.0,55.69600000000001,1235388569.0,468a233a7b6f092d64fe6a180516d50d,224389.0,1.0,0.0,12.422,7-45,155209.0,0.0,1369222.0,4610.0,5.122999999999998,21519.0,4610.0,-1.0,12014.0,0.0,1272541.0,21166.0,1235388569.0,20.0,6.547999999999999,11.671,4.75,1390743.0,False
300.0,2b9f5024001a051a59314cacbe0b17e8.param,2.0,0.0,0.0,56.586999999999996,1235388569.0,468a233a7b6f092d64fe6a180516d50d,224389.0,1.0,0.0,12.492,7-45,155209.0,0.0,1369222.0,4610.0,5.242000000000001,21519.0,4610.0,-1.0,12014.0,0.0,1272541.0,21166.0,1235388569.0,20.0,6.5329999999999995,11.775,4.75,1390743.0,False
300.0,23179b628ad596b0808644865ee42008.param,0.0,0.0,0.0,18.413,1083416308.0,b158dfccb9f424ed27640cf78b00b9d6,56829.0,1.0,0.0,2.6830000000000003,7-45,36127.0,0.0,448636.0,4603.0,1.641,7315.0,4603.0,-1.0,5491.0,0.0,426235.0,7058.0,1083416308.0,20.0,0.785,2.426,0.42,455953.0,False
300.0,23179b628ad596b0808644865ee42008.param,1.0,0.0,0.0,19.838,1083416308.0,b158dfccb9f424ed27640cf78b00b9d6,56829.0,1.0,0.0,2.693,7-45,36127.0,0.0,448636.0,4603.0,1.6369999999999998,7315.0,4603.0,-1.0,5491.0,0.0,426235.0,7058.0,1083416308.0,20.0,0.789,2.426,0.42,455953.0,False
300.0,23179b628ad596b0808644865ee42008.param,2.0,0.0,0.0,19.351,1083416308.0,b158dfccb9f424ed27640cf78b00b9d6,56829.0,1.0,0.0,2.6830000000000003,7-45,36127.0,0.0,448636.0,4603.0,1.6369999999999998,7315.0,4603.0,-1.0,5491.0,0.0,426235.0,7058.0,1083416308.0,20.0,0.779,2.416,0.42,455953.0,False
300.0,7c8d5058b5b148685018d3330ac42f68.param,0.0,0.0,0.0,48.147,1258716603.0,4f0a545d27b19775796ac50fba273b73,122893.0,1.0,0.0,8.015,7-45,70205.0,0.0,1235018.0,6238.0,4.61,17011.0,6238.0,-1.0,9349.0,0.0,926910.0,16687.0,1258716603.0,28.0,2.752,7.362,4.75,1252031.0,False
300.0,7c8d5058b5b148685018d3330ac42f68.param,1.0,0.0,0.0,46.937,1258716603.0,4f0a545d27b19775796ac50fba273b73,122893.0,1.0,0.0,7.9620000000000015,7-45,70205.0,0.0,1235018.0,6238.0,4.59,17011.0,6238.0,-1.0,9349.0,0.0,926910.0,16687.0,1258716603.0,28.0,2.7230000000000003,7.313,4.75,1252031.0,False
300.0,7c8d5058b5b148685018d3330ac42f68.param,2.0,0.0,0.0,45.953,1258716603.0,4f0a545d27b19775796ac50fba273b73,122893.0,1.0,0.0,7.95,7-45,70205.0,0.0,1235018.0,6238.0,4.581,17011.0,6238.0,-1.0,9349.0,0.0,926910.0,16687.0,1258716603.0,28.0,2.747,7.3279999999999985,4.75,1252031.0,False
300.0,5270155d690360dab58e1b470ef17ea7.param,0.0,0.0,0.0,35.216,270657042.0,89f9a53ced0066f58ca5fd37a1abc525,274029.0,1.0,0.0,5.808,7-45,225598.0,0.0,927963.0,4695.0,3.4960000000000004,15121.0,4695.0,-1.0,15266.0,0.0,857205.0,14802.0,270657042.0,20.0,1.795,5.291,0.94,943086.0,False
300.0,5270155d690360dab58e1b470ef17ea7.param,1.0,0.0,0.0,38.585,270657042.0,89f9a53ced0066f58ca5fd37a1abc525,274029.0,1.0,0.0,5.689,7-45,225598.0,0.0,927963.0,4695.0,3.4530000000000003,15121.0,4695.0,-1.0,15266.0,0.0,857205.0,14802.0,270657042.0,20.0,1.743,5.1960000000000015,0.94,943086.0,False
300.0,5270155d690360dab58e1b470ef17ea7.param,2.0,0.0,0.0,34.858000000000004,270657042.0,89f9a53ced0066f58ca5fd37a1abc525,274029.0,1.0,0.0,5.7010000000000005,7-45,225598.0,0.0,927963.0,4695.0,3.447,15121.0,4695.0,-1.0,15266.0,0.0,857205.0,14802.0,270657042.0,20.0,1.758,5.205,0.94,943086.0,False
300.0,3cadb3807e2a210325a234888d281fbd.param,0.0,0.0,0.0,7.468,1242281828.0,02f6c5fe4ba52bfed1652609c3c86cc9,28514.0,1.0,0.0,1.445,7-45,13666.0,0.0,176107.0,4121.0,0.619,3061.0,4121.0,-1.0,2966.0,0.0,344843.0,2826.0,1242281828.0,17.0,0.7090000000000001,1.328,0.63,179170.0,False
300.0,3cadb3807e2a210325a234888d281fbd.param,1.0,0.0,0.0,8.062000000000001,1242281828.0,02f6c5fe4ba52bfed1652609c3c86cc9,28514.0,1.0,0.0,1.45,7-45,13666.0,0.0,176107.0,4121.0,0.618,3061.0,4121.0,-1.0,2966.0,0.0,344843.0,2826.0,1242281828.0,17.0,0.715,1.3330000000000002,0.63,179170.0,False
300.0,3cadb3807e2a210325a234888d281fbd.param,2.0,0.0,0.0,7.78,1242281828.0,02f6c5fe4ba52bfed1652609c3c86cc9,28514.0,1.0,0.0,1.51,7-45,13666.0,0.0,176107.0,4121.0,0.63,3061.0,4121.0,-1.0,2966.0,0.0,344843.0,2826.0,1242281828.0,17.0,0.74,1.37,0.63,179170.0,False
300.0,38650beb2ce576c812a3ef6ac5621787.param,0.0,0.0,0.0,9.865,83966730.0,4bdfdb2ac2cc9a40e8bb60687fb4d510,46369.0,1.0,0.0,2.074,7-45,29545.0,0.0,212539.0,4090.0,0.7709999999999999,3025.0,4090.0,-1.0,3841.0,0.0,635387.0,2738.0,83966730.0,16.0,1.1640000000000001,1.935,0.42,215566.0,False
300.0,38650beb2ce576c812a3ef6ac5621787.param,1.0,0.0,0.0,9.713,83966730.0,4bdfdb2ac2cc9a40e8bb60687fb4d510,46369.0,1.0,0.0,2.161,7-45,29545.0,0.0,212539.0,4090.0,0.812,3025.0,4090.0,-1.0,3841.0,0.0,635387.0,2738.0,83966730.0,16.0,1.216,2.028,0.42,215566.0,False
300.0,38650beb2ce576c812a3ef6ac5621787.param,2.0,0.0,0.0,9.12,83966730.0,4bdfdb2ac2cc9a40e8bb60687fb4d510,46369.0,1.0,0.0,2.113,7-45,29545.0,0.0,212539.0,4090.0,0.812,3025.0,4090.0,-1.0,3841.0,0.0,635387.0,2738.0,83966730.0,16.0,1.17,1.982,0.42,215566.0,False
300.0,62e0a8d6f7569c04cf8f5f709636e77e.param,0.0,0.0,0.0,27.541,1057470620.0,f298facab4462c420079fe319c61ec59,370295.0,1.0,0.0,12.114,7-45,281905.0,0.0,670962.0,10244.0,2.475,8875.0,10244.0,-1.0,13551.0,0.0,1241223.0,8471.0,1057470620.0,36.0,9.27,11.745,2.11,679839.0,False
300.0,62e0a8d6f7569c04cf8f5f709636e77e.param,1.0,0.0,0.0,26.478,1057470620.0,f298facab4462c420079fe319c61ec59,370295.0,1.0,0.0,12.210999999999999,7-45,281905.0,0.0,670962.0,10244.0,2.555,8875.0,10244.0,-1.0,13551.0,0.0,1241223.0,8471.0,1057470620.0,36.0,9.291,11.845999999999998,2.11,679839.0,False
300.0,62e0a8d6f7569c04cf8f5f709636e77e.param,2.0,0.0,0.0,27.906,1057470620.0,f298facab4462c420079fe319c61ec59,370295.0,1.0,0.0,12.061,7-45,281905.0,0.0,670962.0,10244.0,2.505,8875.0,10244.0,-1.0,13551.0,0.0,1241223.0,8471.0,1057470620.0,36.0,9.197000000000001,11.702,2.11,679839.0,False
300.0,62b5368b71f5a58af6d0df94093218da.param,0.0,0.0,0.0,47.478,590654055.0,8bdb6ea47a3f28096bd64999b304a424,468382.0,1.0,0.0,8.241,7-45,392453.0,0.0,1202072.0,6280.0,4.477,17841.0,6280.0,-1.0,20866.0,0.0,1346711.0,17471.0,590654055.0,28.0,3.1460000000000004,7.6229999999999976,0.94,1219915.0,False
300.0,62b5368b71f5a58af6d0df94093218da.param,1.0,0.0,0.0,46.236000000000004,590654055.0,8bdb6ea47a3f28096bd64999b304a424,468382.0,1.0,0.0,8.445,7-45,392453.0,0.0,1202072.0,6280.0,4.4860000000000015,17841.0,6280.0,-1.0,20866.0,0.0,1346711.0,17471.0,590654055.0,28.0,3.312,7.797999999999999,0.94,1219915.0,False
300.0,62b5368b71f5a58af6d0df94093218da.param,2.0,0.0,0.0,45.698,590654055.0,8bdb6ea47a3f28096bd64999b304a424,468382.0,1.0,0.0,8.405,7-45,392453.0,0.0,1202072.0,6280.0,4.621,17841.0,6280.0,-1.0,20866.0,0.0,1346711.0,17471.0,590654055.0,28.0,3.16,7.7810000000000015,0.94,1219915.0,False
300.0,45f3b2d841eff242a2cd183a0c58dc4d.param,0.0,0.0,0.0,12.607000000000001,1257636424.0,6b3e090cc2d10e4b4df782f9fb306b6c,542382.0,1.0,0.0,3.742,7-45,520584.0,0.0,300406.0,5641.0,1.078,4273.0,5641.0,-1.0,7468.0,0.0,1263797.0,3869.0,1257636424.0,24.0,2.48,3.5580000000000003,0.42,304681.0,False
300.0,45f3b2d841eff242a2cd183a0c58dc4d.param,1.0,0.0,0.0,12.968,1257636424.0,6b3e090cc2d10e4b4df782f9fb306b6c,542382.0,1.0,0.0,3.638,7-45,520584.0,0.0,300406.0,5641.0,1.075,4273.0,5641.0,-1.0,7468.0,0.0,1263797.0,3869.0,1257636424.0,24.0,2.385,3.46,0.42,304681.0,False
300.0,45f3b2d841eff242a2cd183a0c58dc4d.param,2.0,0.0,0.0,12.737,1257636424.0,6b3e090cc2d10e4b4df782f9fb306b6c,542382.0,1.0,0.0,3.642,7-45,520584.0,0.0,300406.0,5641.0,1.072,4273.0,5641.0,-1.0,7468.0,0.0,1263797.0,3869.0,1257636424.0,24.0,2.386,3.458,0.42,304681.0,False
300.0,902f37d04b6af4dd50620fbce6af0b97.param,0.0,0.0,0.0,45.68,1258716603.0,17f367dcc1f8159e73da5fe8d5b5be2b,642748.0,1.0,0.0,7.004,7-45,606295.0,0.0,1240070.0,4752.0,4.6610000000000005,19495.0,4752.0,-1.0,12679.0,0.0,1145610.0,19186.0,1258716603.0,21.0,1.7109999999999999,6.372000000000001,4.75,1259567.0,False
300.0,902f37d04b6af4dd50620fbce6af0b97.param,1.0,0.0,0.0,46.375,1258716603.0,17f367dcc1f8159e73da5fe8d5b5be2b,642748.0,1.0,0.0,7.153,7-45,606295.0,0.0,1240070.0,4752.0,4.671,19495.0,4752.0,-1.0,12679.0,0.0,1145610.0,19186.0,1258716603.0,21.0,1.82,6.4910000000000005,4.75,1259567.0,False
300.0,902f37d04b6af4dd50620fbce6af0b97.param,2.0,0.0,0.0,47.815,1258716603.0,17f367dcc1f8159e73da5fe8d5b5be2b,642748.0,1.0,0.0,7.151,7-45,606295.0,0.0,1240070.0,4752.0,4.6960000000000015,19495.0,4752.0,-1.0,12679.0,0.0,1145610.0,19186.0,1258716603.0,21.0,1.7830000000000001,6.479,4.75,1259567.0,False
300.0,40381a7c5087f4ca968ce41333deeb15.param,0.0,0.0,0.0,28.45300000000001,746355495.0,f7bbc173ec340759e4a23b1b31bfbdeb,46839.0,1.0,0.0,3.468,7-45,27463.0,0.0,658912.0,2281.0,2.426,11441.0,2281.0,-1.0,5645.0,0.0,490960.0,11191.0,746355495.0,12.0,0.6809999999999999,3.1069999999999998,2.11,670355.0,False
300.0,40381a7c5087f4ca968ce41333deeb15.param,1.0,0.0,0.0,28.489,746355495.0,f7bbc173ec340759e4a23b1b31bfbdeb,46839.0,1.0,0.0,3.438,7-45,27463.0,0.0,658912.0,2281.0,2.412,11441.0,2281.0,-1.0,5645.0,0.0,490960.0,11191.0,746355495.0,12.0,0.667,3.0789999999999997,2.11,670355.0,False
300.0,40381a7c5087f4ca968ce41333deeb15.param,2.0,0.0,0.0,26.426,746355495.0,f7bbc173ec340759e4a23b1b31bfbdeb,46839.0,1.0,0.0,3.3810000000000002,7-45,27463.0,0.0,658912.0,2281.0,2.403,11441.0,2281.0,-1.0,5645.0,0.0,490960.0,11191.0,746355495.0,12.0,0.631,3.034,2.11,670355.0,False
300.0,9c8685614d2fcc8ed75e3df0b278a590.param,0.0,0.0,0.0,27.464000000000002,506016928.0,0b6d15933bb7c237b16ee89879548ba3,436261.0,1.0,0.0,6.3229999999999995,7-45,367644.0,0.0,695306.0,6395.0,2.58,9989.0,6395.0,-1.0,16830.0,0.0,1423001.0,9631.0,506016928.0,29.0,3.3480000000000003,5.928,2.11,705297.0,False
300.0,9c8685614d2fcc8ed75e3df0b278a590.param,1.0,0.0,0.0,27.54300000000001,506016928.0,0b6d15933bb7c237b16ee89879548ba3,436261.0,1.0,0.0,6.228,7-45,367644.0,0.0,695306.0,6395.0,2.568,9989.0,6395.0,-1.0,16830.0,0.0,1423001.0,9631.0,506016928.0,29.0,3.27,5.837999999999999,2.11,705297.0,False
300.0,9c8685614d2fcc8ed75e3df0b278a590.param,2.0,0.0,0.0,29.693,506016928.0,0b6d15933bb7c237b16ee89879548ba3,436261.0,1.0,0.0,6.138,7-45,367644.0,0.0,695306.0,6395.0,2.574,9989.0,6395.0,-1.0,16830.0,0.0,1423001.0,9631.0,506016928.0,29.0,3.19,5.763999999999999,2.11,705297.0,False
300.0,accc739b7443ee6f6c986b29106d30b2.param,0.0,0.0,0.0,68.863,1057470620.0,d81d39df763f959298b2f6ffe11ab36a,102847.0,1.0,0.0,11.797,7-45,59652.0,0.0,1769872.0,6273.0,6.841,22301.0,6273.0,-1.0,8471.0,0.0,899681.0,21921.0,1057470620.0,28.0,4.04,10.880999999999998,1.41,1792175.0,False
300.0,accc739b7443ee6f6c986b29106d30b2.param,1.0,0.0,0.0,68.266,1057470620.0,d81d39df763f959298b2f6ffe11ab36a,102847.0,1.0,0.0,11.682,7-45,59652.0,0.0,1769872.0,6273.0,6.7410000000000005,22301.0,6273.0,-1.0,8471.0,0.0,899681.0,21921.0,1057470620.0,28.0,4.051,10.792,1.41,1792175.0,False
300.0,accc739b7443ee6f6c986b29106d30b2.param,2.0,0.0,0.0,71.962,1057470620.0,d81d39df763f959298b2f6ffe11ab36a,102847.0,1.0,0.0,11.623,7-45,59652.0,0.0,1769872.0,6273.0,6.694,22301.0,6273.0,-1.0,8471.0,0.0,899681.0,21921.0,1057470620.0,28.0,3.997,10.690999999999999,1.41,1792175.0,False
300.0,056d65a7bb6760a4c29fabc08869fd2b.param,0.0,0.0,0.0,98.75299999999999,160742207.0,31b86f2590a9717f0d5720ac736cff87,277334.0,1.0,0.0,17.055,7-45,161752.0,0.0,2557361.0,10335.0,10.164,33491.0,10335.0,-1.0,23202.0,0.0,1485556.0,33115.0,160742207.0,37.0,5.127999999999999,15.292,1.41,2590854.0,False
300.0,056d65a7bb6760a4c29fabc08869fd2b.param,1.0,0.0,0.0,103.23299999999999,160742207.0,31b86f2590a9717f0d5720ac736cff87,277334.0,1.0,0.0,15.71,7-45,161752.0,0.0,2557361.0,10335.0,9.716000000000001,33491.0,10335.0,-1.0,23202.0,0.0,1485556.0,33115.0,160742207.0,37.0,4.712,14.427999999999999,1.41,2590854.0,False
300.0,056d65a7bb6760a4c29fabc08869fd2b.param,2.0,0.0,0.0,106.08200000000001,160742207.0,31b86f2590a9717f0d5720ac736cff87,277334.0,1.0,0.0,15.671,7-45,161752.0,0.0,2557361.0,10335.0,9.749,33491.0,10335.0,-1.0,23202.0,0.0,1485556.0,33115.0,160742207.0,37.0,4.662,14.411,1.41,2590854.0,False
300.0,f3f514a91e7728b0df10399e56f94206.param,0.0,0.0,0.0,18.358,590654055.0,df48d54cceef5c5ab2f9479832359114,463131.0,1.0,0.0,6.602,7-45,412761.0,0.0,432186.0,9726.0,1.585,5955.0,9726.0,-1.0,9904.0,0.0,1212476.0,5603.0,590654055.0,33.0,4.763999999999999,6.349,1.41,438143.0,False
300.0,f3f514a91e7728b0df10399e56f94206.param,1.0,0.0,0.0,18.637999999999998,590654055.0,df48d54cceef5c5ab2f9479832359114,463131.0,1.0,0.0,6.734,7-45,412761.0,0.0,432186.0,9726.0,1.5730000000000002,5955.0,9726.0,-1.0,9904.0,0.0,1212476.0,5603.0,590654055.0,33.0,4.897,6.47,1.41,438143.0,False
300.0,f3f514a91e7728b0df10399e56f94206.param,2.0,0.0,0.0,18.423,590654055.0,df48d54cceef5c5ab2f9479832359114,463131.0,1.0,0.0,6.791,7-45,412761.0,0.0,432186.0,9726.0,1.611,5955.0,9726.0,-1.0,9904.0,0.0,1212476.0,5603.0,590654055.0,33.0,4.927,6.537999999999999,1.41,438143.0,False
300.0,53797da70b0cf5f28e45644f5fda249f.param,0.0,0.0,0.0,9.039,1923385776.0,35f1b753da68e76fad0c18364b517c1a,132582.0,1.0,0.0,2.764,7-45,100473.0,0.0,204476.0,5686.0,0.7240000000000001,2581.0,5686.0,-1.0,7093.0,0.0,859267.0,2257.0,1923385776.0,24.0,1.899,2.623,0.42,207059.0,False
300.0,53797da70b0cf5f28e45644f5fda249f.param,1.0,0.0,0.0,9.49,1923385776.0,35f1b753da68e76fad0c18364b517c1a,132582.0,1.0,0.0,2.7769999999999997,7-45,100473.0,0.0,204476.0,5686.0,0.73,2581.0,5686.0,-1.0,7093.0,0.0,859267.0,2257.0,1923385776.0,24.0,1.912,2.642,0.42,207059.0,False
300.0,53797da70b0cf5f28e45644f5fda249f.param,2.0,0.0,0.0,9.302999999999999,1923385776.0,35f1b753da68e76fad0c18364b517c1a,132582.0,1.0,0.0,2.7489999999999997,7-45,100473.0,0.0,204476.0,5686.0,0.723,2581.0,5686.0,-1.0,7093.0,0.0,859267.0,2257.0,1923385776.0,24.0,1.893,2.616,0.42,207059.0,False
300.0,3a224236b6b589e9f8161cb41fb64421.param,0.0,0.0,0.0,37.148,2028359165.0,1d3ad27f5fcd5e205dffe34912ea61e3,357467.0,1.0,0.0,8.392999999999999,7-45,300992.0,0.0,960394.0,4637.0,3.63,13651.0,4637.0,-1.0,17257.0,0.0,1302421.0,13328.0,2028359165.0,20.0,4.266,7.896,1.41,974047.0,False
300.0,3a224236b6b589e9f8161cb41fb64421.param,1.0,0.0,0.0,38.239000000000004,2028359165.0,1d3ad27f5fcd5e205dffe34912ea61e3,357467.0,1.0,0.0,8.392000000000001,7-45,300992.0,0.0,960394.0,4637.0,3.602,13651.0,4637.0,-1.0,17257.0,0.0,1302421.0,13328.0,2028359165.0,20.0,4.257,7.859,1.41,974047.0,False
300.0,3a224236b6b589e9f8161cb41fb64421.param,2.0,0.0,0.0,37.459,2028359165.0,1d3ad27f5fcd5e205dffe34912ea61e3,357467.0,1.0,0.0,8.446,7-45,300992.0,0.0,960394.0,4637.0,3.603,13651.0,4637.0,-1.0,17257.0,0.0,1302421.0,13328.0,2028359165.0,20.0,4.314,7.9170000000000025,1.41,974047.0,False
300.0,55b26376914ebad092e2e305df354383.param,0.0,0.0,0.0,25.511999999999997,1470727592.0,16f6ab19fe082d994d3fc02499375a0a,173892.0,1.0,0.0,4.442,7-45,131464.0,0.0,604607.0,6205.0,2.2119999999999997,8689.0,6205.0,-1.0,7387.0,0.0,632130.0,8398.0,1470727592.0,28.0,1.885,4.0969999999999995,2.11,613298.0,False
300.0,55b26376914ebad092e2e305df354383.param,1.0,0.0,0.0,26.801,1470727592.0,16f6ab19fe082d994d3fc02499375a0a,173892.0,1.0,0.0,4.5169999999999995,7-45,131464.0,0.0,604607.0,6205.0,2.2769999999999997,8689.0,6205.0,-1.0,7387.0,0.0,632130.0,8398.0,1470727592.0,28.0,1.8980000000000001,4.175,2.11,613298.0,False
300.0,55b26376914ebad092e2e305df354383.param,2.0,0.0,0.0,25.08,1470727592.0,16f6ab19fe082d994d3fc02499375a0a,173892.0,1.0,0.0,4.4830000000000005,7-45,131464.0,0.0,604607.0,6205.0,2.23,8689.0,6205.0,-1.0,7387.0,0.0,632130.0,8398.0,1470727592.0,28.0,1.902,4.132,2.11,613298.0,False
300.0,c73e9bafac569591c4ea47d45cfac20c.param,0.0,0.0,0.0,30.076999999999998,1918631718.0,66c9874043f317b1a3cfa49f8e67038b,191947.0,1.0,0.0,5.26,7-45,158352.0,0.0,716696.0,6308.0,2.645,9387.0,6308.0,-1.0,5253.0,0.0,1443636.0,9002.0,1918631718.0,29.0,2.218,4.863,1.41,726085.0,False
300.0,c73e9bafac569591c4ea47d45cfac20c.param,1.0,0.0,0.0,30.548000000000002,1918631718.0,66c9874043f317b1a3cfa49f8e67038b,191947.0,1.0,0.0,5.347,7-45,158352.0,0.0,716696.0,6308.0,2.668,9387.0,6308.0,-1.0,5253.0,0.0,1443636.0,9002.0,1918631718.0,29.0,2.262,4.93,1.41,726085.0,False
300.0,c73e9bafac569591c4ea47d45cfac20c.param,2.0,0.0,0.0,28.708000000000002,1918631718.0,66c9874043f317b1a3cfa49f8e67038b,191947.0,1.0,0.0,5.34,7-45,158352.0,0.0,716696.0,6308.0,2.6919999999999997,9387.0,6308.0,-1.0,5253.0,0.0,1443636.0,9002.0,1918631718.0,29.0,2.248,4.94,1.41,726085.0,False
300.0,971e5d247ffd98140d5d9199460cd7b4.param,0.0,0.0,0.0,33.431,1257636424.0,570c83265068bf432afb37114e2d44ae,460342.0,1.0,0.0,6.845,7-45,426173.0,0.0,778276.0,5677.0,2.9,10719.0,5677.0,-1.0,9793.0,0.0,1721987.0,10351.0,1257636424.0,24.0,3.513,6.412999999999999,2.11,788997.0,False
300.0,971e5d247ffd98140d5d9199460cd7b4.param,1.0,0.0,0.0,30.459,1257636424.0,570c83265068bf432afb37114e2d44ae,460342.0,1.0,0.0,7.19,7-45,426173.0,0.0,778276.0,5677.0,3.017,10719.0,5677.0,-1.0,9793.0,0.0,1721987.0,10351.0,1257636424.0,24.0,3.698,6.715,2.11,788997.0,False
300.0,971e5d247ffd98140d5d9199460cd7b4.param,2.0,0.0,0.0,31.218000000000004,1257636424.0,570c83265068bf432afb37114e2d44ae,460342.0,1.0,0.0,6.757999999999999,7-45,426173.0,0.0,778276.0,5677.0,2.875,10719.0,5677.0,-1.0,9793.0,0.0,1721987.0,10351.0,1257636424.0,24.0,3.465,6.34,2.11,788997.0,False
300.0,9fea3b5fddf357019f10d5f61fc8a74b.param,0.0,0.0,0.0,39.389,693280077.0,e9bd60325a3c29e19877132b8dcca7a3,303109.0,1.0,0.0,6.6160000000000005,7-45,248368.0,0.0,982381.0,4150.0,3.659,17739.0,4150.0,-1.0,14783.0,0.0,906386.0,17423.0,693280077.0,17.0,2.421,6.08,0.94,1000122.0,False
300.0,9fea3b5fddf357019f10d5f61fc8a74b.param,1.0,0.0,0.0,37.474000000000004,693280077.0,e9bd60325a3c29e19877132b8dcca7a3,303109.0,1.0,0.0,6.852,7-45,248368.0,0.0,982381.0,4150.0,3.7030000000000003,17739.0,4150.0,-1.0,14783.0,0.0,906386.0,17423.0,693280077.0,17.0,2.6060000000000003,6.309,0.94,1000122.0,False
300.0,9fea3b5fddf357019f10d5f61fc8a74b.param,2.0,0.0,0.0,38.808,693280077.0,e9bd60325a3c29e19877132b8dcca7a3,303109.0,1.0,0.0,6.468999999999999,7-45,248368.0,0.0,982381.0,4150.0,3.6289999999999996,17739.0,4150.0,-1.0,14783.0,0.0,906386.0,17423.0,693280077.0,17.0,2.322,5.9510000000000005,0.94,1000122.0,False
300.0,c7380516182e520bfda807e4d9ed529d.param,0.0,0.0,0.0,10.362,1057470620.0,7ea6e4753ce897600d7d368be848af7d,170695.0,1.0,0.0,9.202,7-45,105238.0,0.0,237074.0,9740.0,0.868,3109.0,9740.0,-1.0,13706.0,0.0,1228696.0,2719.0,1057470620.0,33.0,8.152999999999999,9.021,0.63,240185.0,False
300.0,c7380516182e520bfda807e4d9ed529d.param,1.0,0.0,0.0,10.946,1057470620.0,7ea6e4753ce897600d7d368be848af7d,170695.0,1.0,0.0,9.177,7-45,105238.0,0.0,237074.0,9740.0,0.86,3109.0,9740.0,-1.0,13706.0,0.0,1228696.0,2719.0,1057470620.0,33.0,8.16,9.02,0.63,240185.0,False
300.0,c7380516182e520bfda807e4d9ed529d.param,2.0,0.0,0.0,10.289000000000001,1057470620.0,7ea6e4753ce897600d7d368be848af7d,170695.0,1.0,0.0,9.245,7-45,105238.0,0.0,237074.0,9740.0,0.862,3109.0,9740.0,-1.0,13706.0,0.0,1228696.0,2719.0,1057470620.0,33.0,8.224,9.086,0.63,240185.0,False
300.0,d77b1e8e85636e2a8e697f0467151b32.param,0.0,0.0,0.0,10.294,590654055.0,cb59a38c4f6037de1cfe6e86b9f9ed6e,147113.0,1.0,0.0,10.374,7-45,41402.0,0.0,227486.0,10332.0,0.81,3013.0,10332.0,-1.0,14106.0,0.0,1142112.0,2635.0,590654055.0,37.0,9.402999999999999,10.213,0.63,230501.0,False
300.0,d77b1e8e85636e2a8e697f0467151b32.param,1.0,0.0,0.0,10.415,590654055.0,cb59a38c4f6037de1cfe6e86b9f9ed6e,147113.0,1.0,0.0,10.530999999999999,7-45,41402.0,0.0,227486.0,10332.0,0.816,3013.0,10332.0,-1.0,14106.0,0.0,1142112.0,2635.0,590654055.0,37.0,9.527000000000001,10.343,0.63,230501.0,False
300.0,d77b1e8e85636e2a8e697f0467151b32.param,2.0,0.0,0.0,10.158,590654055.0,cb59a38c4f6037de1cfe6e86b9f9ed6e,147113.0,1.0,0.0,10.325999999999999,7-45,41402.0,0.0,227486.0,10332.0,0.809,3013.0,10332.0,-1.0,14106.0,0.0,1142112.0,2635.0,590654055.0,37.0,9.369,10.177999999999999,0.63,230501.0,False
300.0,37f39e77e4ab35860e338849791d985b.param,0.0,0.0,0.0,58.278,1057470620.0,9e1d87e547180256bca83dec36c611aa,186744.0,1.0,0.0,8.856,7-45,125342.0,0.0,1477915.0,6211.0,5.629,18621.0,6211.0,-1.0,15960.0,0.0,1108715.0,18220.0,1057470620.0,28.0,2.447,8.076,0.94,1496538.0,False
300.0,37f39e77e4ab35860e338849791d985b.param,1.0,0.0,0.0,56.298,1057470620.0,9e1d87e547180256bca83dec36c611aa,186744.0,1.0,0.0,8.685,7-45,125342.0,0.0,1477915.0,6211.0,5.521,18621.0,6211.0,-1.0,15960.0,0.0,1108715.0,18220.0,1057470620.0,28.0,2.4,7.921,0.94,1496538.0,False
300.0,37f39e77e4ab35860e338849791d985b.param,2.0,0.0,0.0,56.146,1057470620.0,9e1d87e547180256bca83dec36c611aa,186744.0,1.0,0.0,8.842,7-45,125342.0,0.0,1477915.0,6211.0,5.621,18621.0,6211.0,-1.0,15960.0,0.0,1108715.0,18220.0,1057470620.0,28.0,2.434,8.055,0.94,1496538.0,False
300.0,97b29b11b39e49b80f3ff828f7a4f470.param,0.0,0.0,0.0,23.759,372553220.0,fa01abd68ea742b565786093483b96a9,204416.0,1.0,0.0,4.213,7-45,160883.0,0.0,601726.0,5708.0,2.211,9351.0,5708.0,-1.0,10531.0,0.0,849564.0,9050.0,372553220.0,25.0,1.6580000000000001,3.8689999999999998,0.63,611079.0,False
300.0,97b29b11b39e49b80f3ff828f7a4f470.param,1.0,0.0,0.0,26.693,372553220.0,fa01abd68ea742b565786093483b96a9,204416.0,1.0,0.0,4.245,7-45,160883.0,0.0,601726.0,5708.0,2.221,9351.0,5708.0,-1.0,10531.0,0.0,849564.0,9050.0,372553220.0,25.0,1.6880000000000002,3.909,0.63,611079.0,False
300.0,97b29b11b39e49b80f3ff828f7a4f470.param,2.0,0.0,0.0,24.975,372553220.0,fa01abd68ea742b565786093483b96a9,204416.0,1.0,0.0,4.2780000000000005,7-45,160883.0,0.0,601726.0,5708.0,2.287,9351.0,5708.0,-1.0,10531.0,0.0,849564.0,9050.0,372553220.0,25.0,1.652,3.9389999999999996,0.63,611079.0,False
300.0,36fc98d1195ddc35e5ef9eb80f9a3178.param,0.0,0.0,0.0,12.8,270657042.0,0ba64402ebe388f2db806425696a07eb,74952.0,1.0,0.0,2.235,7-45,47886.0,0.0,289310.0,4662.0,1.0290000000000001,4961.0,4662.0,-1.0,5964.0,0.0,608500.0,4717.0,270657042.0,20.0,1.032,2.061,0.28,294273.0,False
300.0,36fc98d1195ddc35e5ef9eb80f9a3178.param,1.0,0.0,0.0,13.083,270657042.0,0ba64402ebe388f2db806425696a07eb,74952.0,1.0,0.0,2.3040000000000003,7-45,47886.0,0.0,289310.0,4662.0,1.0490000000000002,4961.0,4662.0,-1.0,5964.0,0.0,608500.0,4717.0,270657042.0,20.0,1.073,2.122,0.28,294273.0,False
300.0,36fc98d1195ddc35e5ef9eb80f9a3178.param,2.0,0.0,0.0,13.015,270657042.0,0ba64402ebe388f2db806425696a07eb,74952.0,1.0,0.0,2.272,7-45,47886.0,0.0,289310.0,4662.0,1.0390000000000001,4961.0,4662.0,-1.0,5964.0,0.0,608500.0,4717.0,270657042.0,20.0,1.057,2.096,0.28,294273.0,False
300.0,d6dbb131b6c4096427e3cdbc24174d58.param,0.0,0.0,0.0,15.068,254168822.0,1d4ae9931abcceec3382c2363a6a174a,126800.0,1.0,0.0,3.772,7-45,78860.0,0.0,360265.0,6326.0,1.3659999999999999,4915.0,6326.0,-1.0,8271.0,0.0,847594.0,4623.0,254168822.0,29.0,2.19,3.556,0.42,365182.0,False
300.0,d6dbb131b6c4096427e3cdbc24174d58.param,1.0,0.0,0.0,16.38,254168822.0,1d4ae9931abcceec3382c2363a6a174a,126800.0,1.0,0.0,3.69,7-45,78860.0,0.0,360265.0,6326.0,1.301,4915.0,6326.0,-1.0,8271.0,0.0,847594.0,4623.0,254168822.0,29.0,2.18,3.4810000000000003,0.42,365182.0,False
300.0,d6dbb131b6c4096427e3cdbc24174d58.param,2.0,0.0,0.0,15.27,254168822.0,1d4ae9931abcceec3382c2363a6a174a,126800.0,1.0,0.0,3.622,7-45,78860.0,0.0,360265.0,6326.0,1.31,4915.0,6326.0,-1.0,8271.0,0.0,847594.0,4623.0,254168822.0,29.0,2.095,3.405,0.42,365182.0,False
300.0,8dbc47c71dc08cbc8ffa4bf3b92aa057.param,0.0,0.0,0.0,20.947,1571287961.0,f3fbd67a4dca1ea9df95f5b6e1d8836d,253354.0,1.0,0.0,4.417,7-45,221471.0,0.0,475156.0,4603.0,1.76,8247.0,4603.0,-1.0,9467.0,0.0,760977.0,7907.0,1571287961.0,20.0,2.322,4.082,1.41,483405.0,False
300.0,8dbc47c71dc08cbc8ffa4bf3b92aa057.param,1.0,0.0,0.0,20.206,1571287961.0,f3fbd67a4dca1ea9df95f5b6e1d8836d,253354.0,1.0,0.0,4.289,7-45,221471.0,0.0,475156.0,4603.0,1.742,8247.0,4603.0,-1.0,9467.0,0.0,760977.0,7907.0,1571287961.0,20.0,2.263,4.005,1.41,483405.0,False
300.0,8dbc47c71dc08cbc8ffa4bf3b92aa057.param,2.0,0.0,0.0,21.553,1571287961.0,f3fbd67a4dca1ea9df95f5b6e1d8836d,253354.0,1.0,0.0,4.495,7-45,221471.0,0.0,475156.0,4603.0,1.776,8247.0,4603.0,-1.0,9467.0,0.0,760977.0,7907.0,1571287961.0,20.0,2.4290000000000003,4.205,1.41,483405.0,False
300.0,4fb489f83300339f94af01b969c1f325.param,0.0,0.0,0.0,54.075,1098776393.0,520591ff7c0caeb099dcae1a13dafa53,143569.0,1.0,0.0,8.026,7-45,107966.0,0.0,1360070.0,4623.0,5.082,17303.0,4623.0,-1.0,8590.0,0.0,807220.0,16950.0,1098776393.0,20.0,2.22,7.3020000000000005,4.75,1377375.0,False
300.0,4fb489f83300339f94af01b969c1f325.param,1.0,0.0,0.0,51.4,1098776393.0,520591ff7c0caeb099dcae1a13dafa53,143569.0,1.0,0.0,8.241,7-45,107966.0,0.0,1360070.0,4623.0,5.127999999999999,17303.0,4623.0,-1.0,8590.0,0.0,807220.0,16950.0,1098776393.0,20.0,2.333,7.461,4.75,1377375.0,False
300.0,4fb489f83300339f94af01b969c1f325.param,2.0,0.0,0.0,51.566,1098776393.0,520591ff7c0caeb099dcae1a13dafa53,143569.0,1.0,0.0,8.197000000000001,7-45,107966.0,0.0,1360070.0,4623.0,5.1960000000000015,17303.0,4623.0,-1.0,8590.0,0.0,807220.0,16950.0,1098776393.0,20.0,2.274,7.47,4.75,1377375.0,False
300.0,876c6467204e8ca8aabecbfbd3b45139.param,0.0,0.0,0.0,62.588,1257636424.0,ac94f2938a9a0eed7903be2553137085,280437.0,1.0,0.0,13.040999999999999,7-45,173680.0,0.0,1524221.0,6280.0,5.9270000000000005,22617.0,6280.0,-1.0,23969.0,0.0,1309053.0,22192.0,1257636424.0,28.0,6.117999999999999,12.045,1.41,1546840.0,False
300.0,876c6467204e8ca8aabecbfbd3b45139.param,1.0,0.0,0.0,63.397,1257636424.0,ac94f2938a9a0eed7903be2553137085,280437.0,1.0,0.0,12.978,7-45,173680.0,0.0,1524221.0,6280.0,5.8839999999999995,22617.0,6280.0,-1.0,23969.0,0.0,1309053.0,22192.0,1257636424.0,28.0,6.194,12.078,1.41,1546840.0,False
300.0,876c6467204e8ca8aabecbfbd3b45139.param,2.0,0.0,0.0,60.168,1257636424.0,ac94f2938a9a0eed7903be2553137085,280437.0,1.0,0.0,12.343,7-45,173680.0,0.0,1524221.0,6280.0,5.694,22617.0,6280.0,-1.0,23969.0,0.0,1309053.0,22192.0,1257636424.0,28.0,5.851,11.545,1.41,1546840.0,False
300.0,d8b978c6119710e61692eb0c8ed59509.param,0.0,0.0,0.0,43.217,1571287961.0,22abd77325c4f670b73d4a547b54b053,162669.0,1.0,0.0,6.74,7-45,124227.0,0.0,1112678.0,4111.0,4.206,15981.0,4111.0,-1.0,12934.0,0.0,804200.0,15599.0,1571287961.0,17.0,1.923,6.129,3.16,1128661.0,False
300.0,d8b978c6119710e61692eb0c8ed59509.param,1.0,0.0,0.0,42.325,1571287961.0,22abd77325c4f670b73d4a547b54b053,162669.0,1.0,0.0,6.5470000000000015,7-45,124227.0,0.0,1112678.0,4111.0,4.1930000000000005,15981.0,4111.0,-1.0,12934.0,0.0,804200.0,15599.0,1571287961.0,17.0,1.761,5.954,3.16,1128661.0,False
300.0,d8b978c6119710e61692eb0c8ed59509.param,2.0,0.0,0.0,42.881,1571287961.0,22abd77325c4f670b73d4a547b54b053,162669.0,1.0,0.0,6.609,7-45,124227.0,0.0,1112678.0,4111.0,4.207,15981.0,4111.0,-1.0,12934.0,0.0,804200.0,15599.0,1571287961.0,17.0,1.821,6.028,3.16,1128661.0,False
300.0,9a031fb141138ee9bc8fad2cc059ee0e.param,0.0,0.0,0.0,17.983,95956545.0,dbb3dc19acfa4d58ba2ce7e066fe417c,97952.0,1.0,0.0,3.647,7-45,66509.0,0.0,415661.0,4616.0,1.4980000000000002,5911.0,4616.0,-1.0,8287.0,0.0,731610.0,5605.0,95956545.0,20.0,1.9140000000000001,3.412,0.63,421574.0,False
300.0,9a031fb141138ee9bc8fad2cc059ee0e.param,1.0,0.0,0.0,16.934,95956545.0,dbb3dc19acfa4d58ba2ce7e066fe417c,97952.0,1.0,0.0,3.6919999999999997,7-45,66509.0,0.0,415661.0,4616.0,1.5130000000000001,5911.0,4616.0,-1.0,8287.0,0.0,731610.0,5605.0,95956545.0,20.0,1.9409999999999998,3.4539999999999997,0.63,421574.0,False
300.0,9a031fb141138ee9bc8fad2cc059ee0e.param,2.0,0.0,0.0,17.335,95956545.0,dbb3dc19acfa4d58ba2ce7e066fe417c,97952.0,1.0,0.0,3.6210000000000004,7-45,66509.0,0.0,415661.0,4616.0,1.495,5911.0,4616.0,-1.0,8287.0,0.0,731610.0,5605.0,95956545.0,20.0,1.896,3.391,0.63,421574.0,False
300.0,f2209196093db16c0e1ccffc86fe7af3.param,0.0,0.0,0.0,45.13,1242281828.0,6ef22c2f536976ebd33f61d6adcddc37,88437.0,1.0,0.0,10.1,7-45,44614.0,0.0,1202526.0,4082.0,4.4830000000000005,20875.0,4082.0,-1.0,13615.0,0.0,466800.0,20588.0,1242281828.0,16.0,4.975,9.458,3.16,1223403.0,False
300.0,f2209196093db16c0e1ccffc86fe7af3.param,1.0,0.0,0.0,44.99,1242281828.0,6ef22c2f536976ebd33f61d6adcddc37,88437.0,1.0,0.0,9.985,7-45,44614.0,0.0,1202526.0,4082.0,4.467,20875.0,4082.0,-1.0,13615.0,0.0,466800.0,20588.0,1242281828.0,16.0,4.908,9.375,3.16,1223403.0,False
300.0,f2209196093db16c0e1ccffc86fe7af3.param,2.0,0.0,0.0,46.167,1242281828.0,6ef22c2f536976ebd33f61d6adcddc37,88437.0,1.0,0.0,10.052999999999999,7-45,44614.0,0.0,1202526.0,4082.0,4.474,20875.0,4082.0,-1.0,13615.0,0.0,466800.0,20588.0,1242281828.0,16.0,4.96,9.434,3.16,1223403.0,False
300.0,ba49f12ab41d4271c475e4948758589d.param,0.0,0.0,0.0,25.506,83966730.0,7b138b0843f8749766f2d883b1c09b6f,28479.0,1.0,0.0,3.638,7-45,10397.0,0.0,593855.0,4153.0,2.2119999999999997,10729.0,4153.0,-1.0,7169.0,0.0,459787.0,10474.0,83966730.0,17.0,1.075,3.287,0.42,604586.0,False
300.0,ba49f12ab41d4271c475e4948758589d.param,1.0,0.0,0.0,26.763,83966730.0,7b138b0843f8749766f2d883b1c09b6f,28479.0,1.0,0.0,3.56,7-45,10397.0,0.0,593855.0,4153.0,2.2230000000000003,10729.0,4153.0,-1.0,7169.0,0.0,459787.0,10474.0,83966730.0,17.0,1.014,3.237,0.42,604586.0,False
300.0,ba49f12ab41d4271c475e4948758589d.param,2.0,0.0,0.0,25.596,83966730.0,7b138b0843f8749766f2d883b1c09b6f,28479.0,1.0,0.0,3.43,7-45,10397.0,0.0,593855.0,4153.0,2.1719999999999997,10729.0,4153.0,-1.0,7169.0,0.0,459787.0,10474.0,83966730.0,17.0,0.953,3.125,0.42,604586.0,False
300.0,222abd76a7db47e3d5cbf580e108b101.param,0.0,0.0,0.0,50.902,1802391418.0,8e6d145aef44d844f9b31f9c969c8754,351817.0,1.0,0.0,9.773,7-45,309092.0,0.0,1336705.0,4612.0,5.046,20069.0,4612.0,-1.0,10917.0,0.0,807596.0,19756.0,1802391418.0,20.0,3.9730000000000003,9.019,4.75,1356776.0,False
300.0,222abd76a7db47e3d5cbf580e108b101.param,1.0,0.0,0.0,51.788000000000004,1802391418.0,8e6d145aef44d844f9b31f9c969c8754,351817.0,1.0,0.0,9.533999999999999,7-45,309092.0,0.0,1336705.0,4612.0,5.005,20069.0,4612.0,-1.0,10917.0,0.0,807596.0,19756.0,1802391418.0,20.0,3.818,8.823,4.75,1356776.0,False
300.0,222abd76a7db47e3d5cbf580e108b101.param,2.0,0.0,0.0,55.541000000000004,1802391418.0,8e6d145aef44d844f9b31f9c969c8754,351817.0,1.0,0.0,9.426,7-45,309092.0,0.0,1336705.0,4612.0,4.968,20069.0,4612.0,-1.0,10917.0,0.0,807596.0,19756.0,1802391418.0,20.0,3.799,8.767000000000001,4.75,1356776.0,False
300.0,d0bc402d6d4e2f421314981899e705da.param,0.0,0.0,0.0,56.875,1057470620.0,d55a3e3d64b895dd37b879adcb6e7f20,1139045.0,1.0,0.0,19.665,7-45,1031457.0,0.0,1498987.0,9640.0,5.645,21301.0,9640.0,-1.0,27007.0,0.0,2344965.0,20936.0,1057470620.0,32.0,13.244000000000002,18.889,1.41,1520290.0,False
300.0,d0bc402d6d4e2f421314981899e705da.param,1.0,0.0,0.0,58.504,1057470620.0,d55a3e3d64b895dd37b879adcb6e7f20,1139045.0,1.0,0.0,19.589000000000002,7-45,1031457.0,0.0,1498987.0,9640.0,5.6320000000000014,21301.0,9640.0,-1.0,27007.0,0.0,2344965.0,20936.0,1057470620.0,32.0,13.179,18.811,1.41,1520290.0,False
300.0,d0bc402d6d4e2f421314981899e705da.param,2.0,0.0,0.0,57.507,1057470620.0,d55a3e3d64b895dd37b879adcb6e7f20,1139045.0,1.0,0.0,19.722,7-45,1031457.0,0.0,1498987.0,9640.0,5.63,21301.0,9640.0,-1.0,27007.0,0.0,2344965.0,20936.0,1057470620.0,32.0,13.28,18.91,1.41,1520290.0,False
300.0,c1fde8776f334c859cdb281cb0bed488.param,0.0,0.0,0.0,13.609000000000002,506016928.0,6ca6d88b8d6578ac83b6c4f2248cb93b,27631.0,1.0,0.0,1.6640000000000001,7-45,17657.0,0.0,318027.0,2273.0,1.145,5747.0,2273.0,-1.0,3319.0,0.0,342816.0,5481.0,506016928.0,12.0,0.325,1.47,0.28,323776.0,False
300.0,c1fde8776f334c859cdb281cb0bed488.param,1.0,0.0,0.0,14.537,506016928.0,6ca6d88b8d6578ac83b6c4f2248cb93b,27631.0,1.0,0.0,1.6380000000000001,7-45,17657.0,0.0,318027.0,2273.0,1.155,5747.0,2273.0,-1.0,3319.0,0.0,342816.0,5481.0,506016928.0,12.0,0.307,1.462,0.28,323776.0,False
300.0,c1fde8776f334c859cdb281cb0bed488.param,2.0,0.0,0.0,14.787,506016928.0,6ca6d88b8d6578ac83b6c4f2248cb93b,27631.0,1.0,0.0,1.811,7-45,17657.0,0.0,318027.0,2273.0,1.248,5747.0,2273.0,-1.0,3319.0,0.0,342816.0,5481.0,506016928.0,12.0,0.36200000000000004,1.61,0.28,323776.0,False
300.0,85b90a483e5d2ab64757532083d99628.param,0.0,0.0,0.0,61.36600000000001,1083416308.0,b0e71454b89b9fadb8d3da17c4d57342,319161.0,1.0,0.0,12.037,7-45,231106.0,0.0,1602210.0,6204.0,5.973,21841.0,6204.0,-1.0,15845.0,0.0,1364300.0,21497.0,1083416308.0,28.0,5.2360000000000015,11.209000000000001,1.41,1624053.0,False
300.0,85b90a483e5d2ab64757532083d99628.param,1.0,0.0,0.0,60.012,1083416308.0,b0e71454b89b9fadb8d3da17c4d57342,319161.0,1.0,0.0,12.179,7-45,231106.0,0.0,1602210.0,6204.0,6.064,21841.0,6204.0,-1.0,15845.0,0.0,1364300.0,21497.0,1083416308.0,28.0,5.267,11.331,1.41,1624053.0,False
300.0,85b90a483e5d2ab64757532083d99628.param,2.0,0.0,0.0,67.766,1083416308.0,b0e71454b89b9fadb8d3da17c4d57342,319161.0,1.0,0.0,12.243,7-45,231106.0,0.0,1602210.0,6204.0,6.142,21841.0,6204.0,-1.0,15845.0,0.0,1364300.0,21497.0,1083416308.0,28.0,5.266,11.408,1.41,1624053.0,False
300.0,867c000858982af2c7444466a304af04.param,0.0,0.0,0.0,50.214,1057470620.0,1dbc28389d65bcde75317f4319840fa2,45733.0,1.0,0.0,6.192,7-45,35038.0,0.0,1265798.0,2341.0,4.747,20875.0,2341.0,-1.0,10335.0,0.0,556320.0,20511.0,1057470620.0,13.0,0.7390000000000001,5.4860000000000015,4.75,1286675.0,False
300.0,867c000858982af2c7444466a304af04.param,1.0,0.0,0.0,49.94300000000001,1057470620.0,1dbc28389d65bcde75317f4319840fa2,45733.0,1.0,0.0,6.193,7-45,35038.0,0.0,1265798.0,2341.0,4.763,20875.0,2341.0,-1.0,10335.0,0.0,556320.0,20511.0,1057470620.0,13.0,0.74,5.502999999999999,4.75,1286675.0,False
300.0,867c000858982af2c7444466a304af04.param,2.0,0.0,0.0,48.208999999999996,1057470620.0,1dbc28389d65bcde75317f4319840fa2,45733.0,1.0,0.0,6.164,7-45,35038.0,0.0,1265798.0,2341.0,4.753,20875.0,2341.0,-1.0,10335.0,0.0,556320.0,20511.0,1057470620.0,13.0,0.718,5.471,4.75,1286675.0,False
300.0,44fed91bbf02c3af539328e6662bf914.param,0.0,0.0,0.0,45.32100000000001,95956545.0,ebeaf01ba25a2e2bb741a276a8ff180d,123144.0,1.0,0.0,6.949,7-45,101031.0,0.0,1178035.0,4696.0,4.363,17681.0,4696.0,-1.0,8745.0,0.0,911411.0,17314.0,95956545.0,20.0,1.96,6.3229999999999995,3.16,1195718.0,False
300.0,44fed91bbf02c3af539328e6662bf914.param,1.0,0.0,0.0,44.955,95956545.0,ebeaf01ba25a2e2bb741a276a8ff180d,123144.0,1.0,0.0,6.808,7-45,101031.0,0.0,1178035.0,4696.0,4.351,17681.0,4696.0,-1.0,8745.0,0.0,911411.0,17314.0,95956545.0,20.0,1.865,6.216,3.16,1195718.0,False
300.0,44fed91bbf02c3af539328e6662bf914.param,2.0,0.0,0.0,44.242,95956545.0,ebeaf01ba25a2e2bb741a276a8ff180d,123144.0,1.0,0.0,7.187,7-45,101031.0,0.0,1178035.0,4696.0,4.421,17681.0,4696.0,-1.0,8745.0,0.0,911411.0,17314.0,95956545.0,20.0,2.126,6.5470000000000015,3.16,1195718.0,False
300.0,f019c54ca541e1449e1424c6aa46d35e.param,0.0,0.0,0.0,5.297999999999999,95956545.0,523e2de893bae567d559e3676f7ace3d,161903.0,1.0,0.0,5.3370000000000015,7-34,104234.0,0.0,113294.0,10239.0,0.401,1165.0,10239.0,-1.0,11425.0,0.0,1057366.0,1162.0,95956545.0,36.0,4.843,5.244,0.28,114461.0,False
300.0,f019c54ca541e1449e1424c6aa46d35e.param,1.0,0.0,0.0,5.011,95956545.0,523e2de893bae567d559e3676f7ace3d,161903.0,1.0,0.0,5.397,7-34,104234.0,0.0,113294.0,10239.0,0.451,1165.0,10239.0,-1.0,11425.0,0.0,1057366.0,1162.0,95956545.0,36.0,4.852,5.303,0.28,114461.0,False
300.0,f019c54ca541e1449e1424c6aa46d35e.param,2.0,0.0,0.0,5.107,95956545.0,523e2de893bae567d559e3676f7ace3d,161903.0,1.0,0.0,5.295,7-34,104234.0,0.0,113294.0,10239.0,0.402,1165.0,10239.0,-1.0,11425.0,0.0,1057366.0,1162.0,95956545.0,36.0,4.806,5.207999999999998,0.28,114461.0,False
300.0,a2bb37bd1970b7fe11a8b59cb1f3a6f3.param,0.0,0.0,0.0,33.602,1139903203.0,269615ddd39d3ddc72fe75e59d2bdf1b,309059.0,1.0,0.0,29.892,7-34,136952.0,0.0,887076.0,11201.0,3.307,8730.0,11201.0,-1.0,20504.0,0.0,1090388.0,11275.0,1139903203.0,40.0,26.057,29.364,0.63,895808.0,False
300.0,a2bb37bd1970b7fe11a8b59cb1f3a6f3.param,1.0,0.0,0.0,34.733000000000004,1139903203.0,269615ddd39d3ddc72fe75e59d2bdf1b,309059.0,1.0,0.0,29.93,7-34,136952.0,0.0,887076.0,11201.0,3.281,8730.0,11201.0,-1.0,20504.0,0.0,1090388.0,11275.0,1139903203.0,40.0,26.052,29.333000000000002,0.63,895808.0,False
300.0,a2bb37bd1970b7fe11a8b59cb1f3a6f3.param,2.0,0.0,0.0,34.034,1139903203.0,269615ddd39d3ddc72fe75e59d2bdf1b,309059.0,1.0,0.0,29.775,7-34,136952.0,0.0,887076.0,11201.0,3.313,8730.0,11201.0,-1.0,20504.0,0.0,1090388.0,11275.0,1139903203.0,40.0,26.002,29.315,0.63,895808.0,False
300.0,94211d2a9b412d1df1f93eb8fa322afa.param,0.0,0.0,0.0,12.205,270657042.0,9217b865e0f93f72c731307bdc3ffca0,60782.0,1.0,0.0,3.563,7-34,12210.0,0.0,294524.0,6395.0,1.088,3289.0,6395.0,-1.0,6916.0,0.0,643322.0,4087.0,270657042.0,29.0,2.299,3.387,0.19,297815.0,False
300.0,94211d2a9b412d1df1f93eb8fa322afa.param,1.0,0.0,0.0,12.627,270657042.0,9217b865e0f93f72c731307bdc3ffca0,60782.0,1.0,0.0,3.5189999999999997,7-34,12210.0,0.0,294524.0,6395.0,1.065,3289.0,6395.0,-1.0,6916.0,0.0,643322.0,4087.0,270657042.0,29.0,2.2769999999999997,3.342,0.19,297815.0,False
300.0,94211d2a9b412d1df1f93eb8fa322afa.param,2.0,0.0,0.0,12.527999999999999,270657042.0,9217b865e0f93f72c731307bdc3ffca0,60782.0,1.0,0.0,3.545,7-34,12210.0,0.0,294524.0,6395.0,1.071,3289.0,6395.0,-1.0,6916.0,0.0,643322.0,4087.0,270657042.0,29.0,2.295,3.366,0.19,297815.0,False
300.0,d52ad8a9dee13cb147c0b0d6d29d8a1a.param,0.0,0.0,0.0,15.187000000000001,1257636424.0,cb2c50c1df68f84d9c5abb2d34615cbd,329902.0,1.0,0.0,6.3839999999999995,7-34,266704.0,0.0,342260.0,4761.0,1.238,3865.0,4761.0,-1.0,9779.0,0.0,1009917.0,4807.0,1257636424.0,21.0,4.941,6.178999999999999,0.28,346127.0,False
300.0,d52ad8a9dee13cb147c0b0d6d29d8a1a.param,1.0,0.0,0.0,16.090999999999998,1257636424.0,cb2c50c1df68f84d9c5abb2d34615cbd,329902.0,1.0,0.0,6.742999999999999,7-34,266704.0,0.0,342260.0,4761.0,1.281,3865.0,4761.0,-1.0,9779.0,0.0,1009917.0,4807.0,1257636424.0,21.0,5.252999999999999,6.534,0.28,346127.0,False
300.0,d52ad8a9dee13cb147c0b0d6d29d8a1a.param,2.0,0.0,0.0,15.594000000000001,1257636424.0,cb2c50c1df68f84d9c5abb2d34615cbd,329902.0,1.0,0.0,6.932,7-34,266704.0,0.0,342260.0,4761.0,1.291,3865.0,4761.0,-1.0,9779.0,0.0,1009917.0,4807.0,1257636424.0,21.0,5.388,6.678999999999999,0.28,346127.0,False
300.0,8b3ad6188dc92a4335827c8e01628c0f.param,0.0,0.0,0.0,31.146,182366586.0,f61e2133ab40e4b8619069a40d881777,101360.0,1.0,0.0,7.106,7-34,50128.0,0.0,798698.0,4667.0,3.0060000000000002,10561.0,4667.0,-1.0,9841.0,0.0,688160.0,13753.0,182366586.0,20.0,3.6439999999999997,6.65,0.42,809261.0,False
300.0,8b3ad6188dc92a4335827c8e01628c0f.param,1.0,0.0,0.0,33.371,182366586.0,f61e2133ab40e4b8619069a40d881777,101360.0,1.0,0.0,7.154,7-34,50128.0,0.0,798698.0,4667.0,3.01,10561.0,4667.0,-1.0,9841.0,0.0,688160.0,13753.0,182366586.0,20.0,3.702,6.7120000000000015,0.42,809261.0,False
300.0,8b3ad6188dc92a4335827c8e01628c0f.param,2.0,0.0,0.0,32.857,182366586.0,f61e2133ab40e4b8619069a40d881777,101360.0,1.0,0.0,7.2929999999999975,7-34,50128.0,0.0,798698.0,4667.0,3.18,10561.0,4667.0,-1.0,9841.0,0.0,688160.0,13753.0,182366586.0,20.0,3.656,6.836,0.42,809261.0,False
300.0,5fef6050cdd12ec4963b342a00b8769f.param,0.0,0.0,0.0,46.623999999999995,335975281.0,c2aacc78e01de884faa0d38d5236576b,208308.0,1.0,0.0,15.544,7-34,110693.0,0.0,1263130.0,5759.0,4.805,13937.0,5759.0,-1.0,13354.0,0.0,845221.0,18197.0,335975281.0,25.0,10.08,14.885,0.63,1277069.0,False
300.0,5fef6050cdd12ec4963b342a00b8769f.param,1.0,0.0,0.0,46.70399999999999,335975281.0,c2aacc78e01de884faa0d38d5236576b,208308.0,1.0,0.0,15.790999999999999,7-34,110693.0,0.0,1263130.0,5759.0,4.96,13937.0,5759.0,-1.0,13354.0,0.0,845221.0,18197.0,335975281.0,25.0,10.148,15.107999999999999,0.63,1277069.0,False
300.0,5fef6050cdd12ec4963b342a00b8769f.param,2.0,0.0,0.0,50.913999999999994,335975281.0,c2aacc78e01de884faa0d38d5236576b,208308.0,1.0,0.0,15.796,7-34,110693.0,0.0,1263130.0,5759.0,4.957,13937.0,5759.0,-1.0,13354.0,0.0,845221.0,18197.0,335975281.0,25.0,10.186,15.142999999999999,0.63,1277069.0,False
300.0,b24ff19d000a151b6659a6c65e6c35c6.param,0.0,0.0,0.0,34.912,590654055.0,c4dba20273813a001c09b1059386dbb5,190764.0,1.0,0.0,28.836,7-34,37320.0,0.0,916275.0,10212.0,3.4139999999999997,9387.0,10212.0,-1.0,19954.0,0.0,1090215.0,12098.0,590654055.0,36.0,24.91800000000001,28.331999999999997,0.63,925664.0,False
300.0,b24ff19d000a151b6659a6c65e6c35c6.param,1.0,0.0,0.0,37.014,590654055.0,c4dba20273813a001c09b1059386dbb5,190764.0,1.0,0.0,28.986,7-34,37320.0,0.0,916275.0,10212.0,3.424,9387.0,10212.0,-1.0,19954.0,0.0,1090215.0,12098.0,590654055.0,36.0,24.901,28.325,0.63,925664.0,False
300.0,b24ff19d000a151b6659a6c65e6c35c6.param,2.0,0.0,0.0,38.582,590654055.0,c4dba20273813a001c09b1059386dbb5,190764.0,1.0,0.0,29.179000000000002,7-34,37320.0,0.0,916275.0,10212.0,3.431,9387.0,10212.0,-1.0,19954.0,0.0,1090215.0,12098.0,590654055.0,36.0,25.064,28.495,0.63,925664.0,False
300.0,f77193d98d97a8df35aba3d3d50b907e.param,0.0,0.0,0.0,31.408,646920589.0,a7ab7d6512ded60253de1eb8a057abef,127901.0,1.0,0.0,5.705,7-34,84872.0,0.0,801426.0,5746.0,2.969,9584.0,5746.0,-1.0,7431.0,0.0,824100.0,12437.0,646920589.0,25.0,2.301,5.27,0.42,811012.0,False
300.0,f77193d98d97a8df35aba3d3d50b907e.param,1.0,0.0,0.0,34.478,646920589.0,a7ab7d6512ded60253de1eb8a057abef,127901.0,1.0,0.0,5.825,7-34,84872.0,0.0,801426.0,5746.0,2.989,9584.0,5746.0,-1.0,7431.0,0.0,824100.0,12437.0,646920589.0,25.0,2.381,5.37,0.42,811012.0,False
300.0,f77193d98d97a8df35aba3d3d50b907e.param,2.0,0.0,0.0,34.839,646920589.0,a7ab7d6512ded60253de1eb8a057abef,127901.0,1.0,0.0,5.642,7-34,84872.0,0.0,801426.0,5746.0,2.955,9584.0,5746.0,-1.0,7431.0,0.0,824100.0,12437.0,646920589.0,25.0,2.267,5.222,0.42,811012.0,False
300.0,fece5a92f820b73659733b9639b82885.param,0.0,0.0,0.0,17.712,1242281828.0,566d5245d2d09ea04aa0c5bb9d39a93d,534911.0,1.0,0.0,22.858,7-34,415494.0,0.0,393714.0,9752.0,1.46,4121.0,9752.0,-1.0,17605.0,0.0,1422562.0,5063.0,1242281828.0,33.0,21.151,22.611,0.63,397837.0,False
300.0,fece5a92f820b73659733b9639b82885.param,1.0,0.0,0.0,17.382,1242281828.0,566d5245d2d09ea04aa0c5bb9d39a93d,534911.0,1.0,0.0,23.000999999999998,7-34,415494.0,0.0,393714.0,9752.0,1.496,4121.0,9752.0,-1.0,17605.0,0.0,1422562.0,5063.0,1242281828.0,33.0,21.256999999999998,22.753,0.63,397837.0,False
300.0,fece5a92f820b73659733b9639b82885.param,2.0,0.0,0.0,17.884,1242281828.0,566d5245d2d09ea04aa0c5bb9d39a93d,534911.0,1.0,0.0,22.643,7-34,415494.0,0.0,393714.0,9752.0,1.4409999999999998,4121.0,9752.0,-1.0,17605.0,0.0,1422562.0,5063.0,1242281828.0,33.0,20.965,22.406,0.63,397837.0,False
300.0,b7c1926b06d5191f5f23b3654f7eea8a.param,0.0,0.0,0.0,31.041999999999998,1883039101.0,d0fd7e844c47634c91eba91b0e9ab055,74906.0,1.0,0.0,5.382999999999999,7-34,22775.0,0.0,719158.0,4030.0,2.824,10634.0,4030.0,-1.0,10210.0,0.0,467946.0,13851.0,1883039101.0,16.0,2.126,4.95,0.42,729794.0,False
300.0,b7c1926b06d5191f5f23b3654f7eea8a.param,1.0,0.0,0.0,30.160999999999998,1883039101.0,d0fd7e844c47634c91eba91b0e9ab055,74906.0,1.0,0.0,5.043,7-34,22775.0,0.0,719158.0,4030.0,2.675,10634.0,4030.0,-1.0,10210.0,0.0,467946.0,13851.0,1883039101.0,16.0,1.962,4.637,0.42,729794.0,False
300.0,b7c1926b06d5191f5f23b3654f7eea8a.param,2.0,0.0,0.0,28.275,1883039101.0,d0fd7e844c47634c91eba91b0e9ab055,74906.0,1.0,0.0,5.093999999999999,7-34,22775.0,0.0,719158.0,4030.0,2.6830000000000003,10634.0,4030.0,-1.0,10210.0,0.0,467946.0,13851.0,1883039101.0,16.0,1.982,4.665,0.42,729794.0,False
300.0,a41351309b1ab4b5310538c23b8dec0e.param,0.0,0.0,0.0,58.827,1234135464.0,158e7784bf134438a812a8e22eb283ed,313045.0,1.0,0.0,30.212,7-34,114501.0,0.0,1533272.0,10245.0,5.84,16033.0,10245.0,-1.0,25218.0,0.0,1203338.0,20935.0,1234135464.0,36.0,23.53,29.37,0.94,1549307.0,False
300.0,a41351309b1ab4b5310538c23b8dec0e.param,1.0,0.0,0.0,61.482,1234135464.0,158e7784bf134438a812a8e22eb283ed,313045.0,1.0,0.0,29.976,7-34,114501.0,0.0,1533272.0,10245.0,5.9670000000000005,16033.0,10245.0,-1.0,25218.0,0.0,1203338.0,20935.0,1234135464.0,36.0,23.209,29.176,0.94,1549307.0,False
300.0,a41351309b1ab4b5310538c23b8dec0e.param,2.0,0.0,0.0,57.361000000000004,1234135464.0,158e7784bf134438a812a8e22eb283ed,313045.0,1.0,0.0,29.635,7-34,114501.0,0.0,1533272.0,10245.0,5.775,16033.0,10245.0,-1.0,25218.0,0.0,1203338.0,20935.0,1234135464.0,36.0,23.084,28.859,0.94,1549307.0,False
300.0,f96e501784f98c21890b02a2712e89bd.param,0.0,0.0,0.0,44.729,590654055.0,1f3b4c89a2dc20c81748bd47a5b75d56,107211.0,1.0,0.0,7.784,7-34,41152.0,0.0,1187133.0,6395.0,4.581,13245.0,6395.0,-1.0,13090.0,0.0,755085.0,17260.0,590654055.0,29.0,2.58,7.1610000000000005,0.63,1200380.0,False
300.0,f96e501784f98c21890b02a2712e89bd.param,1.0,0.0,0.0,47.928999999999995,590654055.0,1f3b4c89a2dc20c81748bd47a5b75d56,107211.0,1.0,0.0,8.128,7-34,41152.0,0.0,1187133.0,6395.0,4.552,13245.0,6395.0,-1.0,13090.0,0.0,755085.0,17260.0,590654055.0,29.0,2.719,7.271,0.63,1200380.0,False
300.0,f96e501784f98c21890b02a2712e89bd.param,2.0,0.0,0.0,45.059,590654055.0,1f3b4c89a2dc20c81748bd47a5b75d56,107211.0,1.0,0.0,7.7,7-34,41152.0,0.0,1187133.0,6395.0,4.511,13245.0,6395.0,-1.0,13090.0,0.0,755085.0,17260.0,590654055.0,29.0,2.573,7.084,0.63,1200380.0,False
300.0,0faee3ca8e450721dd5b73cb48656439.param,0.0,0.0,0.0,102.31299999999999,221638566.0,f5a1ac0c3eee5a5ab573224eb432b54b,285344.0,1.0,0.0,22.82800000000001,7-34,184191.0,0.0,2546907.0,6265.0,9.862,26354.0,6265.0,-1.0,17699.0,0.0,2401976.0,34611.0,221638566.0,28.0,11.591,21.453000000000007,0.94,2573263.0,False
300.0,0faee3ca8e450721dd5b73cb48656439.param,1.0,0.0,0.0,95.072,221638566.0,f5a1ac0c3eee5a5ab573224eb432b54b,285344.0,1.0,0.0,22.039,7-34,184191.0,0.0,2546907.0,6265.0,9.783,26354.0,6265.0,-1.0,17699.0,0.0,2401976.0,34611.0,221638566.0,28.0,10.962,20.745,0.94,2573263.0,False
300.0,0faee3ca8e450721dd5b73cb48656439.param,2.0,0.0,0.0,95.68,221638566.0,f5a1ac0c3eee5a5ab573224eb432b54b,285344.0,1.0,0.0,22.515,7-34,184191.0,0.0,2546907.0,6265.0,9.761000000000001,26354.0,6265.0,-1.0,17699.0,0.0,2401976.0,34611.0,221638566.0,28.0,11.347999999999999,21.109,0.94,2573263.0,False
300.0,573a8627b23c29141b9965518a1ea628.param,0.0,0.0,0.0,72.189,1057470620.0,e334f16fbc5f1f2500c262407ba9fb36,137606.0,1.0,0.0,28.285999999999998,7-34,48809.0,0.0,1833998.0,9771.0,7.1229999999999976,19177.0,9771.0,-1.0,13322.0,0.0,1068503.0,25078.0,1057470620.0,33.0,20.227,27.35,0.94,1853177.0,False
300.0,573a8627b23c29141b9965518a1ea628.param,1.0,0.0,0.0,72.33,1057470620.0,e334f16fbc5f1f2500c262407ba9fb36,137606.0,1.0,0.0,28.416999999999998,7-34,48809.0,0.0,1833998.0,9771.0,7.105,19177.0,9771.0,-1.0,13322.0,0.0,1068503.0,25078.0,1057470620.0,33.0,20.349,27.454,0.94,1853177.0,False
300.0,573a8627b23c29141b9965518a1ea628.param,2.0,0.0,0.0,71.947,1057470620.0,e334f16fbc5f1f2500c262407ba9fb36,137606.0,1.0,0.0,27.991999999999997,7-34,48809.0,0.0,1833998.0,9771.0,6.971,19177.0,9771.0,-1.0,13322.0,0.0,1068503.0,25078.0,1057470620.0,33.0,20.085,27.055999999999997,0.94,1853177.0,False
300.0,9feb6f2064b86f090bb3887f069a4d0d.param,0.0,0.0,0.0,60.861000000000004,1918631718.0,409110422c5a29b1eb8a014e5485cb50,1040883.0,1.0,0.0,49.88800000000001,7-34,757541.0,0.0,1620105.0,11200.0,6.143,15786.0,11200.0,-1.0,37606.0,0.0,1706998.0,20571.0,1918631718.0,40.0,42.909,49.052,0.94,1635893.0,False
300.0,9feb6f2064b86f090bb3887f069a4d0d.param,1.0,0.0,0.0,60.097,1918631718.0,409110422c5a29b1eb8a014e5485cb50,1040883.0,1.0,0.0,50.566,7-34,757541.0,0.0,1620105.0,11200.0,6.184,15786.0,11200.0,-1.0,37606.0,0.0,1706998.0,20571.0,1918631718.0,40.0,43.477,49.661,0.94,1635893.0,False
300.0,9feb6f2064b86f090bb3887f069a4d0d.param,2.0,0.0,0.0,60.308,1918631718.0,409110422c5a29b1eb8a014e5485cb50,1040883.0,1.0,0.0,50.62600000000001,7-34,757541.0,0.0,1620105.0,11200.0,6.349,15786.0,11200.0,-1.0,37606.0,0.0,1706998.0,20571.0,1918631718.0,40.0,43.386,49.735,0.94,1635893.0,False
300.0,3c59340fb353a585970ae15583e52dc2.param,0.0,0.0,0.0,58.48,1923385776.0,9c2ddcfe9e8376008ab5734ef27a75b4,415471.0,1.0,0.0,32.436,7-34,237931.0,0.0,1573357.0,9644.0,6.01,16803.0,9644.0,-1.0,18907.0,0.0,1373980.0,21992.0,1923385776.0,32.0,25.621,31.631,0.63,1590162.0,False
300.0,3c59340fb353a585970ae15583e52dc2.param,1.0,0.0,0.0,61.672,1923385776.0,9c2ddcfe9e8376008ab5734ef27a75b4,415471.0,1.0,0.0,32.843,7-34,237931.0,0.0,1573357.0,9644.0,6.059,16803.0,9644.0,-1.0,18907.0,0.0,1373980.0,21992.0,1923385776.0,32.0,25.903000000000002,31.962,0.63,1590162.0,False
300.0,3c59340fb353a585970ae15583e52dc2.param,2.0,0.0,0.0,58.294,1923385776.0,9c2ddcfe9e8376008ab5734ef27a75b4,415471.0,1.0,0.0,32.556,7-34,237931.0,0.0,1573357.0,9644.0,5.968,16803.0,9644.0,-1.0,18907.0,0.0,1373980.0,21992.0,1923385776.0,32.0,25.718000000000004,31.686,0.63,1590162.0,False
300.0,be934c0585611c7f00126ccfde3651ad.param,0.0,0.0,0.0,61.317,590654055.0,88f146623f6ebc568dd8382f8a86bbbc,544359.0,1.0,0.0,20.012999999999998,7-34,400027.0,0.0,1527161.0,6374.0,5.8389999999999995,15484.0,6374.0,-1.0,22306.0,0.0,1315666.0,20161.0,590654055.0,29.0,13.33,19.169,0.63,1542647.0,False
300.0,be934c0585611c7f00126ccfde3651ad.param,1.0,0.0,0.0,57.523999999999994,590654055.0,88f146623f6ebc568dd8382f8a86bbbc,544359.0,1.0,0.0,21.108,7-34,400027.0,0.0,1527161.0,6374.0,5.997000000000001,15484.0,6374.0,-1.0,22306.0,0.0,1315666.0,20161.0,590654055.0,29.0,14.017000000000001,20.014,0.63,1542647.0,False
300.0,be934c0585611c7f00126ccfde3651ad.param,2.0,0.0,0.0,60.783,590654055.0,88f146623f6ebc568dd8382f8a86bbbc,544359.0,1.0,0.0,19.873,7-34,400027.0,0.0,1527161.0,6374.0,5.773,15484.0,6374.0,-1.0,22306.0,0.0,1315666.0,20161.0,590654055.0,29.0,13.31,19.083,0.63,1542647.0,False
300.0,f8df5f5150968e8beed02c87bc2ab666.param,0.0,0.0,0.0,54.696999999999996,1258716603.0,46022db8b7cd6e4c79d7c5685a6538bb,361002.0,1.0,0.0,16.672,7-34,212108.0,0.0,1406902.0,6279.0,5.284,15873.0,6279.0,-1.0,16743.0,0.0,2001261.0,20767.0,1258716603.0,28.0,10.667,15.950999999999999,0.63,1422777.0,False
300.0,f8df5f5150968e8beed02c87bc2ab666.param,1.0,0.0,0.0,52.45399999999999,1258716603.0,46022db8b7cd6e4c79d7c5685a6538bb,361002.0,1.0,0.0,17.160999999999998,7-34,212108.0,0.0,1406902.0,6279.0,5.382999999999999,15873.0,6279.0,-1.0,16743.0,0.0,2001261.0,20767.0,1258716603.0,28.0,11.072000000000001,16.455,0.63,1422777.0,False
300.0,f8df5f5150968e8beed02c87bc2ab666.param,2.0,0.0,0.0,53.533,1258716603.0,46022db8b7cd6e4c79d7c5685a6538bb,361002.0,1.0,0.0,17.259,7-34,212108.0,0.0,1406902.0,6279.0,5.515,15873.0,6279.0,-1.0,16743.0,0.0,2001261.0,20767.0,1258716603.0,28.0,10.946,16.461,0.63,1422777.0,False
300.0,3202e56149cbd27d0de3bdbd879f81e3.param,0.0,0.0,0.0,12.51,83966730.0,3af95de497d65342b711ea0cd47ff9b1,53958.0,1.0,0.0,2.826,7-34,27048.0,0.0,314520.0,4194.0,1.172,3809.0,4194.0,-1.0,6094.0,0.0,338719.0,4807.0,83966730.0,17.0,1.462,2.634,0.28,318331.0,False
300.0,3202e56149cbd27d0de3bdbd879f81e3.param,1.0,0.0,0.0,13.909,83966730.0,3af95de497d65342b711ea0cd47ff9b1,53958.0,1.0,0.0,2.802,7-34,27048.0,0.0,314520.0,4194.0,1.186,3809.0,4194.0,-1.0,6094.0,0.0,338719.0,4807.0,83966730.0,17.0,1.423,2.609,0.28,318331.0,False
300.0,3202e56149cbd27d0de3bdbd879f81e3.param,2.0,0.0,0.0,13.94,83966730.0,3af95de497d65342b711ea0cd47ff9b1,53958.0,1.0,0.0,2.764,7-34,27048.0,0.0,314520.0,4194.0,1.1420000000000001,3809.0,4194.0,-1.0,6094.0,0.0,338719.0,4807.0,83966730.0,17.0,1.4280000000000002,2.57,0.28,318331.0,False
300.0,3df40218b019eea866b53a1349c0d0e2.param,0.0,0.0,0.0,16.58,1145031130.0,4e61d94c69239a36701eae492916ff95,100843.0,0.0,0.0,12.257,7-34,48007.0,0.0,26204.0,45036.0,0.21100000000000002,673.0,45036.0,-1.0,796.0,0.0,604836.0,775.0,1145031130.0,127.0,11.992,12.203,0.02,26879.0,False
300.0,3df40218b019eea866b53a1349c0d0e2.param,1.0,0.0,0.0,16.753,1145031130.0,4e61d94c69239a36701eae492916ff95,100843.0,0.0,0.0,13.008,7-34,48007.0,0.0,26204.0,45036.0,0.21100000000000002,673.0,45036.0,-1.0,796.0,0.0,604836.0,775.0,1145031130.0,127.0,12.735,12.946,0.02,26879.0,False
300.0,3df40218b019eea866b53a1349c0d0e2.param,2.0,0.0,0.0,16.129,1145031130.0,4e61d94c69239a36701eae492916ff95,100843.0,0.0,0.0,12.523,7-34,48007.0,0.0,26204.0,45036.0,0.209,673.0,45036.0,-1.0,796.0,0.0,604836.0,775.0,1145031130.0,127.0,12.259,12.468,0.02,26879.0,False
300.0,ebfb38d0b486754d6704faf1ad393db8.param,0.0,0.0,0.0,22.076999999999998,1234135464.0,5620f5aa2bc5af1144fd35a5a4ca5cd7,46048.0,1.0,0.0,3.302,7-34,16455.0,0.0,532736.0,6220.0,1.974,5692.0,6220.0,-1.0,3670.0,0.0,557682.0,7273.0,1234135464.0,28.0,1.014,2.988,0.28,538430.0,False
300.0,ebfb38d0b486754d6704faf1ad393db8.param,1.0,0.0,0.0,23.879,1234135464.0,5620f5aa2bc5af1144fd35a5a4ca5cd7,46048.0,1.0,0.0,3.312,7-34,16455.0,0.0,532736.0,6220.0,1.9869999999999999,5692.0,6220.0,-1.0,3670.0,0.0,557682.0,7273.0,1234135464.0,28.0,1.02,3.0069999999999997,0.28,538430.0,False
300.0,ebfb38d0b486754d6704faf1ad393db8.param,2.0,0.0,0.0,25.552,1234135464.0,5620f5aa2bc5af1144fd35a5a4ca5cd7,46048.0,1.0,0.0,3.321,7-34,16455.0,0.0,532736.0,6220.0,1.989,5692.0,6220.0,-1.0,3670.0,0.0,557682.0,7273.0,1234135464.0,28.0,1.026,3.015,0.28,538430.0,False
300.0,411eb8af67a987b6d330a3f7c487347c.param,0.0,0.0,0.0,14.839,1083416308.0,011b6d7421c4af6d43b420c848485a70,39346.0,1.0,0.0,2.247,7-34,7808.0,0.0,325836.0,4766.0,1.2009999999999998,4200.0,4766.0,-1.0,5981.0,0.0,419025.0,5317.0,1083416308.0,21.0,0.835,2.036,0.19,330038.0,False
300.0,411eb8af67a987b6d330a3f7c487347c.param,1.0,0.0,0.0,13.167,1083416308.0,011b6d7421c4af6d43b420c848485a70,39346.0,1.0,0.0,2.2769999999999997,7-34,7808.0,0.0,325836.0,4766.0,1.236,4200.0,4766.0,-1.0,5981.0,0.0,419025.0,5317.0,1083416308.0,21.0,0.828,2.064,0.19,330038.0,False
300.0,411eb8af67a987b6d330a3f7c487347c.param,2.0,0.0,0.0,14.037,1083416308.0,011b6d7421c4af6d43b420c848485a70,39346.0,1.0,0.0,2.296,7-34,7808.0,0.0,325836.0,4766.0,1.245,4200.0,4766.0,-1.0,5981.0,0.0,419025.0,5317.0,1083416308.0,21.0,0.84,2.085,0.19,330038.0,False
300.0,c561707c3f0ff054acd49c4f7f7f9eae.param,0.0,0.0,0.0,69.25399999999999,590654055.0,a9b37b2fd76856082f8e13c458e44024,161021.0,1.0,0.0,21.660999999999998,7-34,57463.0,0.0,1849718.0,10332.0,7.112,18565.0,10332.0,-1.0,14569.0,0.0,1190053.0,24274.0,590654055.0,37.0,13.527000000000001,20.639,0.94,1868285.0,False
300.0,c561707c3f0ff054acd49c4f7f7f9eae.param,1.0,0.0,0.0,72.26100000000002,590654055.0,a9b37b2fd76856082f8e13c458e44024,161021.0,1.0,0.0,21.63,7-34,57463.0,0.0,1849718.0,10332.0,7.1270000000000024,18565.0,10332.0,-1.0,14569.0,0.0,1190053.0,24274.0,590654055.0,37.0,13.495,20.622,0.94,1868285.0,False
300.0,c561707c3f0ff054acd49c4f7f7f9eae.param,2.0,0.0,0.0,74.408,590654055.0,a9b37b2fd76856082f8e13c458e44024,161021.0,1.0,0.0,22.11,7-34,57463.0,0.0,1849718.0,10332.0,7.132999999999999,18565.0,10332.0,-1.0,14569.0,0.0,1190053.0,24274.0,590654055.0,37.0,13.654000000000002,20.787,0.94,1868285.0,False
300.0,9847d0c027bbaccb1847a48fd98a95ac.param,0.0,0.0,0.0,22.43,1405409883.0,c2553409b572c875a68cc2f5725c0bc2,260102.0,1.0,0.0,8.677,7-34,156483.0,0.0,528614.0,6288.0,2.016,5473.0,6288.0,-1.0,15867.0,0.0,722464.0,6955.0,1405409883.0,28.0,6.357,8.373,0.42,534089.0,False
300.0,9847d0c027bbaccb1847a48fd98a95ac.param,1.0,0.0,0.0,23.56900000000001,1405409883.0,c2553409b572c875a68cc2f5725c0bc2,260102.0,1.0,0.0,8.902000000000003,7-34,156483.0,0.0,528614.0,6288.0,1.9780000000000002,5473.0,6288.0,-1.0,15867.0,0.0,722464.0,6955.0,1405409883.0,28.0,6.617000000000001,8.595,0.42,534089.0,False
300.0,9847d0c027bbaccb1847a48fd98a95ac.param,2.0,0.0,0.0,23.518,1405409883.0,c2553409b572c875a68cc2f5725c0bc2,260102.0,1.0,0.0,8.729,7-34,156483.0,0.0,528614.0,6288.0,1.9580000000000002,5473.0,6288.0,-1.0,15867.0,0.0,722464.0,6955.0,1405409883.0,28.0,6.46,8.418,0.42,534089.0,False
300.0,ff29c8f9c07b239fedaec27dbf4ce49d.param,0.0,0.0,0.0,29.264,34754393.0,99cbec28cd5faf8e8faef0774cfac456,379294.0,1.0,0.0,37.463,7-34,230927.0,0.0,720801.0,9643.0,2.7539999999999996,7701.0,9643.0,-1.0,24721.0,0.0,1021817.0,9840.0,34754393.0,32.0,34.149,36.903,0.63,728504.0,False
300.0,ff29c8f9c07b239fedaec27dbf4ce49d.param,1.0,0.0,0.0,30.802,34754393.0,99cbec28cd5faf8e8faef0774cfac456,379294.0,1.0,0.0,37.11,7-34,230927.0,0.0,720801.0,9643.0,2.7039999999999997,7701.0,9643.0,-1.0,24721.0,0.0,1021817.0,9840.0,34754393.0,32.0,33.981,36.685,0.63,728504.0,False
300.0,ff29c8f9c07b239fedaec27dbf4ce49d.param,2.0,0.0,0.0,29.638,34754393.0,99cbec28cd5faf8e8faef0774cfac456,379294.0,1.0,0.0,37.13,7-34,230927.0,0.0,720801.0,9643.0,2.7569999999999997,7701.0,9643.0,-1.0,24721.0,0.0,1021817.0,9840.0,34754393.0,32.0,33.952,36.709,0.63,728504.0,False
300.0,964d1ae550e8b1567ec8e3803e14c5da.param,0.0,0.0,0.0,37.843,693280077.0,b7ab10726455c37b51882922dfcffdc1,53215.0,1.0,0.0,4.912,7-34,18787.0,0.0,866306.0,4119.0,3.2760000000000002,12442.0,4119.0,-1.0,8158.0,0.0,466268.0,16183.0,693280077.0,17.0,1.1320000000000001,4.408,0.63,878750.0,False
300.0,964d1ae550e8b1567ec8e3803e14c5da.param,1.0,0.0,0.0,34.818000000000005,693280077.0,b7ab10726455c37b51882922dfcffdc1,53215.0,1.0,0.0,4.886,7-34,18787.0,0.0,866306.0,4119.0,3.2769999999999997,12442.0,4119.0,-1.0,8158.0,0.0,466268.0,16183.0,693280077.0,17.0,1.113,4.39,0.63,878750.0,False
300.0,964d1ae550e8b1567ec8e3803e14c5da.param,2.0,0.0,0.0,36.251,693280077.0,b7ab10726455c37b51882922dfcffdc1,53215.0,1.0,0.0,4.816,7-34,18787.0,0.0,866306.0,4119.0,3.2310000000000003,12442.0,4119.0,-1.0,8158.0,0.0,466268.0,16183.0,693280077.0,17.0,1.1079999999999999,4.3389999999999995,0.63,878750.0,False
300.0,f48c0154c055dd2d9e427d94e5cc96fd.param,0.0,0.0,0.0,50.261,1098776393.0,29052da3451921467dfc8a24260fe8f9,719897.0,1.0,0.0,36.586999999999996,7-34,466284.0,0.0,1253980.0,11201.0,4.742,12219.0,11201.0,-1.0,21815.0,0.0,1094380.0,15902.0,1098776393.0,40.0,31.174,35.916,0.63,1266201.0,False
300.0,f48c0154c055dd2d9e427d94e5cc96fd.param,1.0,0.0,0.0,48.756,1098776393.0,29052da3451921467dfc8a24260fe8f9,719897.0,1.0,0.0,37.045,7-34,466284.0,0.0,1253980.0,11201.0,4.806,12219.0,11201.0,-1.0,21815.0,0.0,1094380.0,15902.0,1098776393.0,40.0,31.33,36.135999999999996,0.63,1266201.0,False
300.0,f48c0154c055dd2d9e427d94e5cc96fd.param,2.0,0.0,0.0,47.558,1098776393.0,29052da3451921467dfc8a24260fe8f9,719897.0,1.0,0.0,36.833,7-34,466284.0,0.0,1253980.0,11201.0,4.743,12219.0,11201.0,-1.0,21815.0,0.0,1094380.0,15902.0,1098776393.0,40.0,31.426,36.169000000000004,0.63,1266201.0,False
300.0,813211425de754d47420bda81be7c3af.param,0.0,0.0,0.0,28.12,2028359165.0,27c7418855e82c447b5b8bae226995df,154646.0,1.0,0.0,6.645,7-34,89584.0,0.0,645138.0,5649.0,2.417,7809.0,5649.0,-1.0,11376.0,0.0,1065521.0,10097.0,2028359165.0,24.0,3.8739999999999997,6.291,0.42,652949.0,False
300.0,813211425de754d47420bda81be7c3af.param,1.0,0.0,0.0,27.50800000000001,2028359165.0,27c7418855e82c447b5b8bae226995df,154646.0,1.0,0.0,6.445,7-34,89584.0,0.0,645138.0,5649.0,2.3930000000000002,7809.0,5649.0,-1.0,11376.0,0.0,1065521.0,10097.0,2028359165.0,24.0,3.7030000000000003,6.096,0.42,652949.0,False
300.0,813211425de754d47420bda81be7c3af.param,2.0,0.0,0.0,28.409000000000002,2028359165.0,27c7418855e82c447b5b8bae226995df,154646.0,1.0,0.0,7.091,7-34,89584.0,0.0,645138.0,5649.0,2.642,7809.0,5649.0,-1.0,11376.0,0.0,1065521.0,10097.0,2028359165.0,24.0,4.074,6.716,0.42,652949.0,False
300.0,a1d4e09d3abf0a4eca987babbe1df4ca.param,0.0,0.0,0.0,4.941,1571287961.0,9621a0c59af204051642536af3900b4c,128284.0,1.0,0.0,3.895,7-34,83088.0,0.0,104144.0,10290.0,0.37799999999999995,1039.0,10290.0,-1.0,6412.0,0.0,881412.0,1036.0,1571287961.0,36.0,3.43,3.8080000000000003,0.19,105185.0,False
300.0,a1d4e09d3abf0a4eca987babbe1df4ca.param,1.0,0.0,0.0,4.7139999999999995,1571287961.0,9621a0c59af204051642536af3900b4c,128284.0,1.0,0.0,4.043,7-34,83088.0,0.0,104144.0,10290.0,0.363,1039.0,10290.0,-1.0,6412.0,0.0,881412.0,1036.0,1571287961.0,36.0,3.576,3.9389999999999996,0.19,105185.0,False
300.0,a1d4e09d3abf0a4eca987babbe1df4ca.param,2.0,0.0,0.0,4.967,1571287961.0,9621a0c59af204051642536af3900b4c,128284.0,1.0,0.0,3.9819999999999998,7-34,83088.0,0.0,104144.0,10290.0,0.396,1039.0,10290.0,-1.0,6412.0,0.0,881412.0,1036.0,1571287961.0,36.0,3.492,3.888,0.19,105185.0,False
300.0,9038037b7d7e09779716658ee51f043a.param,0.0,0.0,0.0,36.242,1470727592.0,27c4c6647cc3e7021ec3a49b9cee6c8f,97546.0,1.0,0.0,7.99,7-34,21851.0,0.0,886733.0,4633.0,3.362,12043.0,4633.0,-1.0,11153.0,0.0,503835.0,15712.0,1470727592.0,20.0,4.149,7.511,0.63,898778.0,False
300.0,9038037b7d7e09779716658ee51f043a.param,1.0,0.0,0.0,34.241,1470727592.0,27c4c6647cc3e7021ec3a49b9cee6c8f,97546.0,1.0,0.0,8.102,7-34,21851.0,0.0,886733.0,4633.0,3.365,12043.0,4633.0,-1.0,11153.0,0.0,503835.0,15712.0,1470727592.0,20.0,4.2360000000000015,7.601,0.63,898778.0,False
300.0,9038037b7d7e09779716658ee51f043a.param,2.0,0.0,0.0,34.955999999999996,1470727592.0,27c4c6647cc3e7021ec3a49b9cee6c8f,97546.0,1.0,0.0,8.347000000000001,7-34,21851.0,0.0,886733.0,4633.0,3.613,12043.0,4633.0,-1.0,11153.0,0.0,503835.0,15712.0,1470727592.0,20.0,4.202,7.815,0.63,898778.0,False
300.0,400673ca8ff3edef3535b5791da29758.param,0.0,0.0,0.0,27.166999999999998,1139903203.0,ee83575f3bb6ab7095e587d385cc6acb,51842.0,1.0,0.0,4.216,7-34,22495.0,0.0,701242.0,4665.0,2.6460000000000004,9273.0,4665.0,-1.0,6642.0,0.0,473157.0,12035.0,1139903203.0,20.0,1.155,3.801,0.42,710517.0,False
300.0,400673ca8ff3edef3535b5791da29758.param,1.0,0.0,0.0,27.561999999999998,1139903203.0,ee83575f3bb6ab7095e587d385cc6acb,51842.0,1.0,0.0,4.408,7-34,22495.0,0.0,701242.0,4665.0,2.701,9273.0,4665.0,-1.0,6642.0,0.0,473157.0,12035.0,1139903203.0,20.0,1.188,3.889,0.42,710517.0,False
300.0,400673ca8ff3edef3535b5791da29758.param,2.0,0.0,0.0,28.951999999999998,1139903203.0,ee83575f3bb6ab7095e587d385cc6acb,51842.0,1.0,0.0,4.32,7-34,22495.0,0.0,701242.0,4665.0,2.748,9273.0,4665.0,-1.0,6642.0,0.0,473157.0,12035.0,1139903203.0,20.0,1.1420000000000001,3.89,0.42,710517.0,False
300.0,1ec21c7d8e15d35901cd608efade836b.param,0.0,0.0,0.0,8.972000000000003,1802391418.0,0cad310ff2779f0f8e3571c560526e7a,185449.0,1.0,0.0,4.1739999999999995,7-34,113115.0,0.0,189220.0,6276.0,0.68,1982.0,6276.0,-1.0,12101.0,0.0,840566.0,2347.0,1802391418.0,28.0,3.359,4.039,0.42,191204.0,False
300.0,1ec21c7d8e15d35901cd608efade836b.param,1.0,0.0,0.0,9.026,1802391418.0,0cad310ff2779f0f8e3571c560526e7a,185449.0,1.0,0.0,4.227,7-34,113115.0,0.0,189220.0,6276.0,0.757,1982.0,6276.0,-1.0,12101.0,0.0,840566.0,2347.0,1802391418.0,28.0,3.338,4.095,0.42,191204.0,False
300.0,1ec21c7d8e15d35901cd608efade836b.param,2.0,0.0,0.0,9.01,1802391418.0,0cad310ff2779f0f8e3571c560526e7a,185449.0,1.0,0.0,4.147,7-34,113115.0,0.0,189220.0,6276.0,0.682,1982.0,6276.0,-1.0,12101.0,0.0,840566.0,2347.0,1802391418.0,28.0,3.318,4.0,0.42,191204.0,False
300.0,2389afb57cc1c7542bfddc76320706af.param,0.0,0.0,0.0,35.019,1405409883.0,3e97c30078b55cec058103108b9d4c4b,62505.0,1.0,0.0,9.363,7-34,10365.0,0.0,929595.0,4118.0,3.515,13161.0,4118.0,-1.0,10047.0,0.0,1100102.0,17186.0,1405409883.0,17.0,5.314,8.829,0.63,942758.0,False
300.0,2389afb57cc1c7542bfddc76320706af.param,1.0,0.0,0.0,39.05,1405409883.0,3e97c30078b55cec058103108b9d4c4b,62505.0,1.0,0.0,9.406,7-34,10365.0,0.0,929595.0,4118.0,3.5260000000000002,13161.0,4118.0,-1.0,10047.0,0.0,1100102.0,17186.0,1405409883.0,17.0,5.359,8.885,0.63,942758.0,False
300.0,2389afb57cc1c7542bfddc76320706af.param,2.0,0.0,0.0,36.41,1405409883.0,3e97c30078b55cec058103108b9d4c4b,62505.0,1.0,0.0,9.282,7-34,10365.0,0.0,929595.0,4118.0,3.53,13161.0,4118.0,-1.0,10047.0,0.0,1100102.0,17186.0,1405409883.0,17.0,5.232,8.762,0.63,942758.0,False
300.0,82716a7451af0bb025940cb2be8712d2.param,0.0,0.0,0.0,14.157,1802391418.0,3b6b31843cb276ae0efb37c6040ecb09,138894.0,1.0,0.0,5.1979999999999995,7-34,80079.0,0.0,314629.0,5638.0,1.157,3857.0,5638.0,-1.0,10328.0,0.0,521816.0,4868.0,1802391418.0,24.0,3.843,5.0,0.42,318488.0,False
300.0,82716a7451af0bb025940cb2be8712d2.param,1.0,0.0,0.0,13.395,1802391418.0,3b6b31843cb276ae0efb37c6040ecb09,138894.0,1.0,0.0,5.337999999999999,7-34,80079.0,0.0,314629.0,5638.0,1.155,3857.0,5638.0,-1.0,10328.0,0.0,521816.0,4868.0,1802391418.0,24.0,3.968,5.122999999999998,0.42,318488.0,False
300.0,82716a7451af0bb025940cb2be8712d2.param,2.0,0.0,0.0,14.110999999999999,1802391418.0,3b6b31843cb276ae0efb37c6040ecb09,138894.0,1.0,0.0,5.251,7-34,80079.0,0.0,314629.0,5638.0,1.158,3857.0,5638.0,-1.0,10328.0,0.0,521816.0,4868.0,1802391418.0,24.0,3.884,5.042,0.42,318488.0,False
300.0,8e69ece5afd42db3ce1e7ed475eaaf08.param,0.0,0.0,0.0,31.97,1979567522.0,4f8835b787dacc969d75db2cd7bf7a57,221284.0,1.0,0.0,10.32,7-34,135093.0,0.0,829910.0,4635.0,3.208,11272.0,4635.0,-1.0,15520.0,0.0,702181.0,14653.0,1979567522.0,20.0,6.649,9.857000000000001,0.63,841184.0,False
300.0,8e69ece5afd42db3ce1e7ed475eaaf08.param,1.0,0.0,0.0,34.494,1979567522.0,4f8835b787dacc969d75db2cd7bf7a57,221284.0,1.0,0.0,10.141,7-34,135093.0,0.0,829910.0,4635.0,3.1639999999999997,11272.0,4635.0,-1.0,15520.0,0.0,702181.0,14653.0,1979567522.0,20.0,6.522,9.686,0.63,841184.0,False
300.0,8e69ece5afd42db3ce1e7ed475eaaf08.param,2.0,0.0,0.0,35.98699999999999,1979567522.0,4f8835b787dacc969d75db2cd7bf7a57,221284.0,1.0,0.0,10.164,7-34,135093.0,0.0,829910.0,4635.0,3.142,11272.0,4635.0,-1.0,15520.0,0.0,702181.0,14653.0,1979567522.0,20.0,6.559,9.701,0.63,841184.0,False
300.0,589bbf864478462408d49f56b3acebc9.param,0.0,0.0,0.0,46.417,182366586.0,4b00b639bac8b24c334f242baf964552,101457.0,1.0,0.0,7.537000000000001,7-34,37335.0,0.0,1239908.0,6287.0,4.716,14149.0,6287.0,-1.0,15430.0,0.0,862009.0,18481.0,182366586.0,28.0,2.133,6.849,0.63,1254059.0,False
300.0,589bbf864478462408d49f56b3acebc9.param,1.0,0.0,0.0,52.381,182366586.0,4b00b639bac8b24c334f242baf964552,101457.0,1.0,0.0,8.068999999999999,7-34,37335.0,0.0,1239908.0,6287.0,5.016,14149.0,6287.0,-1.0,15430.0,0.0,862009.0,18481.0,182366586.0,28.0,2.326,7.3420000000000005,0.63,1254059.0,False
300.0,589bbf864478462408d49f56b3acebc9.param,2.0,0.0,0.0,49.49800000000001,182366586.0,4b00b639bac8b24c334f242baf964552,101457.0,1.0,0.0,8.09,7-34,37335.0,0.0,1239908.0,6287.0,4.89,14149.0,6287.0,-1.0,15430.0,0.0,862009.0,18481.0,182366586.0,28.0,2.355,7.245,0.63,1254059.0,False
300.0,911e1a0f8b4680f2864fa59b12973cad.param,0.0,0.0,0.0,39.168,1145031130.0,dd17c53a12482e46f93ef7f0bd301457,98580.0,1.0,0.0,15.165999999999999,7-34,10952.0,0.0,989402.0,4118.0,3.775,14009.0,4118.0,-1.0,17056.0,0.0,1417661.0,18191.0,1145031130.0,17.0,10.83,14.605,0.63,1003413.0,False
300.0,911e1a0f8b4680f2864fa59b12973cad.param,1.0,0.0,0.0,41.056000000000004,1145031130.0,dd17c53a12482e46f93ef7f0bd301457,98580.0,1.0,0.0,15.445,7-34,10952.0,0.0,989402.0,4118.0,3.989,14009.0,4118.0,-1.0,17056.0,0.0,1417661.0,18191.0,1145031130.0,17.0,10.73,14.719000000000001,0.63,1003413.0,False
300.0,911e1a0f8b4680f2864fa59b12973cad.param,2.0,0.0,0.0,42.453,1145031130.0,dd17c53a12482e46f93ef7f0bd301457,98580.0,1.0,0.0,14.850999999999999,7-34,10952.0,0.0,989402.0,4118.0,3.767,14009.0,4118.0,-1.0,17056.0,0.0,1417661.0,18191.0,1145031130.0,17.0,10.552,14.319,0.63,1003413.0,False
300.0,5c79d1d9a7223b0aa7f24b9abb13ee2f.param,0.0,0.0,0.0,68.57300000000001,1923385776.0,5b4602e2105c05f86a85aac63ea46e6b,434649.0,1.0,0.0,27.026,7-34,282558.0,0.0,1815806.0,9601.0,6.99,19601.0,9601.0,-1.0,20249.0,0.0,2412204.0,25695.0,1923385776.0,32.0,19.129,26.119,0.94,1835409.0,False
300.0,5c79d1d9a7223b0aa7f24b9abb13ee2f.param,1.0,0.0,0.0,72.917,1923385776.0,5b4602e2105c05f86a85aac63ea46e6b,434649.0,1.0,0.0,27.66800000000001,7-34,282558.0,0.0,1815806.0,9601.0,7.098,19601.0,9601.0,-1.0,20249.0,0.0,2412204.0,25695.0,1923385776.0,32.0,19.586,26.684,0.94,1835409.0,False
300.0,5c79d1d9a7223b0aa7f24b9abb13ee2f.param,2.0,0.0,0.0,66.673,1923385776.0,5b4602e2105c05f86a85aac63ea46e6b,434649.0,1.0,0.0,27.276999999999997,7-34,282558.0,0.0,1815806.0,9601.0,7.0829999999999975,19601.0,9601.0,-1.0,20249.0,0.0,2412204.0,25695.0,1923385776.0,32.0,19.255,26.338,0.94,1835409.0,False
300.0,356667c28689cc2615ddddc6ad11e53e.param,0.0,0.0,0.0,77.86,693280077.0,d36411bf785327a246788a5469d93b05,1427786.0,1.0,0.0,29.41800000000001,7-34,1237069.0,0.0,1949255.0,5639.0,7.47,21506.0,5639.0,-1.0,25942.0,0.0,1985801.0,28159.0,693280077.0,24.0,20.901999999999997,28.372,0.94,1970763.0,False
300.0,356667c28689cc2615ddddc6ad11e53e.param,1.0,0.0,0.0,73.415,693280077.0,d36411bf785327a246788a5469d93b05,1427786.0,1.0,0.0,29.695999999999998,7-34,1237069.0,0.0,1949255.0,5639.0,7.535,21506.0,5639.0,-1.0,25942.0,0.0,1985801.0,28159.0,693280077.0,24.0,21.035,28.57,0.94,1970763.0,False
300.0,356667c28689cc2615ddddc6ad11e53e.param,2.0,0.0,0.0,77.171,693280077.0,d36411bf785327a246788a5469d93b05,1427786.0,1.0,0.0,29.474,7-34,1237069.0,0.0,1949255.0,5639.0,7.562,21506.0,5639.0,-1.0,25942.0,0.0,1985801.0,28159.0,693280077.0,24.0,20.819000000000006,28.381,0.94,1970763.0,False
300.0,9f516f1949bb094c061b924b07b9239e.param,0.0,0.0,0.0,26.82800000000001,1234135464.0,0201d9b4dd2a248f11d2dac90ac6a155,58231.0,1.0,0.0,4.479,7-34,30475.0,0.0,616978.0,5728.0,2.3280000000000003,7379.0,5728.0,-1.0,4789.0,0.0,528794.0,9532.0,1234135464.0,25.0,1.787,4.115,0.28,624359.0,False
300.0,9f516f1949bb094c061b924b07b9239e.param,1.0,0.0,0.0,26.18,1234135464.0,0201d9b4dd2a248f11d2dac90ac6a155,58231.0,1.0,0.0,4.489,7-34,30475.0,0.0,616978.0,5728.0,2.33,7379.0,5728.0,-1.0,4789.0,0.0,528794.0,9532.0,1234135464.0,25.0,1.801,4.131,0.28,624359.0,False
300.0,9f516f1949bb094c061b924b07b9239e.param,2.0,0.0,0.0,25.153000000000002,1234135464.0,0201d9b4dd2a248f11d2dac90ac6a155,58231.0,1.0,0.0,4.58,7-34,30475.0,0.0,616978.0,5728.0,2.3369999999999997,7379.0,5728.0,-1.0,4789.0,0.0,528794.0,9532.0,1234135464.0,25.0,1.87,4.207,0.28,624359.0,False
300.0,6074526f967671a9c7cc808bdb4dbadb.param,0.0,0.0,0.0,70.358,1470727592.0,d8a09c2a479b08d7c23035aa66555dc5,317866.0,1.0,0.0,22.765,7-34,169893.0,0.0,1926203.0,10332.0,7.456,19528.0,10332.0,-1.0,17402.0,0.0,1602745.0,25597.0,1470727592.0,37.0,14.283,21.739,0.94,1945733.0,False
300.0,6074526f967671a9c7cc808bdb4dbadb.param,1.0,0.0,0.0,74.945,1470727592.0,d8a09c2a479b08d7c23035aa66555dc5,317866.0,1.0,0.0,24.288,7-34,169893.0,0.0,1926203.0,10332.0,7.548999999999999,19528.0,10332.0,-1.0,17402.0,0.0,1602745.0,25597.0,1470727592.0,37.0,15.339,22.888,0.94,1945733.0,False
300.0,6074526f967671a9c7cc808bdb4dbadb.param,2.0,0.0,0.0,78.45,1470727592.0,d8a09c2a479b08d7c23035aa66555dc5,317866.0,1.0,0.0,23.025,7-34,169893.0,0.0,1926203.0,10332.0,7.499,19528.0,10332.0,-1.0,17402.0,0.0,1602745.0,25597.0,1470727592.0,37.0,14.47,21.969,0.94,1945733.0,False
300.0,3631b5ebf342811f42ca903194874739.param,0.0,0.0,0.0,22.316,254168822.0,7cca968d8e0bc1b5707d39997e7259d6,138211.0,1.0,0.0,6.382999999999999,7-34,61053.0,0.0,499213.0,6279.0,1.87,5699.0,6279.0,-1.0,11396.0,0.0,682230.0,7292.0,254168822.0,28.0,4.207,6.077000000000001,0.42,504914.0,False
300.0,3631b5ebf342811f42ca903194874739.param,1.0,0.0,0.0,20.659000000000002,254168822.0,7cca968d8e0bc1b5707d39997e7259d6,138211.0,1.0,0.0,6.2589999999999995,7-34,61053.0,0.0,499213.0,6279.0,1.861,5699.0,6279.0,-1.0,11396.0,0.0,682230.0,7292.0,254168822.0,28.0,4.105,5.966,0.42,504914.0,False
300.0,3631b5ebf342811f42ca903194874739.param,2.0,0.0,0.0,22.105,254168822.0,7cca968d8e0bc1b5707d39997e7259d6,138211.0,1.0,0.0,6.367000000000001,7-34,61053.0,0.0,499213.0,6279.0,1.889,5699.0,6279.0,-1.0,11396.0,0.0,682230.0,7292.0,254168822.0,28.0,4.167,6.056,0.42,504914.0,False
300.0,7ee038a2d306328bf29f3cc3ddd33ea0.param,0.0,0.0,0.0,66.867,2050821110.0,c6425e8aa2a443e4649d57c7d9437061,694815.0,1.0,0.0,35.24,7-34,509340.0,0.0,1605453.0,10333.0,6.242000000000001,16277.0,10333.0,-1.0,23087.0,0.0,1936636.0,21272.0,2050821110.0,37.0,28.163,34.405,0.63,1621732.0,False
300.0,7ee038a2d306328bf29f3cc3ddd33ea0.param,1.0,0.0,0.0,60.415,2050821110.0,c6425e8aa2a443e4649d57c7d9437061,694815.0,1.0,0.0,35.28,7-34,509340.0,0.0,1605453.0,10333.0,6.1579999999999995,16277.0,10333.0,-1.0,23087.0,0.0,1936636.0,21272.0,2050821110.0,37.0,28.204,34.361999999999995,0.63,1621732.0,False
300.0,7ee038a2d306328bf29f3cc3ddd33ea0.param,2.0,0.0,0.0,61.56,2050821110.0,c6425e8aa2a443e4649d57c7d9437061,694815.0,1.0,0.0,36.007,7-34,509340.0,0.0,1605453.0,10333.0,6.194,16277.0,10333.0,-1.0,23087.0,0.0,1936636.0,21272.0,2050821110.0,37.0,28.63300000000001,34.827,0.63,1621732.0,False
300.0,a38985b17ca7f54344b29181a8584654.param,0.0,0.0,0.0,39.650999999999996,221638566.0,1edb7b9a651795a2ca0b6f5b218313bb,73346.0,1.0,0.0,9.946,7-34,17988.0,0.0,1019912.0,4000.0,3.865,15540.0,4000.0,-1.0,12176.0,0.0,762863.0,20249.0,221638566.0,16.0,5.399,9.264,0.63,1035454.0,False
300.0,a38985b17ca7f54344b29181a8584654.param,1.0,0.0,0.0,39.475,221638566.0,1edb7b9a651795a2ca0b6f5b218313bb,73346.0,1.0,0.0,9.996,7-34,17988.0,0.0,1019912.0,4000.0,3.83,15540.0,4000.0,-1.0,12176.0,0.0,762863.0,20249.0,221638566.0,16.0,5.593,9.423,0.63,1035454.0,False
300.0,a38985b17ca7f54344b29181a8584654.param,2.0,0.0,0.0,43.474,221638566.0,1edb7b9a651795a2ca0b6f5b218313bb,73346.0,1.0,0.0,9.918,7-34,17988.0,0.0,1019912.0,4000.0,3.8930000000000002,15540.0,4000.0,-1.0,12176.0,0.0,762863.0,20249.0,221638566.0,16.0,5.438,9.331,0.63,1035454.0,False
300.0,a37d28d43d69aa0103e8f6c03a25328d.param,0.0,0.0,0.0,10.22,1057470620.0,501beb2f8884212889948d715c32c4bc,242537.0,1.0,0.0,13.749,7-34,128547.0,0.0,220418.0,9790.0,0.807,2091.0,9790.0,-1.0,17880.0,0.0,1054958.0,2362.0,1057470620.0,33.0,12.793,13.6,0.63,222511.0,False
300.0,a37d28d43d69aa0103e8f6c03a25328d.param,1.0,0.0,0.0,10.075,1057470620.0,501beb2f8884212889948d715c32c4bc,242537.0,1.0,0.0,13.478,7-34,128547.0,0.0,220418.0,9790.0,0.804,2091.0,9790.0,-1.0,17880.0,0.0,1054958.0,2362.0,1057470620.0,33.0,12.513,13.317,0.63,222511.0,False
300.0,a37d28d43d69aa0103e8f6c03a25328d.param,2.0,0.0,0.0,10.664000000000001,1057470620.0,501beb2f8884212889948d715c32c4bc,242537.0,1.0,0.0,13.424000000000001,7-34,128547.0,0.0,220418.0,9790.0,0.8340000000000001,2091.0,9790.0,-1.0,17880.0,0.0,1054958.0,2362.0,1057470620.0,33.0,12.429,13.263,0.63,222511.0,False
300.0,bebd2cfe5e0562ebe11dc365507fd898.param,0.0,0.0,0.0,33.675,372553220.0,41c259323a90986bccd9bfa2a0a5dd37,168823.0,1.0,0.0,7.256,7-34,50096.0,0.0,773294.0,11342.0,2.931,7393.0,11342.0,-1.0,18288.0,0.0,948753.0,9460.0,372553220.0,41.0,3.887,6.818,0.63,780689.0,False
300.0,bebd2cfe5e0562ebe11dc365507fd898.param,1.0,0.0,0.0,32.172,372553220.0,41c259323a90986bccd9bfa2a0a5dd37,168823.0,1.0,0.0,7.335,7-34,50096.0,0.0,773294.0,11342.0,2.929,7393.0,11342.0,-1.0,18288.0,0.0,948753.0,9460.0,372553220.0,41.0,3.972,6.901,0.63,780689.0,False
300.0,bebd2cfe5e0562ebe11dc365507fd898.param,2.0,0.0,0.0,32.665,372553220.0,41c259323a90986bccd9bfa2a0a5dd37,168823.0,1.0,0.0,7.643,7-34,50096.0,0.0,773294.0,11342.0,3.112,7393.0,11342.0,-1.0,18288.0,0.0,948753.0,9460.0,372553220.0,41.0,4.081,7.193,0.63,780689.0,False
300.0,9d8011d62fbdace0c9682b0a56eb9c1a.param,0.0,0.0,0.0,16.253,475179535.0,bc78806c2449f77d826f65239a70c27c,159883.0,1.0,0.0,7.9,7-34,75778.0,0.0,354704.0,6357.0,1.3530000000000002,4005.0,6357.0,-1.0,13346.0,0.0,939578.0,5025.0,475179535.0,29.0,6.331,7.684,0.42,358711.0,False
300.0,9d8011d62fbdace0c9682b0a56eb9c1a.param,1.0,0.0,0.0,15.294,475179535.0,bc78806c2449f77d826f65239a70c27c,159883.0,1.0,0.0,8.135,7-34,75778.0,0.0,354704.0,6357.0,1.3319999999999999,4005.0,6357.0,-1.0,13346.0,0.0,939578.0,5025.0,475179535.0,29.0,6.513,7.845,0.42,358711.0,False
300.0,9d8011d62fbdace0c9682b0a56eb9c1a.param,2.0,0.0,0.0,15.719000000000001,475179535.0,bc78806c2449f77d826f65239a70c27c,159883.0,1.0,0.0,8.323,7-34,75778.0,0.0,354704.0,6357.0,1.314,4005.0,6357.0,-1.0,13346.0,0.0,939578.0,5025.0,475179535.0,29.0,6.733,8.047,0.42,358711.0,False
300.0,d0799a9d39f0850315a55b0ab4917638.param,0.0,0.0,0.0,47.61,1918631718.0,0b3ed63772975ff5b061873b2fee755a,170750.0,1.0,0.0,10.890999999999998,7-34,63579.0,0.0,1137518.0,6201.0,4.303999999999999,13441.0,6201.0,-1.0,16035.0,0.0,1331908.0,17533.0,1918631718.0,28.0,5.742999999999999,10.047,0.63,1150961.0,False
300.0,d0799a9d39f0850315a55b0ab4917638.param,1.0,0.0,0.0,46.669,1918631718.0,0b3ed63772975ff5b061873b2fee755a,170750.0,1.0,0.0,10.565999999999999,7-34,63579.0,0.0,1137518.0,6201.0,4.355,13441.0,6201.0,-1.0,16035.0,0.0,1331908.0,17533.0,1918631718.0,28.0,5.521,9.876,0.63,1150961.0,False
300.0,d0799a9d39f0850315a55b0ab4917638.param,2.0,0.0,0.0,47.441,1918631718.0,0b3ed63772975ff5b061873b2fee755a,170750.0,1.0,0.0,10.397,7-34,63579.0,0.0,1137518.0,6201.0,4.333,13441.0,6201.0,-1.0,16035.0,0.0,1331908.0,17533.0,1918631718.0,28.0,5.38,9.713,0.63,1150961.0,False
300.0,c0ddd6d536dd36939b31e12d969323ca.param,0.0,0.0,0.0,15.692,1405409883.0,0eef51c3d274d1084215ec57d0ea253a,115384.0,1.0,0.0,10.886,7-34,43211.0,0.0,339904.0,10369.0,1.27,3221.0,10369.0,-1.0,16493.0,0.0,1088034.0,3953.0,1405409883.0,37.0,9.346,10.616,0.42,343127.0,False
300.0,c0ddd6d536dd36939b31e12d969323ca.param,1.0,0.0,0.0,14.929,1405409883.0,0eef51c3d274d1084215ec57d0ea253a,115384.0,1.0,0.0,10.681,7-34,43211.0,0.0,339904.0,10369.0,1.258,3221.0,10369.0,-1.0,16493.0,0.0,1088034.0,3953.0,1405409883.0,37.0,9.217,10.475,0.42,343127.0,False
300.0,c0ddd6d536dd36939b31e12d969323ca.param,2.0,0.0,0.0,15.544,1405409883.0,0eef51c3d274d1084215ec57d0ea253a,115384.0,1.0,0.0,10.61,7-34,43211.0,0.0,339904.0,10369.0,1.256,3221.0,10369.0,-1.0,16493.0,0.0,1088034.0,3953.0,1405409883.0,37.0,9.149,10.405,0.42,343127.0,False
300.0,880c13fc9e1ae18f82e743ba707577a8.param,0.0,0.0,0.0,46.996,1923385776.0,e589870bef9545f775b3abb7daf76f8c,48701.0,1.0,0.0,6.233,7-34,17796.0,0.0,1132502.0,4119.0,4.276,15809.0,4119.0,-1.0,10344.0,0.0,470743.0,20697.0,1923385776.0,17.0,1.329,5.605,0.63,1148313.0,False
300.0,880c13fc9e1ae18f82e743ba707577a8.param,1.0,0.0,0.0,44.078,1923385776.0,e589870bef9545f775b3abb7daf76f8c,48701.0,1.0,0.0,6.206,7-34,17796.0,0.0,1132502.0,4119.0,4.29,15809.0,4119.0,-1.0,10344.0,0.0,470743.0,20697.0,1923385776.0,17.0,1.318,5.608,0.63,1148313.0,False
300.0,880c13fc9e1ae18f82e743ba707577a8.param,2.0,0.0,0.0,44.592,1923385776.0,e589870bef9545f775b3abb7daf76f8c,48701.0,1.0,0.0,6.731,7-34,17796.0,0.0,1132502.0,4119.0,4.419,15809.0,4119.0,-1.0,10344.0,0.0,470743.0,20697.0,1923385776.0,17.0,1.528,5.947,0.63,1148313.0,False
300.0,8ee114f3baa9833ce2ff8acd1c2f17dc.param,0.0,0.0,0.0,36.293,1242281828.0,e0d3eb47ee3241f209ef6e58b396b599,125089.0,1.0,0.0,9.059,7-34,30420.0,0.0,904809.0,5602.0,3.48,11363.0,5602.0,-1.0,14062.0,0.0,636789.0,14800.0,1242281828.0,24.0,5.015,8.495,0.42,916174.0,False
300.0,8ee114f3baa9833ce2ff8acd1c2f17dc.param,1.0,0.0,0.0,35.355,1242281828.0,e0d3eb47ee3241f209ef6e58b396b599,125089.0,1.0,0.0,9.34,7-34,30420.0,0.0,904809.0,5602.0,3.571,11363.0,5602.0,-1.0,14062.0,0.0,636789.0,14800.0,1242281828.0,24.0,5.175,8.746,0.42,916174.0,False
300.0,8ee114f3baa9833ce2ff8acd1c2f17dc.param,2.0,0.0,0.0,35.91,1242281828.0,e0d3eb47ee3241f209ef6e58b396b599,125089.0,1.0,0.0,8.982000000000003,7-34,30420.0,0.0,904809.0,5602.0,3.47,11363.0,5602.0,-1.0,14062.0,0.0,636789.0,14800.0,1242281828.0,24.0,4.992,8.462,0.42,916174.0,False
300.0,1a9658e08918a7701123bae3cad3fdfa.param,0.0,0.0,0.0,24.623,2136253402.0,c267c0792cab3829dee24f90462eb5ca,365484.0,1.0,0.0,21.335,7-34,218174.0,0.0,550409.0,10375.0,2.138,5527.0,10375.0,-1.0,18554.0,0.0,1177777.0,7024.0,2136253402.0,37.0,18.873,21.011,0.63,555938.0,False
300.0,1a9658e08918a7701123bae3cad3fdfa.param,1.0,0.0,0.0,24.354,2136253402.0,c267c0792cab3829dee24f90462eb5ca,365484.0,1.0,0.0,21.471,7-34,218174.0,0.0,550409.0,10375.0,2.0540000000000003,5527.0,10375.0,-1.0,18554.0,0.0,1177777.0,7024.0,2136253402.0,37.0,18.984,21.038,0.63,555938.0,False
300.0,1a9658e08918a7701123bae3cad3fdfa.param,2.0,0.0,0.0,23.25800000000001,2136253402.0,c267c0792cab3829dee24f90462eb5ca,365484.0,1.0,0.0,21.8,7-34,218174.0,0.0,550409.0,10375.0,2.09,5527.0,10375.0,-1.0,18554.0,0.0,1177777.0,7024.0,2136253402.0,37.0,19.359,21.449,0.63,555938.0,False
300.0,3d9e7b6df6df75811f47376afe3f163c.param,0.0,0.0,0.0,17.816,1918631718.0,ce9ff2cca2b048b0181bb76828167b7d,260252.0,1.0,0.0,5.8320000000000025,7-34,176648.0,0.0,406440.0,6360.0,1.5219999999999998,4538.0,6360.0,-1.0,18709.0,0.0,807241.0,5675.0,1918631718.0,29.0,4.07,5.5920000000000005,0.63,410980.0,False
300.0,3d9e7b6df6df75811f47376afe3f163c.param,1.0,0.0,0.0,17.918,1918631718.0,ce9ff2cca2b048b0181bb76828167b7d,260252.0,1.0,0.0,5.761,7-34,176648.0,0.0,406440.0,6360.0,1.5659999999999998,4538.0,6360.0,-1.0,18709.0,0.0,807241.0,5675.0,1918631718.0,29.0,3.9389999999999996,5.505,0.63,410980.0,False
300.0,3d9e7b6df6df75811f47376afe3f163c.param,2.0,0.0,0.0,17.099,1918631718.0,ce9ff2cca2b048b0181bb76828167b7d,260252.0,1.0,0.0,5.718,7-34,176648.0,0.0,406440.0,6360.0,1.569,4538.0,6360.0,-1.0,18709.0,0.0,807241.0,5675.0,1918631718.0,29.0,3.9,5.468999999999999,0.63,410980.0,False
300.0,ecf255cfa79dc1390125d72e88196842.param,0.0,0.0,0.0,28.541,2050821110.0,a00a7e0296c0d22265078339d02143f5,124518.0,1.0,0.0,12.78,7-34,58771.0,0.0,705120.0,10291.0,2.72,7151.0,10291.0,-1.0,10881.0,0.0,1182833.0,9194.0,2050821110.0,36.0,9.658,12.378,0.42,712273.0,False
300.0,ecf255cfa79dc1390125d72e88196842.param,1.0,0.0,0.0,28.39,2050821110.0,a00a7e0296c0d22265078339d02143f5,124518.0,1.0,0.0,12.404000000000002,7-34,58771.0,0.0,705120.0,10291.0,2.6289999999999996,7151.0,10291.0,-1.0,10881.0,0.0,1182833.0,9194.0,2050821110.0,36.0,9.363999999999999,11.993,0.42,712273.0,False
300.0,ecf255cfa79dc1390125d72e88196842.param,2.0,0.0,0.0,31.254,2050821110.0,a00a7e0296c0d22265078339d02143f5,124518.0,1.0,0.0,12.422,7-34,58771.0,0.0,705120.0,10291.0,2.6839999999999997,7151.0,10291.0,-1.0,10881.0,0.0,1182833.0,9194.0,2050821110.0,36.0,9.309,11.993,0.42,712273.0,False
300.0,f607d46ec11afe04a6635e1e747bca97.param,0.0,0.0,0.0,7.544,823094821.0,bf05f52fd696a1fc66177ff2952b54fe,37070.0,1.0,0.0,2.0380000000000003,7-34,6577.0,0.0,155300.0,4765.0,0.556,2005.0,4765.0,-1.0,6059.0,0.0,492045.0,2329.0,823094821.0,21.0,1.34,1.896,0.28,157307.0,False
300.0,f607d46ec11afe04a6635e1e747bca97.param,1.0,0.0,0.0,7.394,823094821.0,bf05f52fd696a1fc66177ff2952b54fe,37070.0,1.0,0.0,2.073,7-34,6577.0,0.0,155300.0,4765.0,0.5529999999999999,2005.0,4765.0,-1.0,6059.0,0.0,492045.0,2329.0,823094821.0,21.0,1.403,1.956,0.28,157307.0,False
300.0,f607d46ec11afe04a6635e1e747bca97.param,2.0,0.0,0.0,7.275,823094821.0,bf05f52fd696a1fc66177ff2952b54fe,37070.0,1.0,0.0,1.963,7-34,6577.0,0.0,155300.0,4765.0,0.552,2005.0,4765.0,-1.0,6059.0,0.0,492045.0,2329.0,823094821.0,21.0,1.294,1.8459999999999999,0.28,157307.0,False
300.0,8918e76cfcec0657c7d7950a1794604c.param,0.0,0.0,0.0,37.157,34754393.0,973d048292615eb03af6da1abae307bf,801373.0,1.0,0.0,25.784000000000002,7-34,678190.0,0.0,928464.0,9683.0,3.5410000000000004,10025.0,9683.0,-1.0,16902.0,0.0,1889487.0,12947.0,34754393.0,32.0,21.706999999999997,25.248,0.63,938491.0,False
300.0,8918e76cfcec0657c7d7950a1794604c.param,1.0,0.0,0.0,40.27,34754393.0,973d048292615eb03af6da1abae307bf,801373.0,1.0,0.0,25.683000000000003,7-34,678190.0,0.0,928464.0,9683.0,3.597,10025.0,9683.0,-1.0,16902.0,0.0,1889487.0,12947.0,34754393.0,32.0,21.429000000000002,25.026,0.63,938491.0,False
300.0,8918e76cfcec0657c7d7950a1794604c.param,2.0,0.0,0.0,36.851,34754393.0,973d048292615eb03af6da1abae307bf,801373.0,1.0,0.0,24.798000000000002,7-34,678190.0,0.0,928464.0,9683.0,3.5580000000000003,10025.0,9683.0,-1.0,16902.0,0.0,1889487.0,12947.0,34754393.0,32.0,20.691999999999997,24.25,0.63,938491.0,False
300.0,b55bae1f323148019db34cc9c08d6b4b.param,0.0,0.0,0.0,27.149,693280077.0,fb1e089b76f754f96461c36289215cc6,46982.0,1.0,0.0,5.018,7-34,6939.0,0.0,591497.0,4145.0,2.335,8377.0,4145.0,-1.0,8787.0,0.0,926619.0,10768.0,693280077.0,17.0,2.334,4.669,0.42,599876.0,False
300.0,b55bae1f323148019db34cc9c08d6b4b.param,1.0,0.0,0.0,25.761,693280077.0,fb1e089b76f754f96461c36289215cc6,46982.0,1.0,0.0,4.9110000000000005,7-34,6939.0,0.0,591497.0,4145.0,2.262,8377.0,4145.0,-1.0,8787.0,0.0,926619.0,10768.0,693280077.0,17.0,2.2880000000000003,4.55,0.42,599876.0,False
300.0,b55bae1f323148019db34cc9c08d6b4b.param,2.0,0.0,0.0,27.410999999999998,693280077.0,fb1e089b76f754f96461c36289215cc6,46982.0,1.0,0.0,4.848,7-34,6939.0,0.0,591497.0,4145.0,2.213,8377.0,4145.0,-1.0,8787.0,0.0,926619.0,10768.0,693280077.0,17.0,2.285,4.498,0.42,599876.0,False
300.0,982f07b05aa788dcb221cf0f46a98a28.param,0.0,0.0,0.0,16.987000000000002,1242281828.0,2f7665bf902e069b5b5e2aaa67123bc9,150960.0,1.0,0.0,7.886,7-34,47483.0,0.0,404198.0,6279.0,1.558,4616.0,6279.0,-1.0,19158.0,0.0,730656.0,5773.0,1242281828.0,28.0,6.0829999999999975,7.641,0.63,408816.0,False
300.0,982f07b05aa788dcb221cf0f46a98a28.param,1.0,0.0,0.0,18.505,1242281828.0,2f7665bf902e069b5b5e2aaa67123bc9,150960.0,1.0,0.0,7.925,7-34,47483.0,0.0,404198.0,6279.0,1.6119999999999999,4616.0,6279.0,-1.0,19158.0,0.0,730656.0,5773.0,1242281828.0,28.0,6.062,7.673999999999999,0.63,408816.0,False
300.0,982f07b05aa788dcb221cf0f46a98a28.param,2.0,0.0,0.0,19.090999999999998,1242281828.0,2f7665bf902e069b5b5e2aaa67123bc9,150960.0,1.0,0.0,7.816,7-34,47483.0,0.0,404198.0,6279.0,1.537,4616.0,6279.0,-1.0,19158.0,0.0,730656.0,5773.0,1242281828.0,28.0,6.025,7.562,0.63,408816.0,False
300.0,5a074a62937cbcb2e921ae7f17a0123b.param,0.0,0.0,0.0,69.258,2028359165.0,8c577716bc8d003d31456723abd8a04d,165725.0,1.0,0.0,17.744,7-34,18496.0,0.0,1841870.0,5780.0,7.1370000000000005,21761.0,5780.0,-1.0,16970.0,0.0,1955400.0,28564.0,2028359165.0,25.0,9.641,16.778,0.94,1863633.0,False
300.0,5a074a62937cbcb2e921ae7f17a0123b.param,1.0,0.0,0.0,73.893,2028359165.0,8c577716bc8d003d31456723abd8a04d,165725.0,1.0,0.0,18.859,7-34,18496.0,0.0,1841870.0,5780.0,7.222,21761.0,5780.0,-1.0,16970.0,0.0,1955400.0,28564.0,2028359165.0,25.0,10.581,17.803,0.94,1863633.0,False
300.0,5a074a62937cbcb2e921ae7f17a0123b.param,2.0,0.0,0.0,74.217,2028359165.0,8c577716bc8d003d31456723abd8a04d,165725.0,1.0,0.0,18.145,7-34,18496.0,0.0,1841870.0,5780.0,7.095,21761.0,5780.0,-1.0,16970.0,0.0,1955400.0,28564.0,2028359165.0,25.0,9.74,16.835,0.94,1863633.0,False
300.0,b366bbc99f4b12f6958260432db8f433.param,0.0,0.0,0.0,44.352,600810857.0,5f0552d406eb81ea230ea86f3adb19d7,162413.0,1.0,0.0,10.209,7-34,67322.0,0.0,1165617.0,5600.0,4.4639999999999995,14456.0,5600.0,-1.0,15513.0,0.0,1504528.0,18869.0,600810857.0,24.0,5.096,9.56,0.63,1180075.0,False
300.0,b366bbc99f4b12f6958260432db8f433.param,1.0,0.0,0.0,46.738,600810857.0,5f0552d406eb81ea230ea86f3adb19d7,162413.0,1.0,0.0,10.542,7-34,67322.0,0.0,1165617.0,5600.0,4.565,14456.0,5600.0,-1.0,15513.0,0.0,1504528.0,18869.0,600810857.0,24.0,5.3229999999999995,9.888,0.63,1180075.0,False
300.0,b366bbc99f4b12f6958260432db8f433.param,2.0,0.0,0.0,49.02,600810857.0,5f0552d406eb81ea230ea86f3adb19d7,162413.0,1.0,0.0,10.274000000000001,7-34,67322.0,0.0,1165617.0,5600.0,4.476,14456.0,5600.0,-1.0,15513.0,0.0,1504528.0,18869.0,600810857.0,24.0,5.122000000000001,9.597999999999999,0.63,1180075.0,False
300.0,a6fb6cef21abb3da58a08c431abe1820.param,0.0,0.0,0.0,41.815,83966730.0,a3e205656b58c662ef485f560e6afc90,68267.0,1.0,0.0,9.088,7-34,33041.0,0.0,1026461.0,4125.0,3.8510000000000004,13054.0,4125.0,-1.0,9216.0,0.0,743380.0,17047.0,83966730.0,17.0,4.65,8.501,0.63,1039517.0,False
300.0,a6fb6cef21abb3da58a08c431abe1820.param,1.0,0.0,0.0,41.185,83966730.0,a3e205656b58c662ef485f560e6afc90,68267.0,1.0,0.0,9.296,7-34,33041.0,0.0,1026461.0,4125.0,3.8939999999999997,13054.0,4125.0,-1.0,9216.0,0.0,743380.0,17047.0,83966730.0,17.0,4.6160000000000005,8.51,0.63,1039517.0,False
300.0,a6fb6cef21abb3da58a08c431abe1820.param,2.0,0.0,0.0,42.466,83966730.0,a3e205656b58c662ef485f560e6afc90,68267.0,1.0,0.0,9.443,7-34,33041.0,0.0,1026461.0,4125.0,3.958,13054.0,4125.0,-1.0,9216.0,0.0,743380.0,17047.0,83966730.0,17.0,4.848,8.806000000000003,0.63,1039517.0,False
300.0,a6ff37b0cef2bdd5134de774a2ccfcdd.param,0.0,0.0,0.0,7.442,1571287961.0,e0eea1db1003be84479502bda5394bdd,374877.0,1.0,0.0,10.792,7-34,275912.0,0.0,148069.0,9724.0,0.547,1536.0,9724.0,-1.0,10334.0,0.0,968951.0,1733.0,1571287961.0,33.0,10.129,10.675999999999998,0.42,149607.0,False
300.0,a6ff37b0cef2bdd5134de774a2ccfcdd.param,1.0,0.0,0.0,6.9110000000000005,1571287961.0,e0eea1db1003be84479502bda5394bdd,374877.0,1.0,0.0,10.995,7-34,275912.0,0.0,148069.0,9724.0,0.5329999999999999,1536.0,9724.0,-1.0,10334.0,0.0,968951.0,1733.0,1571287961.0,33.0,10.325,10.857999999999999,0.42,149607.0,False
300.0,a6ff37b0cef2bdd5134de774a2ccfcdd.param,2.0,0.0,0.0,7.606,1571287961.0,e0eea1db1003be84479502bda5394bdd,374877.0,1.0,0.0,11.040999999999999,7-34,275912.0,0.0,148069.0,9724.0,0.619,1536.0,9724.0,-1.0,10334.0,0.0,968951.0,1733.0,1571287961.0,33.0,10.302,10.921,0.42,149607.0,False
300.0,5aa281057d97f045673ea5f22f4a03c2.param,0.0,0.0,0.0,11.960999999999999,2050821110.0,4cd5cde1b6134d33dfba61ea0c554ace,227595.0,1.0,0.0,5.135,7-34,157070.0,0.0,273051.0,5606.0,1.047,2951.0,5606.0,-1.0,12149.0,0.0,1115241.0,3620.0,2050821110.0,24.0,3.912,4.959,0.42,276004.0,False
300.0,5aa281057d97f045673ea5f22f4a03c2.param,1.0,0.0,0.0,11.869000000000002,2050821110.0,4cd5cde1b6134d33dfba61ea0c554ace,227595.0,1.0,0.0,5.1339999999999995,7-34,157070.0,0.0,273051.0,5606.0,0.9990000000000001,2951.0,5606.0,-1.0,12149.0,0.0,1115241.0,3620.0,2050821110.0,24.0,3.9539999999999997,4.953,0.42,276004.0,False
300.0,5aa281057d97f045673ea5f22f4a03c2.param,2.0,0.0,0.0,12.662,2050821110.0,4cd5cde1b6134d33dfba61ea0c554ace,227595.0,1.0,0.0,4.993,7-34,157070.0,0.0,273051.0,5606.0,0.98,2951.0,5606.0,-1.0,12149.0,0.0,1115241.0,3620.0,2050821110.0,24.0,3.841,4.8210000000000015,0.42,276004.0,False
300.0,55af68f15fe32e43da610c5d90806a4a.param,0.0,0.0,0.0,66.501,862094683.0,c7f413139b177ff1a5c209fb2386338c,223703.0,1.0,0.0,15.392999999999999,7-34,91762.0,0.0,1732966.0,11201.0,6.765,17051.0,11201.0,-1.0,16851.0,0.0,1189299.0,22300.0,862094683.0,40.0,7.33,14.095,0.63,1750019.0,False
300.0,55af68f15fe32e43da610c5d90806a4a.param,1.0,0.0,0.0,71.768,862094683.0,c7f413139b177ff1a5c209fb2386338c,223703.0,1.0,0.0,15.290999999999999,7-34,91762.0,0.0,1732966.0,11201.0,6.689,17051.0,11201.0,-1.0,16851.0,0.0,1189299.0,22300.0,862094683.0,40.0,7.351,14.04,0.63,1750019.0,False
300.0,55af68f15fe32e43da610c5d90806a4a.param,2.0,0.0,0.0,69.771,862094683.0,c7f413139b177ff1a5c209fb2386338c,223703.0,1.0,0.0,14.564,7-34,91762.0,0.0,1732966.0,11201.0,6.7170000000000005,17051.0,11201.0,-1.0,16851.0,0.0,1189299.0,22300.0,862094683.0,40.0,6.914,13.630999999999998,0.63,1750019.0,False
300.0,23179b628ad596b0808644865ee42008.param,0.0,0.0,0.0,19.145,1083416308.0,d28e1bcf7123b4c8ebe35aac074e7fa0,52086.0,1.0,0.0,2.7739999999999996,7-34,21407.0,0.0,435802.0,5600.0,1.652,5475.0,5600.0,-1.0,4441.0,0.0,481635.0,7012.0,1083416308.0,24.0,0.857,2.509,0.28,441279.0,False
300.0,23179b628ad596b0808644865ee42008.param,1.0,0.0,0.0,20.415,1083416308.0,d28e1bcf7123b4c8ebe35aac074e7fa0,52086.0,1.0,0.0,2.752,7-34,21407.0,0.0,435802.0,5600.0,1.6569999999999998,5475.0,5600.0,-1.0,4441.0,0.0,481635.0,7012.0,1083416308.0,24.0,0.83,2.487,0.28,441279.0,False
300.0,23179b628ad596b0808644865ee42008.param,2.0,0.0,0.0,18.514,1083416308.0,d28e1bcf7123b4c8ebe35aac074e7fa0,52086.0,1.0,0.0,2.7710000000000004,7-34,21407.0,0.0,435802.0,5600.0,1.6740000000000002,5475.0,5600.0,-1.0,4441.0,0.0,481635.0,7012.0,1083416308.0,24.0,0.8370000000000001,2.511,0.28,441279.0,False
300.0,099cc4db78f534b541e03b3d21476677.param,0.0,0.0,0.0,11.419,693280077.0,ed38d3443f5e549aad60920eb69ab7f6,828518.0,1.0,0.0,7.4,7-34,717153.0,0.0,241389.0,6399.0,0.8859999999999999,2697.0,6399.0,-1.0,16837.0,0.0,1124379.0,3244.0,693280077.0,29.0,6.354,7.24,0.63,244088.0,False
300.0,099cc4db78f534b541e03b3d21476677.param,1.0,0.0,0.0,10.463,693280077.0,ed38d3443f5e549aad60920eb69ab7f6,828518.0,1.0,0.0,7.307,7-34,717153.0,0.0,241389.0,6399.0,0.879,2697.0,6399.0,-1.0,16837.0,0.0,1124379.0,3244.0,693280077.0,29.0,6.263,7.142,0.63,244088.0,False
300.0,099cc4db78f534b541e03b3d21476677.param,2.0,0.0,0.0,10.455,693280077.0,ed38d3443f5e549aad60920eb69ab7f6,828518.0,1.0,0.0,7.397,7-34,717153.0,0.0,241389.0,6399.0,0.895,2697.0,6399.0,-1.0,16837.0,0.0,1124379.0,3244.0,693280077.0,29.0,6.303,7.1979999999999995,0.63,244088.0,False
300.0,928666ecc0a7811fd6c441352737063c.param,0.0,0.0,0.0,86.74600000000002,823094821.0,9cb9a4c2f32ae22e5cc42f9a0d54357c,1030091.0,1.0,0.0,41.409,7-34,877303.0,0.0,2192898.0,11247.0,8.472999999999999,21159.0,11247.0,-1.0,17493.0,0.0,2694022.0,27752.0,823094821.0,40.0,31.354,39.827,0.94,2214059.0,False
300.0,928666ecc0a7811fd6c441352737063c.param,1.0,0.0,0.0,85.742,823094821.0,9cb9a4c2f32ae22e5cc42f9a0d54357c,1030091.0,1.0,0.0,38.674,7-34,877303.0,0.0,2192898.0,11247.0,8.542,21159.0,11247.0,-1.0,17493.0,0.0,2694022.0,27752.0,823094821.0,40.0,28.791999999999998,37.334,0.94,2214059.0,False
300.0,928666ecc0a7811fd6c441352737063c.param,2.0,0.0,0.0,90.324,823094821.0,9cb9a4c2f32ae22e5cc42f9a0d54357c,1030091.0,1.0,0.0,40.201,7-34,877303.0,0.0,2192898.0,11247.0,8.533,21159.0,11247.0,-1.0,17493.0,0.0,2694022.0,27752.0,823094821.0,40.0,30.076999999999998,38.61,0.94,2214059.0,False
300.0,86aef175e49750375aaf5bf4f54ac0c2.param,0.0,0.0,0.0,68.32,95956545.0,3f3f90065d44ba6879fb32a0e96c77ef,919300.0,1.0,0.0,27.089000000000002,7-34,767984.0,0.0,1773048.0,6279.0,6.865,20003.0,6279.0,-1.0,17422.0,0.0,2192014.0,26230.0,95956545.0,28.0,18.953,25.818,0.94,1793053.0,False
300.0,86aef175e49750375aaf5bf4f54ac0c2.param,1.0,0.0,0.0,71.02600000000002,95956545.0,3f3f90065d44ba6879fb32a0e96c77ef,919300.0,1.0,0.0,26.866999999999997,7-34,767984.0,0.0,1773048.0,6279.0,6.91,20003.0,6279.0,-1.0,17422.0,0.0,2192014.0,26230.0,95956545.0,28.0,18.658,25.568,0.94,1793053.0,False
300.0,86aef175e49750375aaf5bf4f54ac0c2.param,2.0,0.0,0.0,71.532,95956545.0,3f3f90065d44ba6879fb32a0e96c77ef,919300.0,1.0,0.0,27.046,7-34,767984.0,0.0,1773048.0,6279.0,6.885,20003.0,6279.0,-1.0,17422.0,0.0,2192014.0,26230.0,95956545.0,28.0,18.868,25.753,0.94,1793053.0,False
300.0,3cadb3807e2a210325a234888d281fbd.param,0.0,0.0,0.0,7.7879999999999985,1242281828.0,e437f9431b4ae412e2a0ef88d1acb742,73277.0,1.0,0.0,1.681,7-34,38657.0,0.0,170737.0,4601.0,0.619,2291.0,4601.0,-1.0,7762.0,0.0,364239.0,2806.0,1242281828.0,20.0,0.941,1.56,0.28,173030.0,False
300.0,3cadb3807e2a210325a234888d281fbd.param,1.0,0.0,0.0,7.7010000000000005,1242281828.0,e437f9431b4ae412e2a0ef88d1acb742,73277.0,1.0,0.0,1.726,7-34,38657.0,0.0,170737.0,4601.0,0.613,2291.0,4601.0,-1.0,7762.0,0.0,364239.0,2806.0,1242281828.0,20.0,0.986,1.599,0.28,173030.0,False
300.0,3cadb3807e2a210325a234888d281fbd.param,2.0,0.0,0.0,7.619,1242281828.0,e437f9431b4ae412e2a0ef88d1acb742,73277.0,1.0,0.0,1.679,7-34,38657.0,0.0,170737.0,4601.0,0.605,2291.0,4601.0,-1.0,7762.0,0.0,364239.0,2806.0,1242281828.0,20.0,0.9470000000000001,1.5519999999999998,0.28,173030.0,False
300.0,af0a6d4f3f8e41dd411ac993d1c5e5ad.param,0.0,0.0,0.0,21.316999999999997,34754393.0,adc732203ca2296c6d55cea5cafbc06e,126860.0,1.0,0.0,11.457,7-34,28311.0,0.0,458318.0,11202.0,1.775,4513.0,11202.0,-1.0,17367.0,0.0,1120844.0,5617.0,34754393.0,40.0,9.296,11.071,0.42,462833.0,False
300.0,af0a6d4f3f8e41dd411ac993d1c5e5ad.param,1.0,0.0,0.0,19.884,34754393.0,adc732203ca2296c6d55cea5cafbc06e,126860.0,1.0,0.0,11.238,7-34,28311.0,0.0,458318.0,11202.0,1.7,4513.0,11202.0,-1.0,17367.0,0.0,1120844.0,5617.0,34754393.0,40.0,9.251,10.950999999999999,0.42,462833.0,False
300.0,af0a6d4f3f8e41dd411ac993d1c5e5ad.param,2.0,0.0,0.0,20.06,34754393.0,adc732203ca2296c6d55cea5cafbc06e,126860.0,1.0,0.0,11.565999999999999,7-34,28311.0,0.0,458318.0,11202.0,1.767,4513.0,11202.0,-1.0,17367.0,0.0,1120844.0,5617.0,34754393.0,40.0,9.423,11.19,0.42,462833.0,False
300.0,f6a9922fc219371dd62d3d64f513f435.param,0.0,0.0,0.0,33.586,1923385776.0,928f4ac9168b47ba26d16928fd1bc9d6,96066.0,1.0,0.0,7.4860000000000015,7-34,13205.0,0.0,769709.0,9643.0,2.987,8311.0,9643.0,-1.0,8078.0,0.0,1073013.0,10738.0,1923385776.0,32.0,4.061,7.047999999999999,0.42,778022.0,False
300.0,f6a9922fc219371dd62d3d64f513f435.param,1.0,0.0,0.0,31.897,1923385776.0,928f4ac9168b47ba26d16928fd1bc9d6,96066.0,1.0,0.0,8.027000000000001,7-34,13205.0,0.0,769709.0,9643.0,2.9819999999999998,8311.0,9643.0,-1.0,8078.0,0.0,1073013.0,10738.0,1923385776.0,32.0,4.481,7.462999999999999,0.42,778022.0,False
300.0,f6a9922fc219371dd62d3d64f513f435.param,2.0,0.0,0.0,33.291,1923385776.0,928f4ac9168b47ba26d16928fd1bc9d6,96066.0,1.0,0.0,7.1979999999999995,7-34,13205.0,0.0,769709.0,9643.0,2.887,8311.0,9643.0,-1.0,8078.0,0.0,1073013.0,10738.0,1923385776.0,32.0,3.878,6.765,0.42,778022.0,False
300.0,2b9f5024001a051a59314cacbe0b17e8.param,0.0,0.0,0.0,54.081,1235388569.0,1f2c1bdcae90559397d1cd9ff2a92013,417593.0,1.0,0.0,14.174000000000001,7-34,310507.0,0.0,1331486.0,5735.0,5.289,16113.0,5735.0,-1.0,18932.0,0.0,1553308.0,21060.0,1235388569.0,25.0,7.93,13.219000000000001,0.94,1347601.0,False
300.0,2b9f5024001a051a59314cacbe0b17e8.param,1.0,0.0,0.0,55.452,1235388569.0,1f2c1bdcae90559397d1cd9ff2a92013,417593.0,1.0,0.0,13.231,7-34,310507.0,0.0,1331486.0,5735.0,5.086,16113.0,5735.0,-1.0,18932.0,0.0,1553308.0,21060.0,1235388569.0,25.0,7.185,12.270999999999999,0.94,1347601.0,False
300.0,2b9f5024001a051a59314cacbe0b17e8.param,2.0,0.0,0.0,55.047,1235388569.0,1f2c1bdcae90559397d1cd9ff2a92013,417593.0,1.0,0.0,12.99,7-34,310507.0,0.0,1331486.0,5735.0,5.159,16113.0,5735.0,-1.0,18932.0,0.0,1553308.0,21060.0,1235388569.0,25.0,6.881,12.04,0.94,1347601.0,False
300.0,53a3b10a6d39a1f0633d42a0b8cc93a7.param,0.0,0.0,0.0,15.453,1405409883.0,20a9fcd5ab465ce83a1f65db5d492ae5,412855.0,1.0,0.0,19.752,7-34,292501.0,0.0,341906.0,10246.0,1.2770000000000001,3505.0,10246.0,-1.0,16633.0,0.0,1148733.0,4357.0,1405409883.0,36.0,18.206,19.483,0.63,345413.0,False
300.0,53a3b10a6d39a1f0633d42a0b8cc93a7.param,1.0,0.0,0.0,15.362,1405409883.0,20a9fcd5ab465ce83a1f65db5d492ae5,412855.0,1.0,0.0,19.756,7-34,292501.0,0.0,341906.0,10246.0,1.311,3505.0,10246.0,-1.0,16633.0,0.0,1148733.0,4357.0,1405409883.0,36.0,18.230999999999998,19.542,0.63,345413.0,False
300.0,53a3b10a6d39a1f0633d42a0b8cc93a7.param,2.0,0.0,0.0,14.587,1405409883.0,20a9fcd5ab465ce83a1f65db5d492ae5,412855.0,1.0,0.0,19.256,7-34,292501.0,0.0,341906.0,10246.0,1.268,3505.0,10246.0,-1.0,16633.0,0.0,1148733.0,4357.0,1405409883.0,36.0,17.785,19.053,0.63,345413.0,False
300.0,38650beb2ce576c812a3ef6ac5621787.param,0.0,0.0,0.0,10.003,83966730.0,aa2bcd53fb0f6db81543682899c55e29,92465.0,1.0,0.0,5.462999999999999,7-34,36610.0,0.0,207235.0,9628.0,0.745,2265.0,9628.0,-1.0,9948.0,0.0,774942.0,2722.0,83966730.0,32.0,4.5310000000000015,5.276,0.42,209502.0,False
300.0,38650beb2ce576c812a3ef6ac5621787.param,1.0,0.0,0.0,9.67,83966730.0,aa2bcd53fb0f6db81543682899c55e29,92465.0,1.0,0.0,5.132999999999999,7-34,36610.0,0.0,207235.0,9628.0,0.754,2265.0,9628.0,-1.0,9948.0,0.0,774942.0,2722.0,83966730.0,32.0,4.24,4.994,0.42,209502.0,False
300.0,38650beb2ce576c812a3ef6ac5621787.param,2.0,0.0,0.0,8.991,83966730.0,aa2bcd53fb0f6db81543682899c55e29,92465.0,1.0,0.0,5.308,7-34,36610.0,0.0,207235.0,9628.0,0.741,2265.0,9628.0,-1.0,9948.0,0.0,774942.0,2722.0,83966730.0,32.0,4.405,5.146,0.42,209502.0,False
300.0,5270155d690360dab58e1b470ef17ea7.param,0.0,0.0,0.0,35.368,270657042.0,41dcb7e47cc588ad63e5c9bca38d7536,74753.0,1.0,0.0,5.816,7-34,18544.0,0.0,901443.0,5600.0,3.511,11321.0,5600.0,-1.0,7387.0,0.0,566026.0,14722.0,270657042.0,24.0,1.8,5.311,0.42,912766.0,False
300.0,5270155d690360dab58e1b470ef17ea7.param,1.0,0.0,0.0,36.059,270657042.0,41dcb7e47cc588ad63e5c9bca38d7536,74753.0,1.0,0.0,5.933,7-34,18544.0,0.0,901443.0,5600.0,3.428,11321.0,5600.0,-1.0,7387.0,0.0,566026.0,14722.0,270657042.0,24.0,1.7630000000000001,5.191,0.42,912766.0,False
300.0,5270155d690360dab58e1b470ef17ea7.param,2.0,0.0,0.0,35.156,270657042.0,41dcb7e47cc588ad63e5c9bca38d7536,74753.0,1.0,0.0,5.773,7-34,18544.0,0.0,901443.0,5600.0,3.511,11321.0,5600.0,-1.0,7387.0,0.0,566026.0,14722.0,270657042.0,24.0,1.7180000000000002,5.229,0.42,912766.0,False
300.0,62e0a8d6f7569c04cf8f5f709636e77e.param,0.0,0.0,0.0,27.576,1057470620.0,0f71d00f3dd5c85c5493c149dbe40e6f,175619.0,1.0,0.0,7.348,7-34,58926.0,0.0,655407.0,10291.0,2.53,6648.0,10291.0,-1.0,19405.0,0.0,1288444.0,8437.0,1057470620.0,36.0,4.401,6.931,0.63,662057.0,False
300.0,62e0a8d6f7569c04cf8f5f709636e77e.param,1.0,0.0,0.0,27.846999999999998,1057470620.0,0f71d00f3dd5c85c5493c149dbe40e6f,175619.0,1.0,0.0,7.377999999999999,7-34,58926.0,0.0,655407.0,10291.0,2.4419999999999997,6648.0,10291.0,-1.0,19405.0,0.0,1288444.0,8437.0,1057470620.0,36.0,4.452,6.894,0.63,662057.0,False
300.0,62e0a8d6f7569c04cf8f5f709636e77e.param,2.0,0.0,0.0,26.978,1057470620.0,0f71d00f3dd5c85c5493c149dbe40e6f,175619.0,1.0,0.0,7.544,7-34,58926.0,0.0,655407.0,10291.0,2.6910000000000003,6648.0,10291.0,-1.0,19405.0,0.0,1288444.0,8437.0,1057470620.0,36.0,4.453,7.144,0.63,662057.0,False
300.0,05e1a93acf56766caa36729883ed69ed.param,0.0,0.0,0.0,96.756,1571287961.0,29c6f10695f5357dcd8ec7cacc66a006,1277844.0,1.0,0.0,71.846,7-34,1007142.0,0.0,2527962.0,9673.0,9.863,25371.0,9673.0,-1.0,34071.0,0.0,2475452.0,33264.0,1571287961.0,32.0,60.11600000000001,69.979,1.41,2553335.0,False
300.0,05e1a93acf56766caa36729883ed69ed.param,1.0,0.0,0.0,98.565,1571287961.0,29c6f10695f5357dcd8ec7cacc66a006,1277844.0,1.0,0.0,71.002,7-34,1007142.0,0.0,2527962.0,9673.0,9.964,25371.0,9673.0,-1.0,34071.0,0.0,2475452.0,33264.0,1571287961.0,32.0,59.216,69.18,1.41,2553335.0,False
300.0,05e1a93acf56766caa36729883ed69ed.param,2.0,0.0,0.0,102.538,1571287961.0,29c6f10695f5357dcd8ec7cacc66a006,1277844.0,1.0,0.0,70.872,7-34,1007142.0,0.0,2527962.0,9673.0,9.894,25371.0,9673.0,-1.0,34071.0,0.0,2475452.0,33264.0,1571287961.0,32.0,59.646,69.54,1.41,2553335.0,False
300.0,d8e0991db153700fc6f942a70d96d0d8.param,0.0,0.0,0.0,10.184,270657042.0,1c88e6bdc4ef334c105b832a97dcfc71,43500.0,1.0,0.0,1.87,7-34,18281.0,0.0,226731.0,5603.0,0.903,2651.0,5603.0,-1.0,4789.0,0.0,545488.0,3250.0,270657042.0,24.0,0.812,1.715,0.19,229384.0,False
300.0,d8e0991db153700fc6f942a70d96d0d8.param,1.0,0.0,0.0,10.524000000000001,270657042.0,1c88e6bdc4ef334c105b832a97dcfc71,43500.0,1.0,0.0,1.7730000000000001,7-34,18281.0,0.0,226731.0,5603.0,0.8420000000000001,2651.0,5603.0,-1.0,4789.0,0.0,545488.0,3250.0,270657042.0,24.0,0.777,1.619,0.19,229384.0,False
300.0,d8e0991db153700fc6f942a70d96d0d8.param,2.0,0.0,0.0,10.261,270657042.0,1c88e6bdc4ef334c105b832a97dcfc71,43500.0,1.0,0.0,1.8019999999999998,7-34,18281.0,0.0,226731.0,5603.0,0.843,2651.0,5603.0,-1.0,4789.0,0.0,545488.0,3250.0,270657042.0,24.0,0.8029999999999999,1.646,0.19,229384.0,False
300.0,7c8d5058b5b148685018d3330ac42f68.param,0.0,0.0,0.0,49.352,1258716603.0,4f1129770b90c91f63a74dd561238b02,371466.0,1.0,0.0,24.968000000000004,7-34,169686.0,0.0,1205183.0,9683.0,4.572,12736.0,9683.0,-1.0,19239.0,0.0,1577084.0,16597.0,1258716603.0,32.0,19.5,24.072,0.63,1217921.0,False
300.0,7c8d5058b5b148685018d3330ac42f68.param,1.0,0.0,0.0,49.275,1258716603.0,4f1129770b90c91f63a74dd561238b02,371466.0,1.0,0.0,24.684,7-34,169686.0,0.0,1205183.0,9683.0,4.864,12736.0,9683.0,-1.0,19239.0,0.0,1577084.0,16597.0,1258716603.0,32.0,19.171,24.035,0.63,1217921.0,False
300.0,7c8d5058b5b148685018d3330ac42f68.param,2.0,0.0,0.0,45.983000000000004,1258716603.0,4f1129770b90c91f63a74dd561238b02,371466.0,1.0,0.0,25.235,7-34,169686.0,0.0,1205183.0,9683.0,4.683,12736.0,9683.0,-1.0,19239.0,0.0,1577084.0,16597.0,1258716603.0,32.0,19.639,24.322,0.63,1217921.0,False
300.0,638c867046eca01fa57da212f4a82591.param,0.0,0.0,0.0,26.734,83966730.0,44c04ce9cae8266cd8282b5667515660,39838.0,1.0,0.0,3.824,7-34,10419.0,0.0,613798.0,4087.0,2.253,8816.0,4087.0,-1.0,5738.0,0.0,324058.0,11453.0,83966730.0,16.0,1.245,3.498,0.42,622616.0,False
300.0,638c867046eca01fa57da212f4a82591.param,1.0,0.0,0.0,27.753,83966730.0,44c04ce9cae8266cd8282b5667515660,39838.0,1.0,0.0,3.9330000000000003,7-34,10419.0,0.0,613798.0,4087.0,2.305,8816.0,4087.0,-1.0,5738.0,0.0,324058.0,11453.0,83966730.0,16.0,1.278,3.583,0.42,622616.0,False
300.0,638c867046eca01fa57da212f4a82591.param,2.0,0.0,0.0,27.976999999999997,83966730.0,44c04ce9cae8266cd8282b5667515660,39838.0,1.0,0.0,3.9539999999999997,7-34,10419.0,0.0,613798.0,4087.0,2.311,8816.0,4087.0,-1.0,5738.0,0.0,324058.0,11453.0,83966730.0,16.0,1.286,3.597,0.42,622616.0,False
300.0,80402835d130022a9820ca0328640cdb.param,0.0,0.0,0.0,30.249000000000002,554543104.0,8f6d4355c24d7406be70d4283c6decbd,97966.0,1.0,0.0,7.754,7-34,31737.0,0.0,683282.0,4633.0,2.556,9283.0,4633.0,-1.0,14038.0,0.0,656249.0,11890.0,554543104.0,20.0,4.835,7.391,0.63,692567.0,False
300.0,80402835d130022a9820ca0328640cdb.param,1.0,0.0,0.0,28.3,554543104.0,8f6d4355c24d7406be70d4283c6decbd,97966.0,1.0,0.0,7.9129999999999985,7-34,31737.0,0.0,683282.0,4633.0,2.656,9283.0,4633.0,-1.0,14038.0,0.0,656249.0,11890.0,554543104.0,20.0,4.86,7.516,0.63,692567.0,False
300.0,80402835d130022a9820ca0328640cdb.param,2.0,0.0,0.0,30.029,554543104.0,8f6d4355c24d7406be70d4283c6decbd,97966.0,1.0,0.0,7.824,7-34,31737.0,0.0,683282.0,4633.0,2.562,9283.0,4633.0,-1.0,14038.0,0.0,656249.0,11890.0,554543104.0,20.0,4.887,7.449,0.63,692567.0,False
300.0,85c2d2f2fd6238e8bf0bbcfd97821631.param,0.0,0.0,0.0,46.90600000000001,1979567522.0,764b178c8e0608ddd5047f6f311a72bb,755182.0,1.0,0.0,40.741,7-34,535872.0,0.0,1215461.0,10290.0,4.657,12451.0,10290.0,-1.0,24030.0,0.0,1083077.0,16120.0,1979567522.0,36.0,35.385,40.042,0.94,1227914.0,False
300.0,85c2d2f2fd6238e8bf0bbcfd97821631.param,1.0,0.0,0.0,50.799,1979567522.0,764b178c8e0608ddd5047f6f311a72bb,755182.0,1.0,0.0,40.687,7-34,535872.0,0.0,1215461.0,10290.0,4.665,12451.0,10290.0,-1.0,24030.0,0.0,1083077.0,16120.0,1979567522.0,36.0,35.166,39.830999999999996,0.94,1227914.0,False
300.0,85c2d2f2fd6238e8bf0bbcfd97821631.param,2.0,0.0,0.0,48.409,1979567522.0,764b178c8e0608ddd5047f6f311a72bb,755182.0,1.0,0.0,41.18,7-34,535872.0,0.0,1215461.0,10290.0,4.664,12451.0,10290.0,-1.0,24030.0,0.0,1083077.0,16120.0,1979567522.0,36.0,35.604,40.268,0.94,1227914.0,False
300.0,45f3b2d841eff242a2cd183a0c58dc4d.param,0.0,0.0,0.0,12.929,1257636424.0,18a5cfb678f3155412aadd9478dd4f02,142066.0,1.0,0.0,5.846,7-34,57352.0,0.0,292918.0,6355.0,1.078,3201.0,6355.0,-1.0,15955.0,0.0,880663.0,3853.0,1257636424.0,29.0,4.5760000000000005,5.654,0.42,296121.0,False
300.0,45f3b2d841eff242a2cd183a0c58dc4d.param,1.0,0.0,0.0,13.606,1257636424.0,18a5cfb678f3155412aadd9478dd4f02,142066.0,1.0,0.0,5.82,7-34,57352.0,0.0,292918.0,6355.0,1.08,3201.0,6355.0,-1.0,15955.0,0.0,880663.0,3853.0,1257636424.0,29.0,4.566,5.646,0.42,296121.0,False
300.0,45f3b2d841eff242a2cd183a0c58dc4d.param,2.0,0.0,0.0,12.515999999999998,1257636424.0,18a5cfb678f3155412aadd9478dd4f02,142066.0,1.0,0.0,5.787999999999999,7-34,57352.0,0.0,292918.0,6355.0,1.053,3201.0,6355.0,-1.0,15955.0,0.0,880663.0,3853.0,1257636424.0,29.0,4.55,5.603,0.42,296121.0,False
300.0,5acf53328f53703eb5ee3288a3efea11.param,0.0,0.0,0.0,28.686,590654055.0,a105bc5ddbe8efbca6f73d332afb4f66,947286.0,1.0,0.0,47.052,7-34,714573.0,0.0,675461.0,10335.0,2.6060000000000003,6715.0,10335.0,-1.0,28542.0,0.0,1303775.0,8542.0,590654055.0,37.0,43.93600000000001,46.542,0.94,682178.0,False
300.0,5acf53328f53703eb5ee3288a3efea11.param,1.0,0.0,0.0,28.976999999999997,590654055.0,a105bc5ddbe8efbca6f73d332afb4f66,947286.0,1.0,0.0,46.198,7-34,714573.0,0.0,675461.0,10335.0,2.497,6715.0,10335.0,-1.0,28542.0,0.0,1303775.0,8542.0,590654055.0,37.0,43.303999999999995,45.801,0.94,682178.0,False
300.0,5acf53328f53703eb5ee3288a3efea11.param,2.0,0.0,0.0,27.975,590654055.0,a105bc5ddbe8efbca6f73d332afb4f66,947286.0,1.0,0.0,47.028,7-34,714573.0,0.0,675461.0,10335.0,2.611,6715.0,10335.0,-1.0,28542.0,0.0,1303775.0,8542.0,590654055.0,37.0,43.911,46.522,0.94,682178.0,False
300.0,b1fed41c662b810a67f17347ca208a34.param,0.0,0.0,0.0,40.559,1145031130.0,3cf588303e3e8ece59864a36397a093a,146205.0,1.0,0.0,10.86,7-34,27949.0,0.0,998250.0,6392.0,3.7880000000000003,11138.0,6392.0,-1.0,16083.0,0.0,808640.0,14495.0,1145031130.0,29.0,6.532,10.32,0.63,1009390.0,False
300.0,b1fed41c662b810a67f17347ca208a34.param,1.0,0.0,0.0,39.565,1145031130.0,3cf588303e3e8ece59864a36397a093a,146205.0,1.0,0.0,11.055,7-34,27949.0,0.0,998250.0,6392.0,3.85,11138.0,6392.0,-1.0,16083.0,0.0,808640.0,14495.0,1145031130.0,29.0,6.644,10.494000000000002,0.63,1009390.0,False
300.0,b1fed41c662b810a67f17347ca208a34.param,2.0,0.0,0.0,39.5,1145031130.0,3cf588303e3e8ece59864a36397a093a,146205.0,1.0,0.0,11.304,7-34,27949.0,0.0,998250.0,6392.0,3.799,11138.0,6392.0,-1.0,16083.0,0.0,808640.0,14495.0,1145031130.0,29.0,6.7620000000000005,10.561,0.63,1009390.0,False
300.0,947c519055ac35bb731937204fc0d266.param,0.0,0.0,0.0,58.254,1979567522.0,a4eade134d8694f4325ff3c7642527b6,1253055.0,1.0,0.0,51.618,7-34,946230.0,0.0,1360922.0,11202.0,5.199,13261.0,11202.0,-1.0,28576.0,0.0,4805344.0,17254.0,1979567522.0,40.0,45.402,50.601000000000006,0.94,1374185.0,False
300.0,947c519055ac35bb731937204fc0d266.param,1.0,0.0,0.0,54.477,1979567522.0,a4eade134d8694f4325ff3c7642527b6,1253055.0,1.0,0.0,51.1,7-34,946230.0,0.0,1360922.0,11202.0,5.212999999999999,13261.0,11202.0,-1.0,28576.0,0.0,4805344.0,17254.0,1979567522.0,40.0,44.876999999999995,50.09,0.94,1374185.0,False
300.0,947c519055ac35bb731937204fc0d266.param,2.0,0.0,0.0,57.467,1979567522.0,a4eade134d8694f4325ff3c7642527b6,1253055.0,1.0,0.0,51.18,7-34,946230.0,0.0,1360922.0,11202.0,5.183,13261.0,11202.0,-1.0,28576.0,0.0,4805344.0,17254.0,1979567522.0,40.0,45.221000000000004,50.403999999999996,0.94,1374185.0,False
300.0,96344359b1d56ff7726ed1408e74685f.param,0.0,0.0,0.0,38.479,746355495.0,5a01a84be6ad80dd9e98416cb53ebdbf,73599.0,1.0,0.0,8.162,7-34,17363.0,0.0,950828.0,4600.0,3.7039999999999997,13091.0,4600.0,-1.0,11020.0,0.0,1026779.0,17092.0,746355495.0,20.0,3.767,7.471,0.63,963921.0,False
300.0,96344359b1d56ff7726ed1408e74685f.param,1.0,0.0,0.0,38.42,746355495.0,5a01a84be6ad80dd9e98416cb53ebdbf,73599.0,1.0,0.0,7.561,7-34,17363.0,0.0,950828.0,4600.0,3.5810000000000004,13091.0,4600.0,-1.0,11020.0,0.0,1026779.0,17092.0,746355495.0,20.0,3.4739999999999998,7.055,0.63,963921.0,False
300.0,96344359b1d56ff7726ed1408e74685f.param,2.0,0.0,0.0,37.333,746355495.0,5a01a84be6ad80dd9e98416cb53ebdbf,73599.0,1.0,0.0,7.9570000000000025,7-34,17363.0,0.0,950828.0,4600.0,3.633,13091.0,4600.0,-1.0,11020.0,0.0,1026779.0,17092.0,746355495.0,20.0,3.784,7.4170000000000025,0.63,963921.0,False
300.0,a14c00732fcd60d2f8416079c6315cd5.param,0.0,0.0,0.0,16.549,95956545.0,266421d06c4b1510a9a9abd5f5e8f1ca,64124.0,1.0,0.0,2.92,7-34,18246.0,0.0,386517.0,6353.0,1.431,4131.0,6353.0,-1.0,10227.0,0.0,834515.0,5184.0,95956545.0,29.0,1.25,2.681,0.28,390650.0,False
300.0,a14c00732fcd60d2f8416079c6315cd5.param,1.0,0.0,0.0,17.25,95956545.0,266421d06c4b1510a9a9abd5f5e8f1ca,64124.0,1.0,0.0,3.0639999999999996,7-34,18246.0,0.0,386517.0,6353.0,1.463,4131.0,6353.0,-1.0,10227.0,0.0,834515.0,5184.0,95956545.0,29.0,1.355,2.818,0.28,390650.0,False
300.0,a14c00732fcd60d2f8416079c6315cd5.param,2.0,0.0,0.0,16.812,95956545.0,266421d06c4b1510a9a9abd5f5e8f1ca,64124.0,1.0,0.0,3.0010000000000003,7-34,18246.0,0.0,386517.0,6353.0,1.49,4131.0,6353.0,-1.0,10227.0,0.0,834515.0,5184.0,95956545.0,29.0,1.2830000000000001,2.773,0.28,390650.0,False
300.0,62b5368b71f5a58af6d0df94093218da.param,0.0,0.0,0.0,47.963,590654055.0,6986231898365d6f76ae1dfafdfb3775,148292.0,1.0,0.0,12.354000000000001,7-34,37856.0,0.0,1170792.0,6288.0,4.439,13361.0,6288.0,-1.0,18528.0,0.0,760693.0,17391.0,590654055.0,28.0,7.239,11.677999999999999,0.63,1184155.0,False
300.0,62b5368b71f5a58af6d0df94093218da.param,1.0,0.0,0.0,48.707,590654055.0,6986231898365d6f76ae1dfafdfb3775,148292.0,1.0,0.0,12.295,7-34,37856.0,0.0,1170792.0,6288.0,4.479,13361.0,6288.0,-1.0,18528.0,0.0,760693.0,17391.0,590654055.0,28.0,7.148,11.627,0.63,1184155.0,False
300.0,62b5368b71f5a58af6d0df94093218da.param,2.0,0.0,0.0,49.669,590654055.0,6986231898365d6f76ae1dfafdfb3775,148292.0,1.0,0.0,12.464,7-34,37856.0,0.0,1170792.0,6288.0,4.6,13361.0,6288.0,-1.0,18528.0,0.0,760693.0,17391.0,590654055.0,28.0,7.221,11.821,0.63,1184155.0,False
300.0,9c8685614d2fcc8ed75e3df0b278a590.param,0.0,0.0,0.0,29.175,506016928.0,baefdaa79570ba16aac47a45b9b17324,74649.0,1.0,0.0,6.252999999999999,7-34,31926.0,0.0,677794.0,6307.0,2.681,7481.0,6307.0,-1.0,6593.0,0.0,1217434.0,9587.0,506016928.0,29.0,3.147,5.827999999999999,0.42,685277.0,False
300.0,9c8685614d2fcc8ed75e3df0b278a590.param,1.0,0.0,0.0,28.037,506016928.0,baefdaa79570ba16aac47a45b9b17324,74649.0,1.0,0.0,6.284,7-34,31926.0,0.0,677794.0,6307.0,2.667,7481.0,6307.0,-1.0,6593.0,0.0,1217434.0,9587.0,506016928.0,29.0,3.225,5.892,0.42,685277.0,False
300.0,9c8685614d2fcc8ed75e3df0b278a590.param,2.0,0.0,0.0,31.629,506016928.0,baefdaa79570ba16aac47a45b9b17324,74649.0,1.0,0.0,6.638,7-34,31926.0,0.0,677794.0,6307.0,2.6639999999999997,7481.0,6307.0,-1.0,6593.0,0.0,1217434.0,9587.0,506016928.0,29.0,3.468,6.1320000000000014,0.42,685277.0,False
300.0,da23055718a39734c4c353a6c30d342b.param,0.0,0.0,0.0,48.66,1405409883.0,9c65a7aed0f2728923b7754f3e3f1a70,87162.0,1.0,0.0,7.199,7-34,31594.0,0.0,1178810.0,4765.0,4.428,15184.0,4765.0,-1.0,12192.0,0.0,511436.0,19861.0,1405409883.0,21.0,2.1069999999999998,6.535,0.63,1193996.0,False
300.0,da23055718a39734c4c353a6c30d342b.param,1.0,0.0,0.0,44.51300000000001,1405409883.0,9c65a7aed0f2728923b7754f3e3f1a70,87162.0,1.0,0.0,7.391,7-34,31594.0,0.0,1178810.0,4765.0,4.598,15184.0,4765.0,-1.0,12192.0,0.0,511436.0,19861.0,1405409883.0,21.0,2.123,6.721,0.63,1193996.0,False
300.0,da23055718a39734c4c353a6c30d342b.param,2.0,0.0,0.0,50.63,1405409883.0,9c65a7aed0f2728923b7754f3e3f1a70,87162.0,1.0,0.0,7.311,7-34,31594.0,0.0,1178810.0,4765.0,4.493,15184.0,4765.0,-1.0,12192.0,0.0,511436.0,19861.0,1405409883.0,21.0,2.1430000000000002,6.636,0.63,1193996.0,False
300.0,40381a7c5087f4ca968ce41333deeb15.param,0.0,0.0,0.0,25.7,746355495.0,341cfe358f88bc3e2bda8efdd7d1f170,62797.0,1.0,0.0,7.391,7-34,14251.0,0.0,638832.0,4695.0,2.403,8561.0,4695.0,-1.0,7337.0,0.0,1100961.0,11111.0,746355495.0,20.0,4.6160000000000005,7.019,0.42,647395.0,False
300.0,40381a7c5087f4ca968ce41333deeb15.param,1.0,0.0,0.0,27.619,746355495.0,341cfe358f88bc3e2bda8efdd7d1f170,62797.0,1.0,0.0,7.807,7-34,14251.0,0.0,638832.0,4695.0,2.412,8561.0,4695.0,-1.0,7337.0,0.0,1100961.0,11111.0,746355495.0,20.0,4.925,7.3370000000000015,0.42,647395.0,False
300.0,40381a7c5087f4ca968ce41333deeb15.param,2.0,0.0,0.0,27.284000000000002,746355495.0,341cfe358f88bc3e2bda8efdd7d1f170,62797.0,1.0,0.0,7.5379999999999985,7-34,14251.0,0.0,638832.0,4695.0,2.439,8561.0,4695.0,-1.0,7337.0,0.0,1100961.0,11111.0,746355495.0,20.0,4.721,7.16,0.42,647395.0,False
300.0,902f37d04b6af4dd50620fbce6af0b97.param,0.0,0.0,0.0,50.166000000000004,1258716603.0,f9e4c32875acfeabdbfb929ae0490e5f,370052.0,1.0,0.0,12.169,7-34,282753.0,0.0,1205870.0,5708.0,4.567,14593.0,5708.0,-1.0,15930.0,0.0,706852.0,19072.0,1258716603.0,25.0,6.763999999999999,11.331,0.63,1220465.0,False
300.0,902f37d04b6af4dd50620fbce6af0b97.param,1.0,0.0,0.0,46.338,1258716603.0,f9e4c32875acfeabdbfb929ae0490e5f,370052.0,1.0,0.0,12.435,7-34,282753.0,0.0,1205870.0,5708.0,4.794,14593.0,5708.0,-1.0,15930.0,0.0,706852.0,19072.0,1258716603.0,25.0,6.7570000000000014,11.550999999999998,0.63,1220465.0,False
300.0,902f37d04b6af4dd50620fbce6af0b97.param,2.0,0.0,0.0,48.858000000000004,1258716603.0,f9e4c32875acfeabdbfb929ae0490e5f,370052.0,1.0,0.0,11.452,7-34,282753.0,0.0,1205870.0,5708.0,4.593999999999999,14593.0,5708.0,-1.0,15930.0,0.0,706852.0,19072.0,1258716603.0,25.0,6.181,10.775,0.63,1220465.0,False
300.0,291d875a60416791f305122ac9d8b34d.param,0.0,0.0,0.0,24.789,1923385776.0,5b9606b9a1df051baa3d1d1c229af24a,121536.0,1.0,0.0,12.865,7-34,27782.0,0.0,570034.0,9790.0,2.228,5841.0,9790.0,-1.0,10700.0,0.0,946266.0,7453.0,1923385776.0,33.0,10.282,12.51,0.28,575877.0,False
300.0,291d875a60416791f305122ac9d8b34d.param,1.0,0.0,0.0,24.489,1923385776.0,5b9606b9a1df051baa3d1d1c229af24a,121536.0,1.0,0.0,13.127,7-34,27782.0,0.0,570034.0,9790.0,2.197,5841.0,9790.0,-1.0,10700.0,0.0,946266.0,7453.0,1923385776.0,33.0,10.511,12.708,0.28,575877.0,False
300.0,291d875a60416791f305122ac9d8b34d.param,2.0,0.0,0.0,26.421999999999997,1923385776.0,5b9606b9a1df051baa3d1d1c229af24a,121536.0,1.0,0.0,12.729000000000001,7-34,27782.0,0.0,570034.0,9790.0,2.115,5841.0,9790.0,-1.0,10700.0,0.0,946266.0,7453.0,1923385776.0,33.0,10.287,12.402000000000001,0.28,575877.0,False
300.0,e3acebf7a8b1b7baee676b2504100871.param,0.0,0.0,0.0,8.993,600810857.0,894cdfda7e0053e1ab6e4e0d1eb5a179,140218.0,1.0,0.0,3.3810000000000002,7-34,76249.0,0.0,205877.0,5603.0,0.7440000000000001,2203.0,5603.0,-1.0,13591.0,0.0,732355.0,2560.0,600810857.0,24.0,2.489,3.233,0.63,208082.0,False
300.0,e3acebf7a8b1b7baee676b2504100871.param,1.0,0.0,0.0,9.544,600810857.0,894cdfda7e0053e1ab6e4e0d1eb5a179,140218.0,1.0,0.0,3.324,7-34,76249.0,0.0,205877.0,5603.0,0.73,2203.0,5603.0,-1.0,13591.0,0.0,732355.0,2560.0,600810857.0,24.0,2.4530000000000003,3.1830000000000003,0.63,208082.0,False
300.0,e3acebf7a8b1b7baee676b2504100871.param,2.0,0.0,0.0,9.474,600810857.0,894cdfda7e0053e1ab6e4e0d1eb5a179,140218.0,1.0,0.0,3.5589999999999997,7-34,76249.0,0.0,205877.0,5603.0,0.8640000000000001,2203.0,5603.0,-1.0,13591.0,0.0,732355.0,2560.0,600810857.0,24.0,2.548,3.412,0.63,208082.0,False
300.0,ea7bd7600bcbe337da419744986a2765.param,0.0,0.0,0.0,62.424,1057470620.0,77303151d1857576b6069a34c87e47e8,1552883.0,1.0,0.0,45.647,7-34,1387130.0,0.0,1586012.0,10335.0,6.308,15761.0,10335.0,-1.0,28734.0,0.0,2088951.0,20531.0,1057470620.0,37.0,38.245,44.553000000000004,0.94,1601775.0,False
300.0,ea7bd7600bcbe337da419744986a2765.param,1.0,0.0,0.0,68.286,1057470620.0,77303151d1857576b6069a34c87e47e8,1552883.0,1.0,0.0,44.76600000000001,7-34,1387130.0,0.0,1586012.0,10335.0,6.115,15761.0,10335.0,-1.0,28734.0,0.0,2088951.0,20531.0,1057470620.0,37.0,37.754,43.869,0.94,1601775.0,False
300.0,ea7bd7600bcbe337da419744986a2765.param,2.0,0.0,0.0,61.418,1057470620.0,77303151d1857576b6069a34c87e47e8,1552883.0,1.0,0.0,44.803000000000004,7-34,1387130.0,0.0,1586012.0,10335.0,6.279,15761.0,10335.0,-1.0,28734.0,0.0,2088951.0,20531.0,1057470620.0,37.0,37.663000000000004,43.942,0.94,1601775.0,False
300.0,2c863ef862f94f5be37b35a0e4c17156.param,0.0,0.0,0.0,43.48,1235388569.0,ff2f3fa0458603f69a58fed8aa437bc5,670711.0,1.0,0.0,13.487,7-34,502105.0,0.0,1018472.0,10244.0,3.995,10541.0,10244.0,-1.0,20914.0,0.0,989548.0,13669.0,1235388569.0,36.0,8.908,12.902999999999999,0.63,1029015.0,False
300.0,2c863ef862f94f5be37b35a0e4c17156.param,1.0,0.0,0.0,44.216,1235388569.0,ff2f3fa0458603f69a58fed8aa437bc5,670711.0,1.0,0.0,13.442,7-34,502105.0,0.0,1018472.0,10244.0,4.062,10541.0,10244.0,-1.0,20914.0,0.0,989548.0,13669.0,1235388569.0,36.0,8.802999999999997,12.865,0.63,1029015.0,False
300.0,2c863ef862f94f5be37b35a0e4c17156.param,2.0,0.0,0.0,41.28100000000001,1235388569.0,ff2f3fa0458603f69a58fed8aa437bc5,670711.0,1.0,0.0,13.344000000000001,7-34,502105.0,0.0,1018472.0,10244.0,3.969,10541.0,10244.0,-1.0,20914.0,0.0,989548.0,13669.0,1235388569.0,36.0,8.835,12.804,0.63,1029015.0,False
300.0,53797da70b0cf5f28e45644f5fda249f.param,0.0,0.0,0.0,9.096,1923385776.0,ef85907e737855ee6a2de3f6fa48a4ea,405782.0,1.0,0.0,6.995,7-34,307166.0,0.0,199952.0,10391.0,0.718,1933.0,10391.0,-1.0,13803.0,0.0,1095278.0,2245.0,1923385776.0,37.0,6.114,6.8320000000000025,0.42,201887.0,False
300.0,53797da70b0cf5f28e45644f5fda249f.param,1.0,0.0,0.0,9.577,1923385776.0,ef85907e737855ee6a2de3f6fa48a4ea,405782.0,1.0,0.0,6.797999999999999,7-34,307166.0,0.0,199952.0,10391.0,0.733,1933.0,10391.0,-1.0,13803.0,0.0,1095278.0,2245.0,1923385776.0,37.0,5.912999999999999,6.646,0.42,201887.0,False
300.0,53797da70b0cf5f28e45644f5fda249f.param,2.0,0.0,0.0,8.751,1923385776.0,ef85907e737855ee6a2de3f6fa48a4ea,405782.0,1.0,0.0,6.897,7-34,307166.0,0.0,199952.0,10391.0,0.775,1933.0,10391.0,-1.0,13803.0,0.0,1095278.0,2245.0,1923385776.0,37.0,5.983,6.757999999999999,0.42,201887.0,False
300.0,f3f514a91e7728b0df10399e56f94206.param,0.0,0.0,0.0,18.266,590654055.0,d76645f9dd3937a7e81f25a27853fd4f,70660.0,1.0,0.0,4.073,7-34,38674.0,0.0,421747.0,5615.0,1.5619999999999998,4460.0,5615.0,-1.0,6470.0,0.0,1048938.0,5577.0,590654055.0,24.0,2.2640000000000002,3.826,0.28,426209.0,False
300.0,f3f514a91e7728b0df10399e56f94206.param,1.0,0.0,0.0,18.633,590654055.0,d76645f9dd3937a7e81f25a27853fd4f,70660.0,1.0,0.0,4.398,7-34,38674.0,0.0,421747.0,5615.0,1.567,4460.0,5615.0,-1.0,6470.0,0.0,1048938.0,5577.0,590654055.0,24.0,2.549,4.1160000000000005,0.28,426209.0,False
300.0,f3f514a91e7728b0df10399e56f94206.param,2.0,0.0,0.0,18.165,590654055.0,d76645f9dd3937a7e81f25a27853fd4f,70660.0,1.0,0.0,4.227,7-34,38674.0,0.0,421747.0,5615.0,1.561,4460.0,5615.0,-1.0,6470.0,0.0,1048938.0,5577.0,590654055.0,24.0,2.4219999999999997,3.983,0.28,426209.0,False
300.0,86d0a459cbac55d6b0ecb8de1373f318.param,0.0,0.0,0.0,46.886,34754393.0,89ff9e054a0e239d8a35346eca7f5ca7,100961.0,1.0,0.0,8.837,7-34,21725.0,0.0,1152094.0,4120.0,4.448,16545.0,4120.0,-1.0,14781.0,0.0,596373.0,21602.0,34754393.0,17.0,3.5389999999999997,7.987,0.63,1168641.0,False
300.0,86d0a459cbac55d6b0ecb8de1373f318.param,1.0,0.0,0.0,49.677,34754393.0,89ff9e054a0e239d8a35346eca7f5ca7,100961.0,1.0,0.0,8.826,7-34,21725.0,0.0,1152094.0,4120.0,4.561,16545.0,4120.0,-1.0,14781.0,0.0,596373.0,21602.0,34754393.0,17.0,3.464,8.025,0.63,1168641.0,False
300.0,86d0a459cbac55d6b0ecb8de1373f318.param,2.0,0.0,0.0,46.858999999999995,34754393.0,89ff9e054a0e239d8a35346eca7f5ca7,100961.0,1.0,0.0,8.297,7-34,21725.0,0.0,1152094.0,4120.0,4.356,16545.0,4120.0,-1.0,14781.0,0.0,596373.0,21602.0,34754393.0,17.0,3.2769999999999997,7.632999999999999,0.63,1168641.0,False
300.0,ceb1794b37ee7a46798c6a75e6be96ab.param,0.0,0.0,0.0,17.26,590654055.0,c52238457658ebc1f6b377b4a38ce147,134849.0,1.0,0.0,11.849,7-34,52907.0,0.0,409320.0,6355.0,1.5090000000000001,4071.0,6355.0,-1.0,15419.0,0.0,1228185.0,5036.0,590654055.0,29.0,10.094,11.603,0.63,413393.0,False
300.0,ceb1794b37ee7a46798c6a75e6be96ab.param,1.0,0.0,0.0,18.070999999999998,590654055.0,c52238457658ebc1f6b377b4a38ce147,134849.0,1.0,0.0,11.911,7-34,52907.0,0.0,409320.0,6355.0,1.5119999999999998,4071.0,6355.0,-1.0,15419.0,0.0,1228185.0,5036.0,590654055.0,29.0,10.13,11.642000000000001,0.63,413393.0,False
300.0,ceb1794b37ee7a46798c6a75e6be96ab.param,2.0,0.0,0.0,17.629,590654055.0,c52238457658ebc1f6b377b4a38ce147,134849.0,1.0,0.0,11.912,7-34,52907.0,0.0,409320.0,6355.0,1.52,4071.0,6355.0,-1.0,15419.0,0.0,1228185.0,5036.0,590654055.0,29.0,10.142999999999999,11.663,0.63,413393.0,False
300.0,7b5860221ac4bf880739e34b36b6d1fb.param,0.0,0.0,0.0,47.56,95956545.0,3477f8221c8e8f10535e4f59af11620a,1155509.0,1.0,0.0,51.206,7-34,917428.0,0.0,1123537.0,11200.0,4.42,11166.0,11200.0,-1.0,20429.0,0.0,2454713.0,14491.0,95956545.0,40.0,46.15,50.57,0.63,1134705.0,False
300.0,7b5860221ac4bf880739e34b36b6d1fb.param,1.0,0.0,0.0,46.467,95956545.0,3477f8221c8e8f10535e4f59af11620a,1155509.0,1.0,0.0,52.36600000000001,7-34,917428.0,0.0,1123537.0,11200.0,4.352,11166.0,11200.0,-1.0,20429.0,0.0,2454713.0,14491.0,95956545.0,40.0,47.39100000000001,51.743,0.63,1134705.0,False
300.0,7b5860221ac4bf880739e34b36b6d1fb.param,2.0,0.0,0.0,47.619,95956545.0,3477f8221c8e8f10535e4f59af11620a,1155509.0,1.0,0.0,53.019,7-34,917428.0,0.0,1123537.0,11200.0,4.386,11166.0,11200.0,-1.0,20429.0,0.0,2454713.0,14491.0,95956545.0,40.0,47.827,52.213,0.63,1134705.0,False
300.0,f09afe8bb1fa94a49596406bf88166c9.param,0.0,0.0,0.0,45.836999999999996,1918631718.0,5bcee9da8cfdbb2a3aefd2cc638ab5c2,142742.0,1.0,0.0,8.811,7-34,35391.0,0.0,1147474.0,6356.0,4.457,12803.0,6356.0,-1.0,18472.0,0.0,934250.0,16642.0,1918631718.0,29.0,3.53,7.987,0.63,1160279.0,False
300.0,f09afe8bb1fa94a49596406bf88166c9.param,1.0,0.0,0.0,44.905,1918631718.0,5bcee9da8cfdbb2a3aefd2cc638ab5c2,142742.0,1.0,0.0,8.472999999999999,7-34,35391.0,0.0,1147474.0,6356.0,4.409,12803.0,6356.0,-1.0,18472.0,0.0,934250.0,16642.0,1918631718.0,29.0,3.429,7.837999999999999,0.63,1160279.0,False
300.0,f09afe8bb1fa94a49596406bf88166c9.param,2.0,0.0,0.0,49.306000000000004,1918631718.0,5bcee9da8cfdbb2a3aefd2cc638ab5c2,142742.0,1.0,0.0,8.607999999999999,7-34,35391.0,0.0,1147474.0,6356.0,4.487,12803.0,6356.0,-1.0,18472.0,0.0,934250.0,16642.0,1918631718.0,29.0,3.4530000000000003,7.94,0.63,1160279.0,False
300.0,e132556b0d38151640e92d05691dbdbe.param,0.0,0.0,0.0,72.676,1918631718.0,93f00e473a06cae6c7f5ed2a015f0e55,329078.0,1.0,0.0,19.332,7-34,161876.0,0.0,1857410.0,10289.0,7.234,19024.0,10289.0,-1.0,26467.0,0.0,1233139.0,24877.0,1918631718.0,36.0,10.76,17.994,0.94,1876436.0,False
300.0,e132556b0d38151640e92d05691dbdbe.param,1.0,0.0,0.0,73.23100000000002,1918631718.0,93f00e473a06cae6c7f5ed2a015f0e55,329078.0,1.0,0.0,19.028,7-34,161876.0,0.0,1857410.0,10289.0,7.148,19024.0,10289.0,-1.0,26467.0,0.0,1233139.0,24877.0,1918631718.0,36.0,10.782,17.93,0.94,1876436.0,False
300.0,e132556b0d38151640e92d05691dbdbe.param,2.0,0.0,0.0,69.755,1918631718.0,93f00e473a06cae6c7f5ed2a015f0e55,329078.0,1.0,0.0,18.707,7-34,161876.0,0.0,1857410.0,10289.0,7.1670000000000025,19024.0,10289.0,-1.0,26467.0,0.0,1233139.0,24877.0,1918631718.0,36.0,10.527999999999999,17.695,0.94,1876436.0,False
300.0,55b26376914ebad092e2e305df354383.param,0.0,0.0,0.0,23.816,1470727592.0,0a86ae440fb54c72f0a34d0f136df960,90197.0,1.0,0.0,6.021,7-34,31543.0,0.0,589367.0,6397.0,2.278,6505.0,6397.0,-1.0,9958.0,0.0,632105.0,8350.0,1470727592.0,29.0,3.3819999999999997,5.66,0.28,595874.0,False
300.0,55b26376914ebad092e2e305df354383.param,1.0,0.0,0.0,25.853,1470727592.0,0a86ae440fb54c72f0a34d0f136df960,90197.0,1.0,0.0,6.044,7-34,31543.0,0.0,589367.0,6397.0,2.362,6505.0,6397.0,-1.0,9958.0,0.0,632105.0,8350.0,1470727592.0,29.0,3.352,5.7139999999999995,0.28,595874.0,False
300.0,55b26376914ebad092e2e305df354383.param,2.0,0.0,0.0,26.244,1470727592.0,0a86ae440fb54c72f0a34d0f136df960,90197.0,1.0,0.0,6.027,7-34,31543.0,0.0,589367.0,6397.0,2.227,6505.0,6397.0,-1.0,9958.0,0.0,632105.0,8350.0,1470727592.0,29.0,3.4410000000000003,5.6679999999999975,0.28,595874.0,False
300.0,3a224236b6b589e9f8161cb41fb64421.param,0.0,0.0,0.0,37.634,2028359165.0,bdd5e580da2eb53dd0a347d197abf950,145088.0,1.0,0.0,14.700999999999999,7-34,40614.0,0.0,936454.0,9604.0,3.708,10221.0,9604.0,-1.0,13847.0,0.0,775541.0,13258.0,2028359165.0,32.0,10.489,14.197000000000001,0.42,946677.0,False
300.0,3a224236b6b589e9f8161cb41fb64421.param,1.0,0.0,0.0,36.772,2028359165.0,bdd5e580da2eb53dd0a347d197abf950,145088.0,1.0,0.0,14.792,7-34,40614.0,0.0,936454.0,9604.0,3.6,10221.0,9604.0,-1.0,13847.0,0.0,775541.0,13258.0,2028359165.0,32.0,10.674000000000001,14.274000000000001,0.42,946677.0,False
300.0,3a224236b6b589e9f8161cb41fb64421.param,2.0,0.0,0.0,39.825,2028359165.0,bdd5e580da2eb53dd0a347d197abf950,145088.0,1.0,0.0,14.833,7-34,40614.0,0.0,936454.0,9604.0,3.6519999999999997,10221.0,9604.0,-1.0,13847.0,0.0,775541.0,13258.0,2028359165.0,32.0,10.64,14.292,0.42,946677.0,False
300.0,9fea3b5fddf357019f10d5f61fc8a74b.param,0.0,0.0,0.0,36.547,693280077.0,9dbe930bcef41e3772c91c52186c3643,57366.0,1.0,0.0,5.834,7-34,21918.0,0.0,951266.0,4147.0,3.628,13280.0,4147.0,-1.0,8682.0,0.0,464764.0,17325.0,693280077.0,17.0,1.6480000000000001,5.276,0.63,964548.0,False
300.0,9fea3b5fddf357019f10d5f61fc8a74b.param,1.0,0.0,0.0,37.676,693280077.0,9dbe930bcef41e3772c91c52186c3643,57366.0,1.0,0.0,5.76,7-34,21918.0,0.0,951266.0,4147.0,3.596,13280.0,4147.0,-1.0,8682.0,0.0,464764.0,17325.0,693280077.0,17.0,1.633,5.229,0.63,964548.0,False
300.0,9fea3b5fddf357019f10d5f61fc8a74b.param,2.0,0.0,0.0,39.62300000000001,693280077.0,9dbe930bcef41e3772c91c52186c3643,57366.0,1.0,0.0,6.087999999999999,7-34,21918.0,0.0,951266.0,4147.0,3.707,13280.0,4147.0,-1.0,8682.0,0.0,464764.0,17325.0,693280077.0,17.0,1.758,5.465,0.63,964548.0,False
300.0,accc739b7443ee6f6c986b29106d30b2.param,0.0,0.0,0.0,68.416,1057470620.0,ef763876a46b58d93aa7d27c94e14d48,140117.0,1.0,0.0,12.395,7-34,61204.0,0.0,1730772.0,10203.0,6.862,16701.0,10203.0,-1.0,11585.0,0.0,1208942.0,21821.0,1057470620.0,36.0,4.618,11.48,0.63,1747475.0,False
300.0,accc739b7443ee6f6c986b29106d30b2.param,1.0,0.0,0.0,67.3,1057470620.0,ef763876a46b58d93aa7d27c94e14d48,140117.0,1.0,0.0,13.263,7-34,61204.0,0.0,1730772.0,10203.0,6.92,16701.0,10203.0,-1.0,11585.0,0.0,1208942.0,21821.0,1057470620.0,36.0,5.037,11.957,0.63,1747475.0,False
300.0,accc739b7443ee6f6c986b29106d30b2.param,2.0,0.0,0.0,74.954,1057470620.0,ef763876a46b58d93aa7d27c94e14d48,140117.0,1.0,0.0,12.677,7-34,61204.0,0.0,1730772.0,10203.0,6.7479999999999976,16701.0,10203.0,-1.0,11585.0,0.0,1208942.0,21821.0,1057470620.0,36.0,4.72,11.468,0.63,1747475.0,False
300.0,5f169f8946c848c062a4dd468eb064c1.param,0.0,0.0,0.0,71.73899999999998,2136253402.0,102b74a82981e7798f9d25fe0a768f7b,566936.0,1.0,0.0,22.055999999999997,7-34,431252.0,0.0,1818271.0,11390.0,6.981,17213.0,11390.0,-1.0,17737.0,0.0,1311635.0,22502.0,2136253402.0,41.0,14.065,21.046,0.63,1835486.0,False
300.0,5f169f8946c848c062a4dd468eb064c1.param,1.0,0.0,0.0,73.39399999999998,2136253402.0,102b74a82981e7798f9d25fe0a768f7b,566936.0,1.0,0.0,22.255,7-34,431252.0,0.0,1818271.0,11390.0,7.0360000000000005,17213.0,11390.0,-1.0,17737.0,0.0,1311635.0,22502.0,2136253402.0,41.0,14.206,21.241999999999997,0.63,1835486.0,False
300.0,5f169f8946c848c062a4dd468eb064c1.param,2.0,0.0,0.0,72.992,2136253402.0,102b74a82981e7798f9d25fe0a768f7b,566936.0,1.0,0.0,22.18,7-34,431252.0,0.0,1818271.0,11390.0,7.122000000000001,17213.0,11390.0,-1.0,17737.0,0.0,1311635.0,22502.0,2136253402.0,41.0,14.059000000000001,21.180999999999997,0.63,1835486.0,False
300.0,c7380516182e520bfda807e4d9ed529d.param,0.0,0.0,0.0,10.655,1057470620.0,c068f11fa7a240c98485e83d2a48d617,130338.0,1.0,0.0,14.104000000000001,7-34,41800.0,0.0,231626.0,9751.0,0.8390000000000001,2329.0,9751.0,-1.0,13282.0,0.0,1159426.0,2707.0,1057470620.0,33.0,13.106,13.945,0.42,233957.0,False
300.0,c7380516182e520bfda807e4d9ed529d.param,1.0,0.0,0.0,10.073,1057470620.0,c068f11fa7a240c98485e83d2a48d617,130338.0,1.0,0.0,14.354000000000001,7-34,41800.0,0.0,231626.0,9751.0,0.853,2329.0,9751.0,-1.0,13282.0,0.0,1159426.0,2707.0,1057470620.0,33.0,13.334000000000001,14.187000000000001,0.42,233957.0,False
300.0,c7380516182e520bfda807e4d9ed529d.param,2.0,0.0,0.0,10.234,1057470620.0,c068f11fa7a240c98485e83d2a48d617,130338.0,1.0,0.0,14.251,7-34,41800.0,0.0,231626.0,9751.0,0.8440000000000001,2329.0,9751.0,-1.0,13282.0,0.0,1159426.0,2707.0,1057470620.0,33.0,13.242,14.085999999999999,0.42,233957.0,False
300.0,c73e9bafac569591c4ea47d45cfac20c.param,0.0,0.0,0.0,29.721999999999998,1918631718.0,9ea45d782d40a9214a1ce712c318ccd9,207514.0,1.0,0.0,22.141,7-34,47782.0,0.0,700242.0,10378.0,2.636,7031.0,10378.0,-1.0,24916.0,0.0,1084921.0,8964.0,1918631718.0,37.0,19.072,21.708000000000002,0.94,707275.0,False
300.0,c73e9bafac569591c4ea47d45cfac20c.param,1.0,0.0,0.0,29.55,1918631718.0,9ea45d782d40a9214a1ce712c318ccd9,207514.0,1.0,0.0,21.875,7-34,47782.0,0.0,700242.0,10378.0,2.6239999999999997,7031.0,10378.0,-1.0,24916.0,0.0,1084921.0,8964.0,1918631718.0,37.0,18.846,21.47,0.94,707275.0,False
300.0,c73e9bafac569591c4ea47d45cfac20c.param,2.0,0.0,0.0,30.44400000000001,1918631718.0,9ea45d782d40a9214a1ce712c318ccd9,207514.0,1.0,0.0,21.929000000000002,7-34,47782.0,0.0,700242.0,10378.0,2.714,7031.0,10378.0,-1.0,24916.0,0.0,1084921.0,8964.0,1918631718.0,37.0,18.814,21.528000000000002,0.94,707275.0,False
300.0,7c50c2c12e2aac2541da57a3aad7ca55.param,0.0,0.0,0.0,72.882,182366586.0,5bd37cd0ff95499695c37d7ca5e4cad1,685498.0,1.0,0.0,41.025,7-34,430754.0,0.0,1767579.0,10201.0,6.791,18291.0,10201.0,-1.0,27066.0,0.0,2384223.0,23952.0,182366586.0,36.0,33.314,40.105,0.94,1785872.0,False
300.0,7c50c2c12e2aac2541da57a3aad7ca55.param,1.0,0.0,0.0,67.303,182366586.0,5bd37cd0ff95499695c37d7ca5e4cad1,685498.0,1.0,0.0,41.468999999999994,7-34,430754.0,0.0,1767579.0,10201.0,6.815,18291.0,10201.0,-1.0,27066.0,0.0,2384223.0,23952.0,182366586.0,36.0,33.395,40.21,0.94,1785872.0,False
300.0,7c50c2c12e2aac2541da57a3aad7ca55.param,2.0,0.0,0.0,68.759,182366586.0,5bd37cd0ff95499695c37d7ca5e4cad1,685498.0,1.0,0.0,42.769,7-34,430754.0,0.0,1767579.0,10201.0,6.88,18291.0,10201.0,-1.0,27066.0,0.0,2384223.0,23952.0,182366586.0,36.0,34.634,41.513999999999996,0.94,1785872.0,False
300.0,d77b1e8e85636e2a8e697f0467151b32.param,0.0,0.0,0.0,10.079,590654055.0,5ba44be939c4be7eee7e2b9a75b59afb,134312.0,1.0,0.0,12.31,7-34,53183.0,0.0,222206.0,9743.0,0.8109999999999999,2257.0,9743.0,-1.0,13249.0,0.0,1147621.0,2623.0,590654055.0,33.0,11.292,12.103,0.42,224465.0,False
300.0,d77b1e8e85636e2a8e697f0467151b32.param,1.0,0.0,0.0,10.622,590654055.0,5ba44be939c4be7eee7e2b9a75b59afb,134312.0,1.0,0.0,12.335999999999999,7-34,53183.0,0.0,222206.0,9743.0,0.889,2257.0,9743.0,-1.0,13249.0,0.0,1147621.0,2623.0,590654055.0,33.0,11.26,12.149000000000001,0.42,224465.0,False
300.0,d77b1e8e85636e2a8e697f0467151b32.param,2.0,0.0,0.0,9.935,590654055.0,5ba44be939c4be7eee7e2b9a75b59afb,134312.0,1.0,0.0,12.162,7-34,53183.0,0.0,222206.0,9743.0,0.847,2257.0,9743.0,-1.0,13249.0,0.0,1147621.0,2623.0,590654055.0,33.0,11.127,11.974,0.42,224465.0,False
300.0,bb83bd2588db308f9da59945e9f53761.param,0.0,0.0,0.0,37.868,823094821.0,0277801a745119f48ddd1d0a2e466883,129729.0,1.0,0.0,9.131,7-34,74177.0,0.0,888302.0,5747.0,3.366,10497.0,5747.0,-1.0,11799.0,0.0,968746.0,13648.0,823094821.0,25.0,5.271,8.637,0.42,898801.0,False
300.0,bb83bd2588db308f9da59945e9f53761.param,1.0,0.0,0.0,36.641999999999996,823094821.0,0277801a745119f48ddd1d0a2e466883,129729.0,1.0,0.0,9.538,7-34,74177.0,0.0,888302.0,5747.0,3.447,10497.0,5747.0,-1.0,11799.0,0.0,968746.0,13648.0,823094821.0,25.0,5.419,8.866,0.42,898801.0,False
300.0,bb83bd2588db308f9da59945e9f53761.param,2.0,0.0,0.0,34.274,823094821.0,0277801a745119f48ddd1d0a2e466883,129729.0,1.0,0.0,9.067,7-34,74177.0,0.0,888302.0,5747.0,3.36,10497.0,5747.0,-1.0,11799.0,0.0,968746.0,13648.0,823094821.0,25.0,5.2139999999999995,8.574,0.42,898801.0,False
300.0,971e5d247ffd98140d5d9199460cd7b4.param,0.0,0.0,0.0,31.115,1257636424.0,defab97100bef04b0965159764d80c32,127893.0,1.0,0.0,17.564,7-34,26652.0,0.0,759485.0,9727.0,2.957,8028.0,9727.0,-1.0,19038.0,0.0,1303845.0,10305.0,1257636424.0,33.0,14.19,17.147000000000002,0.63,767515.0,False
300.0,971e5d247ffd98140d5d9199460cd7b4.param,1.0,0.0,0.0,34.346,1257636424.0,defab97100bef04b0965159764d80c32,127893.0,1.0,0.0,17.746,7-34,26652.0,0.0,759485.0,9727.0,2.948,8028.0,9727.0,-1.0,19038.0,0.0,1303845.0,10305.0,1257636424.0,33.0,14.227,17.175,0.63,767515.0,False
300.0,971e5d247ffd98140d5d9199460cd7b4.param,2.0,0.0,0.0,33.463,1257636424.0,defab97100bef04b0965159764d80c32,127893.0,1.0,0.0,17.944000000000006,7-34,26652.0,0.0,759485.0,9727.0,2.873,8028.0,9727.0,-1.0,19038.0,0.0,1303845.0,10305.0,1257636424.0,33.0,14.495999999999999,17.369,0.63,767515.0,False
300.0,61f5f3058b749cd913e33ba1bf9fcead.param,0.0,0.0,0.0,5.465,693280077.0,fa4a3b6ec748481e1be92e61524b05d9,60006.0,1.0,0.0,2.133,7-34,28992.0,0.0,117841.0,4784.0,0.415,1397.0,4784.0,-1.0,7482.0,0.0,707723.0,1508.0,693280077.0,21.0,1.62,2.035,0.28,119240.0,False
300.0,61f5f3058b749cd913e33ba1bf9fcead.param,1.0,0.0,0.0,5.7070000000000025,693280077.0,fa4a3b6ec748481e1be92e61524b05d9,60006.0,1.0,0.0,2.365,7-34,28992.0,0.0,117841.0,4784.0,0.479,1397.0,4784.0,-1.0,7482.0,0.0,707723.0,1508.0,693280077.0,21.0,1.7830000000000001,2.262,0.28,119240.0,False
300.0,61f5f3058b749cd913e33ba1bf9fcead.param,2.0,0.0,0.0,5.569,693280077.0,fa4a3b6ec748481e1be92e61524b05d9,60006.0,1.0,0.0,2.157,7-34,28992.0,0.0,117841.0,4784.0,0.426,1397.0,4784.0,-1.0,7482.0,0.0,707723.0,1508.0,693280077.0,21.0,1.626,2.052,0.28,119240.0,False
300.0,36fc98d1195ddc35e5ef9eb80f9a3178.param,0.0,0.0,0.0,12.199000000000002,270657042.0,8eead96e6ca53cfaade36242152bbed6,26199.0,1.0,0.0,2.68,7-34,3840.0,0.0,280606.0,4699.0,1.0270000000000001,3713.0,4699.0,-1.0,4651.0,0.0,371540.0,4685.0,270657042.0,20.0,1.473,2.5,0.19,284321.0,False
300.0,36fc98d1195ddc35e5ef9eb80f9a3178.param,1.0,0.0,0.0,13.505999999999998,270657042.0,8eead96e6ca53cfaade36242152bbed6,26199.0,1.0,0.0,2.688,7-34,3840.0,0.0,280606.0,4699.0,1.0390000000000001,3713.0,4699.0,-1.0,4651.0,0.0,371540.0,4685.0,270657042.0,20.0,1.4669999999999999,2.506,0.19,284321.0,False
300.0,36fc98d1195ddc35e5ef9eb80f9a3178.param,2.0,0.0,0.0,11.82,270657042.0,8eead96e6ca53cfaade36242152bbed6,26199.0,1.0,0.0,2.6689999999999996,7-34,3840.0,0.0,280606.0,4699.0,1.022,3713.0,4699.0,-1.0,4651.0,0.0,371540.0,4685.0,270657042.0,20.0,1.4669999999999999,2.489,0.19,284321.0,False
300.0,3516b948e6368c1e04e766cb3dbf658f.param,0.0,0.0,0.0,89.42299999999999,1235388569.0,c211487aa4ec0928f10193f81d0a1153,441548.0,1.0,0.0,33.443000000000005,7-34,230707.0,0.0,2398672.0,10289.0,9.382,24566.0,10289.0,-1.0,21368.0,0.0,2458481.0,32271.0,1235388569.0,36.0,22.774,32.156,0.94,2423240.0,False
300.0,3516b948e6368c1e04e766cb3dbf658f.param,1.0,0.0,0.0,98.275,1235388569.0,c211487aa4ec0928f10193f81d0a1153,441548.0,1.0,0.0,34.384,7-34,230707.0,0.0,2398672.0,10289.0,9.203,24566.0,10289.0,-1.0,21368.0,0.0,2458481.0,32271.0,1235388569.0,36.0,23.909000000000002,33.111999999999995,0.94,2423240.0,False
300.0,3516b948e6368c1e04e766cb3dbf658f.param,2.0,0.0,0.0,95.64399999999999,1235388569.0,c211487aa4ec0928f10193f81d0a1153,441548.0,1.0,0.0,36.296,7-34,230707.0,0.0,2398672.0,10289.0,9.238,24566.0,10289.0,-1.0,21368.0,0.0,2458481.0,32271.0,1235388569.0,36.0,25.288,34.525999999999996,0.94,2423240.0,False
300.0,2cf01039b19cea84eef8c942aea32605.param,0.0,0.0,0.0,68.425,1057470620.0,46f9945b86e4da2774aba42268ae3269,555720.0,1.0,0.0,36.528,7-34,369116.0,0.0,1834382.0,11200.0,7.025,18049.0,11200.0,-1.0,21577.0,0.0,1373776.0,23581.0,1057470620.0,40.0,28.50800000000001,35.533,0.63,1852433.0,False
300.0,2cf01039b19cea84eef8c942aea32605.param,1.0,0.0,0.0,73.861,1057470620.0,46f9945b86e4da2774aba42268ae3269,555720.0,1.0,0.0,38.141,7-34,369116.0,0.0,1834382.0,11200.0,7.435,18049.0,11200.0,-1.0,21577.0,0.0,1373776.0,23581.0,1057470620.0,40.0,29.401,36.836,0.63,1852433.0,False
300.0,2cf01039b19cea84eef8c942aea32605.param,2.0,0.0,0.0,73.985,1057470620.0,46f9945b86e4da2774aba42268ae3269,555720.0,1.0,0.0,37.408,7-34,369116.0,0.0,1834382.0,11200.0,7.05,18049.0,11200.0,-1.0,21577.0,0.0,1373776.0,23581.0,1057470620.0,40.0,29.025,36.075,0.63,1852433.0,False
300.0,d6dbb131b6c4096427e3cdbc24174d58.param,0.0,0.0,0.0,16.025,254168822.0,84c1025754b1e0817407e4fef0ac08c7,164887.0,1.0,0.0,8.454,7-34,84038.0,0.0,351646.0,9770.0,1.402,3680.0,9770.0,-1.0,11414.0,0.0,866112.0,4597.0,254168822.0,33.0,6.8229999999999995,8.225,0.42,355328.0,False
300.0,d6dbb131b6c4096427e3cdbc24174d58.param,1.0,0.0,0.0,15.937999999999999,254168822.0,84c1025754b1e0817407e4fef0ac08c7,164887.0,1.0,0.0,8.357999999999999,7-34,84038.0,0.0,351646.0,9770.0,1.3719999999999999,3680.0,9770.0,-1.0,11414.0,0.0,866112.0,4597.0,254168822.0,33.0,6.691,8.062999999999999,0.42,355328.0,False
300.0,d6dbb131b6c4096427e3cdbc24174d58.param,2.0,0.0,0.0,15.497,254168822.0,84c1025754b1e0817407e4fef0ac08c7,164887.0,1.0,0.0,8.279,7-34,84038.0,0.0,351646.0,9770.0,1.3530000000000002,3680.0,9770.0,-1.0,11414.0,0.0,866112.0,4597.0,254168822.0,33.0,6.641,7.994,0.42,355328.0,False
300.0,97b29b11b39e49b80f3ff828f7a4f470.param,0.0,0.0,0.0,25.695999999999998,372553220.0,2cef16f53b87f8dc4297c551dbdc93ab,64839.0,1.0,0.0,3.807,7-34,17376.0,0.0,585326.0,5747.0,2.18,7001.0,5747.0,-1.0,10145.0,0.0,712465.0,9000.0,372553220.0,25.0,1.285,3.465,0.42,592329.0,False
300.0,97b29b11b39e49b80f3ff828f7a4f470.param,1.0,0.0,0.0,23.95300000000001,372553220.0,2cef16f53b87f8dc4297c551dbdc93ab,64839.0,1.0,0.0,3.839,7-34,17376.0,0.0,585326.0,5747.0,2.187,7001.0,5747.0,-1.0,10145.0,0.0,712465.0,9000.0,372553220.0,25.0,1.3130000000000002,3.5,0.42,592329.0,False
300.0,97b29b11b39e49b80f3ff828f7a4f470.param,2.0,0.0,0.0,24.447,372553220.0,2cef16f53b87f8dc4297c551dbdc93ab,64839.0,1.0,0.0,3.8680000000000003,7-34,17376.0,0.0,585326.0,5747.0,2.248,7001.0,5747.0,-1.0,10145.0,0.0,712465.0,9000.0,372553220.0,25.0,1.278,3.5260000000000002,0.42,592329.0,False
300.0,92f07d9616904178c202cd6d7e0ae97d.param,0.0,0.0,0.0,29.284000000000002,1098776393.0,0aa6f7a51819e4838c5bd24f2baa5464,117673.0,1.0,0.0,6.742000000000001,7-34,38761.0,0.0,688651.0,9729.0,2.559,7203.0,9729.0,-1.0,11917.0,0.0,878450.0,9270.0,1098776393.0,33.0,3.805,6.364,0.42,695856.0,False
300.0,92f07d9616904178c202cd6d7e0ae97d.param,1.0,0.0,0.0,28.631,1098776393.0,0aa6f7a51819e4838c5bd24f2baa5464,117673.0,1.0,0.0,6.699,7-34,38761.0,0.0,688651.0,9729.0,2.571,7203.0,9729.0,-1.0,11917.0,0.0,878450.0,9270.0,1098776393.0,33.0,3.7239999999999998,6.295,0.42,695856.0,False
300.0,92f07d9616904178c202cd6d7e0ae97d.param,2.0,0.0,0.0,28.026,1098776393.0,0aa6f7a51819e4838c5bd24f2baa5464,117673.0,1.0,0.0,6.853,7-34,38761.0,0.0,688651.0,9729.0,2.659,7203.0,9729.0,-1.0,11917.0,0.0,878450.0,9270.0,1098776393.0,33.0,3.798,6.4570000000000025,0.42,695856.0,False
300.0,a78197c32b5c06c92ee4f6e438ee3962.param,0.0,0.0,0.0,72.408,506016928.0,25762f53907a181c37195fda984d1dbf,107632.0,1.0,0.0,10.800999999999998,7-34,32662.0,0.0,1805425.0,6397.0,7.046,20141.0,6397.0,-1.0,13213.0,0.0,778683.0,26416.0,506016928.0,29.0,2.748,9.794,0.94,1825568.0,False
300.0,a78197c32b5c06c92ee4f6e438ee3962.param,1.0,0.0,0.0,77.67399999999998,506016928.0,25762f53907a181c37195fda984d1dbf,107632.0,1.0,0.0,11.61,7-34,32662.0,0.0,1805425.0,6397.0,7.369,20141.0,6397.0,-1.0,13213.0,0.0,778683.0,26416.0,506016928.0,29.0,2.911,10.28,0.94,1825568.0,False
300.0,a78197c32b5c06c92ee4f6e438ee3962.param,2.0,0.0,0.0,67.992,506016928.0,25762f53907a181c37195fda984d1dbf,107632.0,1.0,0.0,11.595,7-34,32662.0,0.0,1805425.0,6397.0,7.26,20141.0,6397.0,-1.0,13213.0,0.0,778683.0,26416.0,506016928.0,29.0,3.0210000000000004,10.280999999999999,0.94,1825568.0,False
300.0,37f39e77e4ab35860e338849791d985b.param,0.0,0.0,0.0,57.861999999999995,1057470620.0,f0093fca5d2d349b737d9a66eb30f285,298910.0,1.0,0.0,13.936,7-34,115641.0,0.0,1445273.0,11201.0,5.615,13947.0,11201.0,-1.0,19037.0,0.0,1397070.0,18144.0,1057470620.0,40.0,7.537000000000001,13.152000000000001,0.63,1459222.0,False
300.0,37f39e77e4ab35860e338849791d985b.param,1.0,0.0,0.0,58.178999999999995,1057470620.0,f0093fca5d2d349b737d9a66eb30f285,298910.0,1.0,0.0,14.182,7-34,115641.0,0.0,1445273.0,11201.0,5.6110000000000015,13947.0,11201.0,-1.0,19037.0,0.0,1397070.0,18144.0,1057470620.0,40.0,7.7479999999999976,13.359000000000002,0.63,1459222.0,False
300.0,37f39e77e4ab35860e338849791d985b.param,2.0,0.0,0.0,59.138999999999996,1057470620.0,f0093fca5d2d349b737d9a66eb30f285,298910.0,1.0,0.0,13.681,7-34,115641.0,0.0,1445273.0,11201.0,5.524,13947.0,11201.0,-1.0,19037.0,0.0,1397070.0,18144.0,1057470620.0,40.0,7.3729999999999976,12.897,0.63,1459222.0,False
300.0,ea9e2588afe4504c0be19561db25ccfd.param,0.0,0.0,0.0,36.16,2050821110.0,6136be585e2ff2dd1edc49a75ad24a20,126179.0,1.0,0.0,9.368,7-34,29487.0,0.0,866966.0,5669.0,3.2969999999999997,10753.0,5669.0,-1.0,14932.0,0.0,1085138.0,13987.0,2050821110.0,24.0,5.572,8.869,0.63,877721.0,False
300.0,ea9e2588afe4504c0be19561db25ccfd.param,1.0,0.0,0.0,34.116,2050821110.0,6136be585e2ff2dd1edc49a75ad24a20,126179.0,1.0,0.0,9.34,7-34,29487.0,0.0,866966.0,5669.0,3.386,10753.0,5669.0,-1.0,14932.0,0.0,1085138.0,13987.0,2050821110.0,24.0,5.461,8.847000000000003,0.63,877721.0,False
300.0,ea9e2588afe4504c0be19561db25ccfd.param,2.0,0.0,0.0,35.512,2050821110.0,6136be585e2ff2dd1edc49a75ad24a20,126179.0,1.0,0.0,9.316,7-34,29487.0,0.0,866966.0,5669.0,3.306,10753.0,5669.0,-1.0,14932.0,0.0,1085138.0,13987.0,2050821110.0,24.0,5.477,8.783,0.63,877721.0,False
300.0,8dbc47c71dc08cbc8ffa4bf3b92aa057.param,0.0,0.0,0.0,20.851999999999997,1571287961.0,10b8b1ac63a845cb20c1ec28745957fc,60726.0,1.0,0.0,6.711,7-34,11887.0,0.0,460697.0,4601.0,1.757,6176.0,4601.0,-1.0,9764.0,0.0,741506.0,7869.0,1571287961.0,20.0,4.663,6.42,0.42,466875.0,False
300.0,8dbc47c71dc08cbc8ffa4bf3b92aa057.param,1.0,0.0,0.0,20.285,1571287961.0,10b8b1ac63a845cb20c1ec28745957fc,60726.0,1.0,0.0,6.723,7-34,11887.0,0.0,460697.0,4601.0,1.7309999999999999,6176.0,4601.0,-1.0,9764.0,0.0,741506.0,7869.0,1571287961.0,20.0,4.703,6.434,0.42,466875.0,False
300.0,8dbc47c71dc08cbc8ffa4bf3b92aa057.param,2.0,0.0,0.0,20.503,1571287961.0,10b8b1ac63a845cb20c1ec28745957fc,60726.0,1.0,0.0,6.681,7-34,11887.0,0.0,460697.0,4601.0,1.736,6176.0,4601.0,-1.0,9764.0,0.0,741506.0,7869.0,1571287961.0,20.0,4.667,6.403,0.42,466875.0,False
300.0,9a031fb141138ee9bc8fad2cc059ee0e.param,0.0,0.0,0.0,17.02,95956545.0,5e153f56cb971f97ccea4d44763dd438,123734.0,1.0,0.0,5.8770000000000024,7-34,38509.0,0.0,405296.0,9601.0,1.5719999999999998,4426.0,9601.0,-1.0,12989.0,0.0,961262.0,5575.0,95956545.0,32.0,4.0569999999999995,5.629,0.42,409724.0,False
300.0,9a031fb141138ee9bc8fad2cc059ee0e.param,1.0,0.0,0.0,17.914,95956545.0,5e153f56cb971f97ccea4d44763dd438,123734.0,1.0,0.0,5.925,7-34,38509.0,0.0,405296.0,9601.0,1.5730000000000002,4426.0,9601.0,-1.0,12989.0,0.0,961262.0,5575.0,95956545.0,32.0,4.103,5.676,0.42,409724.0,False
300.0,9a031fb141138ee9bc8fad2cc059ee0e.param,2.0,0.0,0.0,17.205,95956545.0,5e153f56cb971f97ccea4d44763dd438,123734.0,1.0,0.0,5.791,7-34,38509.0,0.0,405296.0,9601.0,1.5,4426.0,9601.0,-1.0,12989.0,0.0,961262.0,5575.0,95956545.0,32.0,4.053,5.553,0.42,409724.0,False
300.0,056d65a7bb6760a4c29fabc08869fd2b.param,0.0,0.0,0.0,95.85700000000001,160742207.0,737fb01a2ecdd66618ac3ac6d30573fb,271053.0,1.0,0.0,50.495,7-34,44427.0,0.0,2498626.0,11200.0,9.698,25076.0,11200.0,-1.0,19542.0,0.0,3596170.0,32945.0,160742207.0,40.0,38.919000000000004,48.617,0.94,2523704.0,False
300.0,056d65a7bb6760a4c29fabc08869fd2b.param,1.0,0.0,0.0,96.038,160742207.0,737fb01a2ecdd66618ac3ac6d30573fb,271053.0,1.0,0.0,49.11,7-34,44427.0,0.0,2498626.0,11200.0,9.76,25076.0,11200.0,-1.0,19542.0,0.0,3596170.0,32945.0,160742207.0,40.0,37.474000000000004,47.233999999999995,0.94,2523704.0,False
300.0,056d65a7bb6760a4c29fabc08869fd2b.param,2.0,0.0,0.0,99.81299999999999,160742207.0,737fb01a2ecdd66618ac3ac6d30573fb,271053.0,1.0,0.0,50.903,7-34,44427.0,0.0,2498626.0,11200.0,9.695,25076.0,11200.0,-1.0,19542.0,0.0,3596170.0,32945.0,160742207.0,40.0,39.891,49.58600000000001,0.94,2523704.0,False
300.0,ba4c3b35debdf0cbd1cf9beea46e68ac.param,0.0,0.0,0.0,15.874,1083416308.0,63ad5d152b22e8d8c99acee5c4a0e642,70072.0,1.0,0.0,3.404,7-34,19862.0,0.0,358685.0,5780.0,1.3359999999999999,4241.0,5780.0,-1.0,8584.0,0.0,693426.0,5356.0,1083416308.0,25.0,1.8430000000000002,3.179,0.28,362928.0,False
300.0,ba4c3b35debdf0cbd1cf9beea46e68ac.param,1.0,0.0,0.0,16.183,1083416308.0,63ad5d152b22e8d8c99acee5c4a0e642,70072.0,1.0,0.0,3.528,7-34,19862.0,0.0,358685.0,5780.0,1.402,4241.0,5780.0,-1.0,8584.0,0.0,693426.0,5356.0,1083416308.0,25.0,1.893,3.295,0.28,362928.0,False
300.0,ba4c3b35debdf0cbd1cf9beea46e68ac.param,2.0,0.0,0.0,16.132,1083416308.0,63ad5d152b22e8d8c99acee5c4a0e642,70072.0,1.0,0.0,3.341,7-34,19862.0,0.0,358685.0,5780.0,1.3159999999999998,4241.0,5780.0,-1.0,8584.0,0.0,693426.0,5356.0,1083416308.0,25.0,1.804,3.12,0.28,362928.0,False
300.0,21ba7bf1bed51e1d4137a5d2b4095413.param,0.0,0.0,0.0,45.619,753387864.0,c3852c7903f3b1ab26818d6b9edaccf3,53781.0,1.0,0.0,8.008,7-34,8792.0,0.0,1160488.0,4730.0,4.4319999999999995,15143.0,4730.0,-1.0,10207.0,0.0,1060916.0,19812.0,753387864.0,21.0,2.908,7.34,0.94,1175633.0,False
300.0,21ba7bf1bed51e1d4137a5d2b4095413.param,1.0,0.0,0.0,48.40600000000001,753387864.0,c3852c7903f3b1ab26818d6b9edaccf3,53781.0,1.0,0.0,8.189,7-34,8792.0,0.0,1160488.0,4730.0,4.559,15143.0,4730.0,-1.0,10207.0,0.0,1060916.0,19812.0,753387864.0,21.0,2.9360000000000004,7.495,0.94,1175633.0,False
300.0,21ba7bf1bed51e1d4137a5d2b4095413.param,2.0,0.0,0.0,46.567,753387864.0,c3852c7903f3b1ab26818d6b9edaccf3,53781.0,1.0,0.0,8.329,7-34,8792.0,0.0,1160488.0,4730.0,4.496,15143.0,4730.0,-1.0,10207.0,0.0,1060916.0,19812.0,753387864.0,21.0,2.964,7.46,0.94,1175633.0,False
300.0,ffb2d731edec22edde6bc403f6c68136.param,0.0,0.0,0.0,33.978,1470727592.0,f3e5a4ced2e0f1081568d7b9bcaaff85,157080.0,1.0,0.0,8.554,7-34,82659.0,0.0,806604.0,5637.0,3.0189999999999997,9882.0,5637.0,-1.0,11374.0,0.0,747614.0,12843.0,1470727592.0,24.0,5.052,8.071,0.42,816488.0,False
300.0,ffb2d731edec22edde6bc403f6c68136.param,1.0,0.0,0.0,31.636999999999997,1470727592.0,f3e5a4ced2e0f1081568d7b9bcaaff85,157080.0,1.0,0.0,8.706,7-34,82659.0,0.0,806604.0,5637.0,3.217,9882.0,5637.0,-1.0,11374.0,0.0,747614.0,12843.0,1470727592.0,24.0,5.022,8.238999999999999,0.42,816488.0,False
300.0,ffb2d731edec22edde6bc403f6c68136.param,2.0,0.0,0.0,31.675,1470727592.0,f3e5a4ced2e0f1081568d7b9bcaaff85,157080.0,1.0,0.0,8.346,7-34,82659.0,0.0,806604.0,5637.0,3.01,9882.0,5637.0,-1.0,11374.0,0.0,747614.0,12843.0,1470727592.0,24.0,4.885,7.895,0.42,816488.0,False
300.0,4ee13ffb8d0ec1ceaf1bb37447281f58.param,0.0,0.0,0.0,28.73,506016928.0,9ca357b99560943dcdeacc19ec2d6407,46795.0,1.0,0.0,3.925,7-34,21573.0,0.0,685305.0,4116.0,2.647,9843.0,4116.0,-1.0,6413.0,0.0,386856.0,12780.0,506016928.0,17.0,0.866,3.513,0.42,695150.0,False
300.0,4ee13ffb8d0ec1ceaf1bb37447281f58.param,1.0,0.0,0.0,28.426,506016928.0,9ca357b99560943dcdeacc19ec2d6407,46795.0,1.0,0.0,4.209,7-34,21573.0,0.0,685305.0,4116.0,2.812,9843.0,4116.0,-1.0,6413.0,0.0,386856.0,12780.0,506016928.0,17.0,0.9359999999999999,3.748,0.42,695150.0,False
300.0,4ee13ffb8d0ec1ceaf1bb37447281f58.param,2.0,0.0,0.0,28.546,506016928.0,9ca357b99560943dcdeacc19ec2d6407,46795.0,1.0,0.0,3.8369999999999997,7-34,21573.0,0.0,685305.0,4116.0,2.577,9843.0,4116.0,-1.0,6413.0,0.0,386856.0,12780.0,506016928.0,17.0,0.867,3.444,0.42,695150.0,False
300.0,d8b978c6119710e61692eb0c8ed59509.param,0.0,0.0,0.0,42.847,1571287961.0,e1576ca91eed911875852d9fa4e7c390,245827.0,1.0,0.0,12.65,7-34,129500.0,0.0,1084662.0,6357.0,4.332,11969.0,6357.0,-1.0,19193.0,0.0,1480540.0,15531.0,1571287961.0,29.0,7.6670000000000025,11.999,0.63,1096633.0,False
300.0,d8b978c6119710e61692eb0c8ed59509.param,1.0,0.0,0.0,42.685,1571287961.0,e1576ca91eed911875852d9fa4e7c390,245827.0,1.0,0.0,12.112,7-34,129500.0,0.0,1084662.0,6357.0,4.145,11969.0,6357.0,-1.0,19193.0,0.0,1480540.0,15531.0,1571287961.0,29.0,7.377999999999999,11.523,0.63,1096633.0,False
300.0,d8b978c6119710e61692eb0c8ed59509.param,2.0,0.0,0.0,43.551,1571287961.0,e1576ca91eed911875852d9fa4e7c390,245827.0,1.0,0.0,12.273,7-34,129500.0,0.0,1084662.0,6357.0,4.18,11969.0,6357.0,-1.0,19193.0,0.0,1480540.0,15531.0,1571287961.0,29.0,7.473,11.652999999999999,0.63,1096633.0,False
300.0,62e2738034d51eb1ca2518ead10bb1b8.param,0.0,0.0,0.0,13.96,270657042.0,e1055c446af0cbcf00c769b8da63358c,33487.0,1.0,0.0,2.617,7-34,6303.0,0.0,333043.0,4796.0,1.23,4238.0,4796.0,-1.0,4544.0,0.0,606920.0,5387.0,270657042.0,21.0,1.172,2.4019999999999997,0.19,337283.0,False
300.0,62e2738034d51eb1ca2518ead10bb1b8.param,1.0,0.0,0.0,14.389000000000001,270657042.0,e1055c446af0cbcf00c769b8da63358c,33487.0,1.0,0.0,2.623,7-34,6303.0,0.0,333043.0,4796.0,1.22,4238.0,4796.0,-1.0,4544.0,0.0,606920.0,5387.0,270657042.0,21.0,1.165,2.385,0.19,337283.0,False
300.0,62e2738034d51eb1ca2518ead10bb1b8.param,2.0,0.0,0.0,15.505,270657042.0,e1055c446af0cbcf00c769b8da63358c,33487.0,1.0,0.0,2.647,7-34,6303.0,0.0,333043.0,4796.0,1.272,4238.0,4796.0,-1.0,4544.0,0.0,606920.0,5387.0,270657042.0,21.0,1.161,2.4330000000000003,0.19,337283.0,False
300.0,ba49f12ab41d4271c475e4948758589d.param,0.0,0.0,0.0,25.634,83966730.0,00f7a5aff633202e5a4b2409f19e5e04,37798.0,1.0,0.0,3.5989999999999998,7-34,16355.0,0.0,575027.0,4146.0,2.155,8029.0,4146.0,-1.0,5592.0,0.0,342119.0,10402.0,83966730.0,17.0,1.115,3.27,0.28,583058.0,False
300.0,ba49f12ab41d4271c475e4948758589d.param,1.0,0.0,0.0,24.073,83966730.0,00f7a5aff633202e5a4b2409f19e5e04,37798.0,1.0,0.0,3.722,7-34,16355.0,0.0,575027.0,4146.0,2.205,8029.0,4146.0,-1.0,5592.0,0.0,342119.0,10402.0,83966730.0,17.0,1.161,3.366,0.28,583058.0,False
300.0,ba49f12ab41d4271c475e4948758589d.param,2.0,0.0,0.0,24.581999999999997,83966730.0,00f7a5aff633202e5a4b2409f19e5e04,37798.0,1.0,0.0,3.6460000000000004,7-34,16355.0,0.0,575027.0,4146.0,2.168,8029.0,4146.0,-1.0,5592.0,0.0,342119.0,10402.0,83966730.0,17.0,1.123,3.2910000000000004,0.28,583058.0,False
300.0,73a51090daaf16aa8d614ff285bfb6e4.param,0.0,0.0,0.0,76.54,221638566.0,ba87c29434b0c4240e06675b4f9a2091,1291482.0,1.0,0.0,37.174,7-34,1004921.0,0.0,1869464.0,6354.0,7.2189999999999985,21091.0,6354.0,-1.0,32951.0,0.0,3387550.0,27622.0,221638566.0,29.0,28.568,35.787,0.94,1890557.0,False
300.0,73a51090daaf16aa8d614ff285bfb6e4.param,1.0,0.0,0.0,70.112,221638566.0,ba87c29434b0c4240e06675b4f9a2091,1291482.0,1.0,0.0,36.659,7-34,1004921.0,0.0,1869464.0,6354.0,7.1579999999999995,21091.0,6354.0,-1.0,32951.0,0.0,3387550.0,27622.0,221638566.0,29.0,28.193,35.351,0.94,1890557.0,False
300.0,73a51090daaf16aa8d614ff285bfb6e4.param,2.0,0.0,0.0,75.87100000000002,221638566.0,ba87c29434b0c4240e06675b4f9a2091,1291482.0,1.0,0.0,38.955999999999996,7-34,1004921.0,0.0,1869464.0,6354.0,7.465,21091.0,6354.0,-1.0,32951.0,0.0,3387550.0,27622.0,221638566.0,29.0,30.136999999999997,37.602,0.94,1890557.0,False
300.0,876c6467204e8ca8aabecbfbd3b45139.param,0.0,0.0,0.0,58.675,1257636424.0,c535a1b510e1fcf0fe56f4e31bcd98fb,126651.0,1.0,0.0,10.189,7-34,31644.0,0.0,1484577.0,6280.0,5.7079999999999975,16941.0,6280.0,-1.0,17811.0,0.0,1020251.0,22104.0,1257636424.0,28.0,3.647,9.355,0.63,1501520.0,False
300.0,876c6467204e8ca8aabecbfbd3b45139.param,1.0,0.0,0.0,61.592,1257636424.0,c535a1b510e1fcf0fe56f4e31bcd98fb,126651.0,1.0,0.0,10.088,7-34,31644.0,0.0,1484577.0,6280.0,5.642,16941.0,6280.0,-1.0,17811.0,0.0,1020251.0,22104.0,1257636424.0,28.0,3.597,9.238999999999999,0.63,1501520.0,False
300.0,876c6467204e8ca8aabecbfbd3b45139.param,2.0,0.0,0.0,55.894,1257636424.0,c535a1b510e1fcf0fe56f4e31bcd98fb,126651.0,1.0,0.0,10.277999999999999,7-34,31644.0,0.0,1484577.0,6280.0,5.706,16941.0,6280.0,-1.0,17811.0,0.0,1020251.0,22104.0,1257636424.0,28.0,3.6510000000000002,9.357000000000001,0.63,1501520.0,False
300.0,c1fde8776f334c859cdb281cb0bed488.param,0.0,0.0,0.0,13.494000000000002,506016928.0,3c516b83d71cc0befa536e10197bea9e,30747.0,1.0,0.0,2.142,7-34,11155.0,0.0,307946.0,4180.0,1.156,4302.0,4180.0,-1.0,3690.0,0.0,369614.0,5447.0,506016928.0,17.0,0.777,1.933,0.19,312250.0,False
300.0,c1fde8776f334c859cdb281cb0bed488.param,1.0,0.0,0.0,14.289000000000001,506016928.0,3c516b83d71cc0befa536e10197bea9e,30747.0,1.0,0.0,2.122,7-34,11155.0,0.0,307946.0,4180.0,1.131,4302.0,4180.0,-1.0,3690.0,0.0,369614.0,5447.0,506016928.0,17.0,0.785,1.916,0.19,312250.0,False
300.0,c1fde8776f334c859cdb281cb0bed488.param,2.0,0.0,0.0,14.537,506016928.0,3c516b83d71cc0befa536e10197bea9e,30747.0,1.0,0.0,2.13,7-34,11155.0,0.0,307946.0,4180.0,1.129,4302.0,4180.0,-1.0,3690.0,0.0,369614.0,5447.0,506016928.0,17.0,0.7859999999999999,1.915,0.19,312250.0,False
300.0,c0cc3cb80752c8cae8a567aa7598d4aa.param,0.0,0.0,0.0,48.607,506016928.0,4ad389fb21e839a8192bb701532c9299,317017.0,1.0,0.0,13.200999999999999,7-34,177409.0,0.0,1224956.0,6240.0,4.598,14305.0,6240.0,-1.0,20020.0,0.0,1004108.0,18667.0,506016928.0,28.0,7.9289999999999985,12.527000000000001,0.63,1239263.0,False
300.0,c0cc3cb80752c8cae8a567aa7598d4aa.param,1.0,0.0,0.0,50.34,506016928.0,4ad389fb21e839a8192bb701532c9299,317017.0,1.0,0.0,13.173,7-34,177409.0,0.0,1224956.0,6240.0,4.757,14305.0,6240.0,-1.0,20020.0,0.0,1004108.0,18667.0,506016928.0,28.0,7.724,12.481,0.63,1239263.0,False
300.0,c0cc3cb80752c8cae8a567aa7598d4aa.param,2.0,0.0,0.0,51.394,506016928.0,4ad389fb21e839a8192bb701532c9299,317017.0,1.0,0.0,13.485,7-34,177409.0,0.0,1224956.0,6240.0,4.9,14305.0,6240.0,-1.0,20020.0,0.0,1004108.0,18667.0,506016928.0,28.0,7.892,12.792,0.63,1239263.0,False
300.0,f2209196093db16c0e1ccffc86fe7af3.param,0.0,0.0,0.0,47.44300000000001,1242281828.0,eb0fe30a3cba77f02d5ffc43f2f341aa,95480.0,1.0,0.0,9.984,7-34,30761.0,0.0,1165890.0,4634.0,4.511,15621.0,4634.0,-1.0,11730.0,0.0,587980.0,20446.0,1242281828.0,20.0,4.835,9.346,0.63,1181513.0,False
300.0,f2209196093db16c0e1ccffc86fe7af3.param,1.0,0.0,0.0,48.424,1242281828.0,eb0fe30a3cba77f02d5ffc43f2f341aa,95480.0,1.0,0.0,10.423,7-34,30761.0,0.0,1165890.0,4634.0,4.508,15621.0,4634.0,-1.0,11730.0,0.0,587980.0,20446.0,1242281828.0,20.0,5.037,9.545,0.63,1181513.0,False
300.0,f2209196093db16c0e1ccffc86fe7af3.param,2.0,0.0,0.0,46.9,1242281828.0,eb0fe30a3cba77f02d5ffc43f2f341aa,95480.0,1.0,0.0,10.259,7-34,30761.0,0.0,1165890.0,4634.0,4.57,15621.0,4634.0,-1.0,11730.0,0.0,587980.0,20446.0,1242281828.0,20.0,4.958,9.527999999999999,0.63,1181513.0,False
300.0,10049dd55bf99f7dbc88dc007745262f.param,0.0,0.0,0.0,11.47,254168822.0,e13574bdf5fb2114fb5e52385b8a2a83,96260.0,1.0,0.0,3.467,7-34,52097.0,0.0,250562.0,6242.0,0.932,2929.0,6242.0,-1.0,8840.0,0.0,588124.0,3637.0,254168822.0,28.0,2.356,3.2880000000000003,0.28,253493.0,False
300.0,10049dd55bf99f7dbc88dc007745262f.param,1.0,0.0,0.0,10.547,254168822.0,e13574bdf5fb2114fb5e52385b8a2a83,96260.0,1.0,0.0,3.4330000000000003,7-34,52097.0,0.0,250562.0,6242.0,0.907,2929.0,6242.0,-1.0,8840.0,0.0,588124.0,3637.0,254168822.0,28.0,2.3169999999999997,3.2239999999999998,0.28,253493.0,False
300.0,10049dd55bf99f7dbc88dc007745262f.param,2.0,0.0,0.0,10.974,254168822.0,e13574bdf5fb2114fb5e52385b8a2a83,96260.0,1.0,0.0,3.36,7-34,52097.0,0.0,250562.0,6242.0,0.961,2929.0,6242.0,-1.0,8840.0,0.0,588124.0,3637.0,254168822.0,28.0,2.231,3.1919999999999997,0.28,253493.0,False
300.0,8fafcc4984fc93de8a9182509b2a0a65.param,0.0,0.0,0.0,64.725,1057470620.0,1ff8a2c3b5ce6dcf1c58010203137abf,428247.0,1.0,0.0,26.349,7-34,174109.0,0.0,1651675.0,11342.0,6.559,15786.0,11342.0,-1.0,30369.0,0.0,2034961.0,20571.0,1057470620.0,41.0,18.9,25.459,0.94,1667463.0,False
300.0,8fafcc4984fc93de8a9182509b2a0a65.param,1.0,0.0,0.0,68.715,1057470620.0,1ff8a2c3b5ce6dcf1c58010203137abf,428247.0,1.0,0.0,26.162,7-34,174109.0,0.0,1651675.0,11342.0,6.4110000000000005,15786.0,11342.0,-1.0,30369.0,0.0,2034961.0,20571.0,1057470620.0,41.0,18.824,25.235,0.94,1667463.0,False
300.0,8fafcc4984fc93de8a9182509b2a0a65.param,2.0,0.0,0.0,67.572,1057470620.0,1ff8a2c3b5ce6dcf1c58010203137abf,428247.0,1.0,0.0,27.772,7-34,174109.0,0.0,1651675.0,11342.0,6.601,15786.0,11342.0,-1.0,30369.0,0.0,2034961.0,20571.0,1057470620.0,41.0,19.994,26.595,0.94,1667463.0,False
300.0,f019c54ca541e1449e1424c6aa46d35e.param,0.0,0.0,0.0,5.242999999999999,95956545.0,610ec24fbcfbd9c600b74bfa2af1558f,62209.0,1.0,0.0,2.8310000000000004,7-42,23981.0,0.0,115229.0,5686.0,0.47200000000000003,1552.0,5686.0,-1.0,6121.0,0.0,910188.0,1168.0,95956545.0,24.0,2.2430000000000003,2.715,0.28,116783.0,False
300.0,f019c54ca541e1449e1424c6aa46d35e.param,1.0,0.0,0.0,5.375,95956545.0,610ec24fbcfbd9c600b74bfa2af1558f,62209.0,1.0,0.0,2.883,7-42,23981.0,0.0,115229.0,5686.0,0.444,1552.0,5686.0,-1.0,6121.0,0.0,910188.0,1168.0,95956545.0,24.0,2.323,2.767,0.28,116783.0,False
300.0,f019c54ca541e1449e1424c6aa46d35e.param,2.0,0.0,0.0,5.591,95956545.0,610ec24fbcfbd9c600b74bfa2af1558f,62209.0,1.0,0.0,2.657,7-42,23981.0,0.0,115229.0,5686.0,0.42,1552.0,5686.0,-1.0,6121.0,0.0,910188.0,1168.0,95956545.0,24.0,2.1430000000000002,2.563,0.28,116783.0,False
300.0,4fb489f83300339f94af01b969c1f325.param,0.0,0.0,0.0,56.152,1098776393.0,708e8b06aaf4defc9720cc3a9422d36a,1065731.0,1.0,0.0,44.714,7-34,850877.0,0.0,1329730.0,11200.0,5.162999999999999,12957.0,11200.0,-1.0,21959.0,0.0,2723097.0,16868.0,1098776393.0,40.0,38.575,43.738,0.94,1342689.0,False
300.0,4fb489f83300339f94af01b969c1f325.param,1.0,0.0,0.0,53.431000000000004,1098776393.0,708e8b06aaf4defc9720cc3a9422d36a,1065731.0,1.0,0.0,45.06399999999999,7-34,850877.0,0.0,1329730.0,11200.0,5.026,12957.0,11200.0,-1.0,21959.0,0.0,2723097.0,16868.0,1098776393.0,40.0,39.078,44.104,0.94,1342689.0,False
300.0,4fb489f83300339f94af01b969c1f325.param,2.0,0.0,0.0,57.221000000000004,1098776393.0,708e8b06aaf4defc9720cc3a9422d36a,1065731.0,1.0,0.0,45.478,7-34,850877.0,0.0,1329730.0,11200.0,5.2829999999999995,12957.0,11200.0,-1.0,21959.0,0.0,2723097.0,16868.0,1098776393.0,40.0,39.226,44.50899999999999,0.94,1342689.0,False
300.0,94211d2a9b412d1df1f93eb8fa322afa.param,0.0,0.0,0.0,13.597999999999999,270657042.0,769d8d4ed591e17ee2ec0898850e4366,57444.0,1.0,0.0,2.521,7-42,12466.0,0.0,299984.0,6349.0,1.102,4381.0,6349.0,-1.0,9980.0,0.0,677963.0,4111.0,270657042.0,29.0,1.1640000000000001,2.266,0.28,304367.0,False
300.0,94211d2a9b412d1df1f93eb8fa322afa.param,1.0,0.0,0.0,12.735,270657042.0,769d8d4ed591e17ee2ec0898850e4366,57444.0,1.0,0.0,2.4019999999999997,7-42,12466.0,0.0,299984.0,6349.0,1.126,4381.0,6349.0,-1.0,9980.0,0.0,677963.0,4111.0,270657042.0,29.0,1.089,2.215,0.28,304367.0,False
300.0,94211d2a9b412d1df1f93eb8fa322afa.param,2.0,0.0,0.0,12.709000000000001,270657042.0,769d8d4ed591e17ee2ec0898850e4366,57444.0,1.0,0.0,2.448,7-42,12466.0,0.0,299984.0,6349.0,1.124,4381.0,6349.0,-1.0,9980.0,0.0,677963.0,4111.0,270657042.0,29.0,1.119,2.2430000000000003,0.28,304367.0,False
300.0,222abd76a7db47e3d5cbf580e108b101.param,0.0,0.0,0.0,52.386,1802391418.0,8bc260c5528b5d7c25b9c2699c148dd6,414624.0,1.0,0.0,14.283,7-34,306659.0,0.0,1301499.0,6240.0,5.011,15023.0,6240.0,-1.0,12266.0,0.0,1353593.0,19640.0,1802391418.0,28.0,8.333,13.344000000000001,0.63,1316524.0,False
300.0,222abd76a7db47e3d5cbf580e108b101.param,1.0,0.0,0.0,53.601000000000006,1802391418.0,8bc260c5528b5d7c25b9c2699c148dd6,414624.0,1.0,0.0,15.23,7-34,306659.0,0.0,1301499.0,6240.0,5.072,15023.0,6240.0,-1.0,12266.0,0.0,1353593.0,19640.0,1802391418.0,28.0,9.201,14.273,0.63,1316524.0,False
300.0,222abd76a7db47e3d5cbf580e108b101.param,2.0,0.0,0.0,55.49800000000001,1802391418.0,8bc260c5528b5d7c25b9c2699c148dd6,414624.0,1.0,0.0,13.526,7-34,306659.0,0.0,1301499.0,6240.0,5.027,15023.0,6240.0,-1.0,12266.0,0.0,1353593.0,19640.0,1802391418.0,28.0,7.7570000000000014,12.784,0.63,1316524.0,False
300.0,d0bc402d6d4e2f421314981899e705da.param,0.0,0.0,0.0,61.316,1057470620.0,35e36b00215603f6c2584d876dadb817,110249.0,1.0,0.0,10.217,7-34,48088.0,0.0,1461637.0,9600.0,5.6339999999999995,15951.0,9600.0,-1.0,10650.0,0.0,867934.0,20836.0,1057470620.0,32.0,3.803,9.437000000000001,0.63,1477590.0,False
300.0,d0bc402d6d4e2f421314981899e705da.param,1.0,0.0,0.0,57.295,1057470620.0,35e36b00215603f6c2584d876dadb817,110249.0,1.0,0.0,10.696,7-34,48088.0,0.0,1461637.0,9600.0,5.649,15951.0,9600.0,-1.0,10650.0,0.0,867934.0,20836.0,1057470620.0,32.0,3.946,9.595,0.63,1477590.0,False
300.0,d0bc402d6d4e2f421314981899e705da.param,2.0,0.0,0.0,63.075,1057470620.0,35e36b00215603f6c2584d876dadb817,110249.0,1.0,0.0,10.417,7-34,48088.0,0.0,1461637.0,9600.0,5.704,15951.0,9600.0,-1.0,10650.0,0.0,867934.0,20836.0,1057470620.0,32.0,3.923,9.627,0.63,1477590.0,False
300.0,fc2d899db36a3003ebbcd92cad9223b0.param,0.0,0.0,0.0,26.913,1923385776.0,8ddec74e29b8dcdcc663822cf91ace65,103696.0,1.0,0.0,6.098,7-34,39333.0,0.0,610585.0,6324.0,2.37,6891.0,6324.0,-1.0,11355.0,0.0,556870.0,8866.0,1923385776.0,29.0,3.3939999999999997,5.763999999999999,0.42,617478.0,False
300.0,fc2d899db36a3003ebbcd92cad9223b0.param,1.0,0.0,0.0,26.076999999999998,1923385776.0,8ddec74e29b8dcdcc663822cf91ace65,103696.0,1.0,0.0,6.254,7-34,39333.0,0.0,610585.0,6324.0,2.315,6891.0,6324.0,-1.0,11355.0,0.0,556870.0,8866.0,1923385776.0,29.0,3.5839999999999996,5.899,0.42,617478.0,False
300.0,fc2d899db36a3003ebbcd92cad9223b0.param,2.0,0.0,0.0,27.889,1923385776.0,8ddec74e29b8dcdcc663822cf91ace65,103696.0,1.0,0.0,6.037000000000001,7-34,39333.0,0.0,610585.0,6324.0,2.2769999999999997,6891.0,6324.0,-1.0,11355.0,0.0,556870.0,8866.0,1923385776.0,29.0,3.4130000000000003,5.69,0.42,617478.0,False
300.0,f0b6a6311818b4dd8f5227b40762bd4a.param,0.0,0.0,0.0,34.069,1057470620.0,1c6cbedb870108dfb85e02103d226750,183212.0,1.0,0.0,8.82,7-34,102182.0,0.0,779142.0,4723.0,3.108,10169.0,4723.0,-1.0,14445.0,0.0,957308.0,13162.0,1057470620.0,21.0,5.2379999999999995,8.346,0.63,789313.0,False
300.0,f0b6a6311818b4dd8f5227b40762bd4a.param,1.0,0.0,0.0,33.65,1057470620.0,1c6cbedb870108dfb85e02103d226750,183212.0,1.0,0.0,8.704,7-34,102182.0,0.0,779142.0,4723.0,3.0189999999999997,10169.0,4723.0,-1.0,14445.0,0.0,957308.0,13162.0,1057470620.0,21.0,5.23,8.249,0.63,789313.0,False
300.0,f0b6a6311818b4dd8f5227b40762bd4a.param,2.0,0.0,0.0,33.293,1057470620.0,1c6cbedb870108dfb85e02103d226750,183212.0,1.0,0.0,9.216000000000001,7-34,102182.0,0.0,779142.0,4723.0,2.9939999999999998,10169.0,4723.0,-1.0,14445.0,0.0,957308.0,13162.0,1057470620.0,21.0,5.622000000000001,8.616,0.63,789313.0,False
300.0,867c000858982af2c7444466a304af04.param,0.0,0.0,0.0,49.335,1057470620.0,89d0ec190ef878e58c3025f4a644c7da,133694.0,1.0,0.0,15.55,7-34,56042.0,0.0,1229195.0,4706.0,4.735,15632.0,4706.0,-1.0,14686.0,0.0,1386090.0,20413.0,1057470620.0,21.0,10.119,14.854000000000001,0.63,1244829.0,False
300.0,867c000858982af2c7444466a304af04.param,1.0,0.0,0.0,48.61,1057470620.0,89d0ec190ef878e58c3025f4a644c7da,133694.0,1.0,0.0,15.335999999999999,7-34,56042.0,0.0,1229195.0,4706.0,4.684,15632.0,4706.0,-1.0,14686.0,0.0,1386090.0,20413.0,1057470620.0,21.0,9.932,14.616,0.63,1244829.0,False
300.0,867c000858982af2c7444466a304af04.param,2.0,0.0,0.0,50.523,1057470620.0,89d0ec190ef878e58c3025f4a644c7da,133694.0,1.0,0.0,15.117,7-34,56042.0,0.0,1229195.0,4706.0,4.665,15632.0,4706.0,-1.0,14686.0,0.0,1386090.0,20413.0,1057470620.0,21.0,9.791,14.456,0.63,1244829.0,False
300.0,d52ad8a9dee13cb147c0b0d6d29d8a1a.param,0.0,0.0,0.0,16.282,1257636424.0,c443e75831d9eeb6aa0afa83f2cb52ed,379817.0,1.0,0.0,7.872000000000001,7-42,319649.0,0.0,348680.0,6313.0,1.3230000000000002,5149.0,6313.0,-1.0,10235.0,0.0,732916.0,4831.0,1257636424.0,29.0,6.313,7.636,0.42,353831.0,False
300.0,d52ad8a9dee13cb147c0b0d6d29d8a1a.param,1.0,0.0,0.0,15.272,1257636424.0,c443e75831d9eeb6aa0afa83f2cb52ed,379817.0,1.0,0.0,8.061,7-42,319649.0,0.0,348680.0,6313.0,1.2990000000000002,5149.0,6313.0,-1.0,10235.0,0.0,732916.0,4831.0,1257636424.0,29.0,6.466,7.765,0.42,353831.0,False
300.0,d52ad8a9dee13cb147c0b0d6d29d8a1a.param,2.0,0.0,0.0,16.166,1257636424.0,c443e75831d9eeb6aa0afa83f2cb52ed,379817.0,1.0,0.0,7.9060000000000015,7-42,319649.0,0.0,348680.0,6313.0,1.272,5149.0,6313.0,-1.0,10235.0,0.0,732916.0,4831.0,1257636424.0,29.0,6.3610000000000015,7.632999999999999,0.42,353831.0,False
300.0,b6b46bc646920ea1298e9f12b19fab10.param,0.0,0.0,0.0,47.214,254168822.0,02880e569b9a202086e99261a9d80c3b,72139.0,1.0,0.0,6.9220000000000015,7-34,28546.0,0.0,1170162.0,6201.0,4.45,13665.0,6201.0,-1.0,8936.0,0.0,670001.0,17849.0,254168822.0,28.0,1.8159999999999998,6.266,0.63,1183829.0,False
300.0,b6b46bc646920ea1298e9f12b19fab10.param,1.0,0.0,0.0,50.214,254168822.0,02880e569b9a202086e99261a9d80c3b,72139.0,1.0,0.0,6.9479999999999995,7-34,28546.0,0.0,1170162.0,6201.0,4.467,13665.0,6201.0,-1.0,8936.0,0.0,670001.0,17849.0,254168822.0,28.0,1.797,6.263999999999999,0.63,1183829.0,False
300.0,b6b46bc646920ea1298e9f12b19fab10.param,2.0,0.0,0.0,50.191,254168822.0,02880e569b9a202086e99261a9d80c3b,72139.0,1.0,0.0,7.02,7-34,28546.0,0.0,1170162.0,6201.0,4.507,13665.0,6201.0,-1.0,8936.0,0.0,670001.0,17849.0,254168822.0,28.0,1.8430000000000002,6.35,0.63,1183829.0,False
300.0,44fed91bbf02c3af539328e6662bf914.param,0.0,0.0,0.0,46.975,95956545.0,a78a2e8f5ad50542cac38702f3e85684,259321.0,1.0,0.0,9.908,7-34,145605.0,0.0,1147035.0,6241.0,4.46,13241.0,6241.0,-1.0,18629.0,0.0,1427145.0,17234.0,95956545.0,28.0,4.7589999999999995,9.219,0.63,1160278.0,False
300.0,44fed91bbf02c3af539328e6662bf914.param,1.0,0.0,0.0,45.868,95956545.0,a78a2e8f5ad50542cac38702f3e85684,259321.0,1.0,0.0,9.744,7-34,145605.0,0.0,1147035.0,6241.0,4.44,13241.0,6241.0,-1.0,18629.0,0.0,1427145.0,17234.0,95956545.0,28.0,4.678,9.118,0.63,1160278.0,False
300.0,44fed91bbf02c3af539328e6662bf914.param,2.0,0.0,0.0,47.881,95956545.0,a78a2e8f5ad50542cac38702f3e85684,259321.0,1.0,0.0,9.849,7-34,145605.0,0.0,1147035.0,6241.0,4.43,13241.0,6241.0,-1.0,18629.0,0.0,1427145.0,17234.0,95956545.0,28.0,4.78,9.21,0.63,1160278.0,False
300.0,a2bb37bd1970b7fe11a8b59cb1f3a6f3.param,0.0,0.0,0.0,36.152,1139903203.0,bd100b3767f0039d919f0e4832e69319,351312.0,1.0,0.0,19.486,7-42,201449.0,0.0,901576.0,11201.0,3.455,11630.0,11201.0,-1.0,18245.0,0.0,1459305.0,11333.0,1139903203.0,40.0,15.519,18.974,0.63,913208.0,False
300.0,a2bb37bd1970b7fe11a8b59cb1f3a6f3.param,1.0,0.0,0.0,34.126999999999995,1139903203.0,bd100b3767f0039d919f0e4832e69319,351312.0,1.0,0.0,19.656,7-42,201449.0,0.0,901576.0,11201.0,3.5439999999999996,11630.0,11201.0,-1.0,18245.0,0.0,1459305.0,11333.0,1139903203.0,40.0,15.546,19.09,0.63,913208.0,False
300.0,a2bb37bd1970b7fe11a8b59cb1f3a6f3.param,2.0,0.0,0.0,37.87,1139903203.0,bd100b3767f0039d919f0e4832e69319,351312.0,1.0,0.0,19.352,7-42,201449.0,0.0,901576.0,11201.0,3.509,11630.0,11201.0,-1.0,18245.0,0.0,1459305.0,11333.0,1139903203.0,40.0,15.309000000000001,18.817999999999998,0.63,913208.0,False
300.0,8b3ad6188dc92a4335827c8e01628c0f.param,0.0,0.0,0.0,34.885999999999996,182366586.0,6788704a9d6ed9eb5fa72dcd068628e1,82160.0,1.0,0.0,7.4179999999999975,7-42,15790.0,0.0,816218.0,4665.0,3.094,14065.0,4665.0,-1.0,11669.0,0.0,469840.0,13849.0,182366586.0,20.0,3.8680000000000003,6.9620000000000015,0.63,830285.0,False
300.0,8b3ad6188dc92a4335827c8e01628c0f.param,1.0,0.0,0.0,34.535,182366586.0,6788704a9d6ed9eb5fa72dcd068628e1,82160.0,1.0,0.0,7.577000000000001,7-42,15790.0,0.0,816218.0,4665.0,3.228,14065.0,4665.0,-1.0,11669.0,0.0,469840.0,13849.0,182366586.0,20.0,3.867,7.095,0.63,830285.0,False
300.0,8b3ad6188dc92a4335827c8e01628c0f.param,2.0,0.0,0.0,32.188,182366586.0,6788704a9d6ed9eb5fa72dcd068628e1,82160.0,1.0,0.0,7.688,7-42,15790.0,0.0,816218.0,4665.0,3.147,14065.0,4665.0,-1.0,11669.0,0.0,469840.0,13849.0,182366586.0,20.0,3.928,7.075,0.63,830285.0,False
300.0,fece5a92f820b73659733b9639b82885.param,0.0,0.0,0.0,18.766,1242281828.0,419673b38f1452e11b2e59f35a88c377,83607.0,1.0,0.0,8.652999999999999,7-42,15411.0,0.0,400564.0,9773.0,1.64,5491.0,9773.0,-1.0,16020.0,0.0,1712070.0,5083.0,1242281828.0,33.0,6.77,8.41,0.63,406057.0,False
300.0,fece5a92f820b73659733b9639b82885.param,1.0,0.0,0.0,17.928,1242281828.0,419673b38f1452e11b2e59f35a88c377,83607.0,1.0,0.0,8.407,7-42,15411.0,0.0,400564.0,9773.0,1.507,5491.0,9773.0,-1.0,16020.0,0.0,1712070.0,5083.0,1242281828.0,33.0,6.648,8.155,0.63,406057.0,False
300.0,fece5a92f820b73659733b9639b82885.param,2.0,0.0,0.0,17.442999999999998,1242281828.0,419673b38f1452e11b2e59f35a88c377,83607.0,1.0,0.0,8.52,7-42,15411.0,0.0,400564.0,9773.0,1.5390000000000001,5491.0,9773.0,-1.0,16020.0,0.0,1712070.0,5083.0,1242281828.0,33.0,6.729,8.267999999999999,0.63,406057.0,False
300.0,d62c2a52625c21dd4bc4370bcd02db43.param,0.0,0.0,0.0,45.111999999999995,554543104.0,461fa4c5c869eab4daae0a0a9cc5ff0f,306619.0,1.0,0.0,33.327,7-34,135519.0,0.0,1111748.0,11249.0,4.4030000000000005,10729.0,11249.0,-1.0,17966.0,0.0,1109765.0,13927.0,554543104.0,40.0,28.340999999999998,32.744,0.63,1122479.0,False
300.0,d62c2a52625c21dd4bc4370bcd02db43.param,1.0,0.0,0.0,44.291000000000004,554543104.0,461fa4c5c869eab4daae0a0a9cc5ff0f,306619.0,1.0,0.0,33.421,7-34,135519.0,0.0,1111748.0,11249.0,4.2669999999999995,10729.0,11249.0,-1.0,17966.0,0.0,1109765.0,13927.0,554543104.0,40.0,28.303,32.57,0.63,1122479.0,False
300.0,d62c2a52625c21dd4bc4370bcd02db43.param,2.0,0.0,0.0,46.742,554543104.0,461fa4c5c869eab4daae0a0a9cc5ff0f,306619.0,1.0,0.0,33.483000000000004,7-34,135519.0,0.0,1111748.0,11249.0,4.511,10729.0,11249.0,-1.0,17966.0,0.0,1109765.0,13927.0,554543104.0,40.0,28.324,32.835,0.63,1122479.0,False
300.0,5fef6050cdd12ec4963b342a00b8769f.param,0.0,0.0,0.0,52.333999999999996,335975281.0,230d511f442167b90d32d0461cb4ff82,73377.0,1.0,0.0,9.507,7-42,34599.0,0.0,1286270.0,4721.0,4.912,18565.0,4721.0,-1.0,9285.0,0.0,1325011.0,18301.0,335975281.0,21.0,3.8760000000000003,8.788,0.63,1304837.0,False
300.0,5fef6050cdd12ec4963b342a00b8769f.param,1.0,0.0,0.0,49.09,335975281.0,230d511f442167b90d32d0461cb4ff82,73377.0,1.0,0.0,9.45,7-42,34599.0,0.0,1286270.0,4721.0,4.862,18565.0,4721.0,-1.0,9285.0,0.0,1325011.0,18301.0,335975281.0,21.0,3.878,8.74,0.63,1304837.0,False
300.0,5fef6050cdd12ec4963b342a00b8769f.param,2.0,0.0,0.0,50.99100000000001,335975281.0,230d511f442167b90d32d0461cb4ff82,73377.0,1.0,0.0,9.53,7-42,34599.0,0.0,1286270.0,4721.0,4.94,18565.0,4721.0,-1.0,9285.0,0.0,1325011.0,18301.0,335975281.0,21.0,3.905,8.845,0.63,1304837.0,False
300.0,f77193d98d97a8df35aba3d3d50b907e.param,0.0,0.0,0.0,33.153,646920589.0,6e43a6296303cead5bfd855c0c321ac8,136499.0,1.0,0.0,6.356,7-42,75833.0,0.0,817336.0,5782.0,3.074,12766.0,5782.0,-1.0,10827.0,0.0,743506.0,12511.0,646920589.0,25.0,2.7969999999999997,5.871,0.42,830104.0,False
300.0,f77193d98d97a8df35aba3d3d50b907e.param,1.0,0.0,0.0,33.955999999999996,646920589.0,6e43a6296303cead5bfd855c0c321ac8,136499.0,1.0,0.0,6.4220000000000015,7-42,75833.0,0.0,817336.0,5782.0,3.0839999999999996,12766.0,5782.0,-1.0,10827.0,0.0,743506.0,12511.0,646920589.0,25.0,2.8689999999999998,5.952999999999999,0.42,830104.0,False
300.0,f77193d98d97a8df35aba3d3d50b907e.param,2.0,0.0,0.0,32.415,646920589.0,6e43a6296303cead5bfd855c0c321ac8,136499.0,1.0,0.0,6.24,7-42,75833.0,0.0,817336.0,5782.0,3.1189999999999998,12766.0,5782.0,-1.0,10827.0,0.0,743506.0,12511.0,646920589.0,25.0,2.662,5.7810000000000015,0.42,830104.0,False
300.0,85b90a483e5d2ab64757532083d99628.param,0.0,0.0,0.0,65.013,1083416308.0,4ad5a613baa16429a73bd8cd5a44d03b,333812.0,1.0,0.0,37.57,7-34,86891.0,0.0,1563906.0,9773.0,6.0920000000000005,16353.0,9773.0,-1.0,25049.0,0.0,1037845.0,21385.0,1083416308.0,33.0,30.344,36.436,0.94,1580261.0,False
300.0,85b90a483e5d2ab64757532083d99628.param,1.0,0.0,0.0,63.543,1083416308.0,4ad5a613baa16429a73bd8cd5a44d03b,333812.0,1.0,0.0,37.486999999999995,7-34,86891.0,0.0,1563906.0,9773.0,6.099,16353.0,9773.0,-1.0,25049.0,0.0,1037845.0,21385.0,1083416308.0,33.0,30.238000000000003,36.336999999999996,0.94,1580261.0,False
300.0,85b90a483e5d2ab64757532083d99628.param,2.0,0.0,0.0,61.13,1083416308.0,4ad5a613baa16429a73bd8cd5a44d03b,333812.0,1.0,0.0,37.408,7-34,86891.0,0.0,1563906.0,9773.0,6.192,16353.0,9773.0,-1.0,25049.0,0.0,1037845.0,21385.0,1083416308.0,33.0,30.369,36.561,0.94,1580261.0,False
300.0,b24ff19d000a151b6659a6c65e6c35c6.param,0.0,0.0,0.0,38.215,590654055.0,f85f0ed29915d1091fc63a91ca45e7af,353723.0,1.0,0.0,28.531,7-42,167321.0,0.0,931875.0,10289.0,3.603,12507.0,10289.0,-1.0,22449.0,0.0,1117766.0,12150.0,590654055.0,36.0,24.308000000000003,27.910999999999998,0.63,944384.0,False
300.0,b24ff19d000a151b6659a6c65e6c35c6.param,1.0,0.0,0.0,35.79400000000001,590654055.0,f85f0ed29915d1091fc63a91ca45e7af,353723.0,1.0,0.0,28.75,7-42,167321.0,0.0,931875.0,10289.0,3.534,12507.0,10289.0,-1.0,22449.0,0.0,1117766.0,12150.0,590654055.0,36.0,24.523000000000003,28.057,0.63,944384.0,False
300.0,b24ff19d000a151b6659a6c65e6c35c6.param,2.0,0.0,0.0,35.692,590654055.0,f85f0ed29915d1091fc63a91ca45e7af,353723.0,1.0,0.0,28.105999999999998,7-42,167321.0,0.0,931875.0,10289.0,3.491,12507.0,10289.0,-1.0,22449.0,0.0,1117766.0,12150.0,590654055.0,36.0,24.114,27.605,0.63,944384.0,False
300.0,b7c1926b06d5191f5f23b3654f7eea8a.param,0.0,0.0,0.0,29.493000000000002,1883039101.0,70e946e86b6d537c90e6d75e5abffb70,98770.0,1.0,0.0,8.263,7-42,42355.0,0.0,736798.0,4032.0,2.877,14162.0,4032.0,-1.0,10186.0,0.0,429100.0,13949.0,1883039101.0,16.0,4.898,7.775,0.42,750962.0,False
300.0,b7c1926b06d5191f5f23b3654f7eea8a.param,1.0,0.0,0.0,28.669,1883039101.0,70e946e86b6d537c90e6d75e5abffb70,98770.0,1.0,0.0,7.987999999999999,7-42,42355.0,0.0,736798.0,4032.0,2.74,14162.0,4032.0,-1.0,10186.0,0.0,429100.0,13949.0,1883039101.0,16.0,4.7810000000000015,7.521,0.42,750962.0,False
300.0,b7c1926b06d5191f5f23b3654f7eea8a.param,2.0,0.0,0.0,28.526,1883039101.0,70e946e86b6d537c90e6d75e5abffb70,98770.0,1.0,0.0,8.267999999999999,7-42,42355.0,0.0,736798.0,4032.0,2.785,14162.0,4032.0,-1.0,10186.0,0.0,429100.0,13949.0,1883039101.0,16.0,4.893,7.678,0.42,750962.0,False
300.0,3df40218b019eea866b53a1349c0d0e2.param,0.0,0.0,0.0,17.252,1145031130.0,b46008bc8383344e50b2e24ac8e282c4,72038.0,0.0,0.0,8.266,7-42,30139.0,0.0,27314.0,35931.0,0.218,895.0,35931.0,-1.0,527.0,0.0,550215.0,787.0,1145031130.0,111.0,7.987999999999999,8.206,0.02,28211.0,False
300.0,3df40218b019eea866b53a1349c0d0e2.param,1.0,0.0,0.0,17.129,1145031130.0,b46008bc8383344e50b2e24ac8e282c4,72038.0,0.0,0.0,8.767999999999999,7-42,30139.0,0.0,27314.0,35931.0,0.217,895.0,35931.0,-1.0,527.0,0.0,550215.0,787.0,1145031130.0,111.0,8.493,8.71,0.02,28211.0,False
300.0,3df40218b019eea866b53a1349c0d0e2.param,2.0,0.0,0.0,17.673,1145031130.0,b46008bc8383344e50b2e24ac8e282c4,72038.0,0.0,0.0,8.356,7-42,30139.0,0.0,27314.0,35931.0,0.22399999999999998,895.0,35931.0,-1.0,527.0,0.0,550215.0,787.0,1145031130.0,111.0,8.078,8.302,0.02,28211.0,False
300.0,3202e56149cbd27d0de3bdbd879f81e3.param,0.0,0.0,0.0,13.907,83966730.0,1131f35e35380eb8af6d7159038567f3,157885.0,1.0,0.0,4.776,7-42,95716.0,0.0,320840.0,5708.0,1.25,5073.0,5708.0,-1.0,9394.0,0.0,759135.0,4839.0,83966730.0,25.0,3.2680000000000002,4.518,0.28,325915.0,False
300.0,3202e56149cbd27d0de3bdbd879f81e3.param,1.0,0.0,0.0,13.439,83966730.0,1131f35e35380eb8af6d7159038567f3,157885.0,1.0,0.0,4.492,7-42,95716.0,0.0,320840.0,5708.0,1.183,5073.0,5708.0,-1.0,9394.0,0.0,759135.0,4839.0,83966730.0,25.0,3.092,4.275,0.28,325915.0,False
300.0,3202e56149cbd27d0de3bdbd879f81e3.param,2.0,0.0,0.0,13.758,83966730.0,1131f35e35380eb8af6d7159038567f3,157885.0,1.0,0.0,4.519,7-42,95716.0,0.0,320840.0,5708.0,1.169,5073.0,5708.0,-1.0,9394.0,0.0,759135.0,4839.0,83966730.0,25.0,3.1460000000000004,4.315,0.28,325915.0,False
300.0,ebfb38d0b486754d6704faf1ad393db8.param,0.0,0.0,0.0,22.154,1234135464.0,c63365cf024171e8fe32fe9e8cd3cf50,99024.0,1.0,0.0,7.649,7-42,40069.0,0.0,542186.0,9645.0,2.204,7582.0,9645.0,-1.0,9755.0,0.0,761721.0,7315.0,1234135464.0,32.0,5.124,7.3279999999999985,0.28,549770.0,False
300.0,ebfb38d0b486754d6704faf1ad393db8.param,1.0,0.0,0.0,22.109,1234135464.0,c63365cf024171e8fe32fe9e8cd3cf50,99024.0,1.0,0.0,7.3039999999999985,7-42,40069.0,0.0,542186.0,9645.0,2.004,7582.0,9645.0,-1.0,9755.0,0.0,761721.0,7315.0,1234135464.0,32.0,4.9860000000000015,6.99,0.28,549770.0,False
300.0,ebfb38d0b486754d6704faf1ad393db8.param,2.0,0.0,0.0,23.175,1234135464.0,c63365cf024171e8fe32fe9e8cd3cf50,99024.0,1.0,0.0,7.316,7-42,40069.0,0.0,542186.0,9645.0,2.009,7582.0,9645.0,-1.0,9755.0,0.0,761721.0,7315.0,1234135464.0,32.0,4.984,6.992999999999999,0.28,549770.0,False
300.0,a41351309b1ab4b5310538c23b8dec0e.param,0.0,0.0,0.0,61.861999999999995,1234135464.0,606998f972eccda3b454d19d2e0011f3,335563.0,1.0,0.0,27.525,7-42,203591.0,0.0,1559912.0,9728.0,6.037000000000001,21361.0,9728.0,-1.0,20460.0,0.0,1233775.0,21031.0,1234135464.0,33.0,20.354,26.391,0.94,1581275.0,False
300.0,a41351309b1ab4b5310538c23b8dec0e.param,1.0,0.0,0.0,58.95,1234135464.0,606998f972eccda3b454d19d2e0011f3,335563.0,1.0,0.0,27.56900000000001,7-42,203591.0,0.0,1559912.0,9728.0,5.93,21361.0,9728.0,-1.0,20460.0,0.0,1233775.0,21031.0,1234135464.0,33.0,20.462,26.392,0.94,1581275.0,False
300.0,a41351309b1ab4b5310538c23b8dec0e.param,2.0,0.0,0.0,57.958,1234135464.0,606998f972eccda3b454d19d2e0011f3,335563.0,1.0,0.0,26.954,7-42,203591.0,0.0,1559912.0,9728.0,5.981,21361.0,9728.0,-1.0,20460.0,0.0,1233775.0,21031.0,1234135464.0,33.0,20.098,26.079,0.94,1581275.0,False
300.0,f96e501784f98c21890b02a2712e89bd.param,0.0,0.0,0.0,47.428999999999995,590654055.0,2990933e0301acc4a14e0c8f9a548984,199164.0,1.0,0.0,12.636,7-42,81490.0,0.0,1209133.0,6394.0,4.659,17645.0,6394.0,-1.0,18190.0,0.0,1046231.0,17348.0,590654055.0,29.0,7.314,11.972999999999999,0.63,1226780.0,False
300.0,f96e501784f98c21890b02a2712e89bd.param,1.0,0.0,0.0,46.824,590654055.0,2990933e0301acc4a14e0c8f9a548984,199164.0,1.0,0.0,13.137,7-42,81490.0,0.0,1209133.0,6394.0,4.754,17645.0,6394.0,-1.0,18190.0,0.0,1046231.0,17348.0,590654055.0,29.0,7.4910000000000005,12.245,0.63,1226780.0,False
300.0,f96e501784f98c21890b02a2712e89bd.param,2.0,0.0,0.0,44.896,590654055.0,2990933e0301acc4a14e0c8f9a548984,199164.0,1.0,0.0,12.504000000000001,7-42,81490.0,0.0,1209133.0,6394.0,4.615,17645.0,6394.0,-1.0,18190.0,0.0,1046231.0,17348.0,590654055.0,29.0,7.229,11.844000000000001,0.63,1226780.0,False
300.0,e5fa51f4b48f9d73b966b1eb0389e73c.param,0.0,0.0,0.0,86.436,2136253402.0,e7419eb9ea12b31c7a9bcbc39c746f2d,468445.0,1.0,0.0,41.41,7-34,250856.0,0.0,2223884.0,10271.0,8.916,21253.0,10271.0,-1.0,24713.0,0.0,2247455.0,27865.0,2136253402.0,36.0,31.287,40.203,0.94,2245139.0,False
300.0,e5fa51f4b48f9d73b966b1eb0389e73c.param,1.0,0.0,0.0,88.641,2136253402.0,e7419eb9ea12b31c7a9bcbc39c746f2d,468445.0,1.0,0.0,41.177,7-34,250856.0,0.0,2223884.0,10271.0,8.664,21253.0,10271.0,-1.0,24713.0,0.0,2247455.0,27865.0,2136253402.0,36.0,31.304000000000002,39.968,0.94,2245139.0,False
300.0,e5fa51f4b48f9d73b966b1eb0389e73c.param,2.0,0.0,0.0,87.48700000000002,2136253402.0,e7419eb9ea12b31c7a9bcbc39c746f2d,468445.0,1.0,0.0,43.228,7-34,250856.0,0.0,2223884.0,10271.0,8.729,21253.0,10271.0,-1.0,24713.0,0.0,2247455.0,27865.0,2136253402.0,36.0,33.25,41.979,0.94,2245139.0,False
300.0,411eb8af67a987b6d330a3f7c487347c.param,0.0,0.0,0.0,14.64,1083416308.0,ffc134e673d18278366b734ea2968145,63356.0,1.0,0.0,3.095,7-42,23726.0,0.0,332806.0,4765.0,1.3619999999999999,5594.0,4765.0,-1.0,10552.0,0.0,421975.0,5351.0,1083416308.0,21.0,1.4680000000000002,2.83,0.28,338402.0,False
300.0,411eb8af67a987b6d330a3f7c487347c.param,1.0,0.0,0.0,14.149000000000001,1083416308.0,ffc134e673d18278366b734ea2968145,63356.0,1.0,0.0,2.9610000000000003,7-42,23726.0,0.0,332806.0,4765.0,1.2819999999999998,5594.0,4765.0,-1.0,10552.0,0.0,421975.0,5351.0,1083416308.0,21.0,1.446,2.728,0.28,338402.0,False
300.0,411eb8af67a987b6d330a3f7c487347c.param,2.0,0.0,0.0,14.977,1083416308.0,ffc134e673d18278366b734ea2968145,63356.0,1.0,0.0,2.885,7-42,23726.0,0.0,332806.0,4765.0,1.2409999999999999,5594.0,4765.0,-1.0,10552.0,0.0,421975.0,5351.0,1083416308.0,21.0,1.44,2.681,0.28,338402.0,False
300.0,be934c0585611c7f00126ccfde3651ad.param,0.0,0.0,0.0,59.063,590654055.0,7d285d58a660deb20fc0cb9ac019561a,116397.0,1.0,0.0,12.572000000000001,7-42,21986.0,0.0,1552901.0,10290.0,5.942,20632.0,10290.0,-1.0,18230.0,0.0,1770570.0,20239.0,590654055.0,36.0,5.797999999999999,11.74,0.94,1573535.0,False
300.0,be934c0585611c7f00126ccfde3651ad.param,1.0,0.0,0.0,58.47,590654055.0,7d285d58a660deb20fc0cb9ac019561a,116397.0,1.0,0.0,12.548,7-42,21986.0,0.0,1552901.0,10290.0,5.937,20632.0,10290.0,-1.0,18230.0,0.0,1770570.0,20239.0,590654055.0,36.0,5.794,11.731,0.94,1573535.0,False
300.0,be934c0585611c7f00126ccfde3651ad.param,2.0,0.0,0.0,61.31399999999999,590654055.0,7d285d58a660deb20fc0cb9ac019561a,116397.0,1.0,0.0,12.634,7-42,21986.0,0.0,1552901.0,10290.0,6.022,20632.0,10290.0,-1.0,18230.0,0.0,1770570.0,20239.0,590654055.0,36.0,5.75,11.772,0.94,1573535.0,False
300.0,f8df5f5150968e8beed02c87bc2ab666.param,0.0,0.0,0.0,53.71100000000001,1258716603.0,8cd27c1b494a679b84e381ace8ad69e3,178788.0,1.0,0.0,12.51,7-42,92107.0,0.0,1433252.0,6317.0,5.718,21143.0,6317.0,-1.0,12481.0,0.0,1588589.0,20891.0,1258716603.0,29.0,5.9639999999999995,11.682,0.63,1454397.0,False
300.0,f8df5f5150968e8beed02c87bc2ab666.param,1.0,0.0,0.0,56.278,1258716603.0,8cd27c1b494a679b84e381ace8ad69e3,178788.0,1.0,0.0,11.735,7-42,92107.0,0.0,1433252.0,6317.0,5.437,21143.0,6317.0,-1.0,12481.0,0.0,1588589.0,20891.0,1258716603.0,29.0,5.5429999999999975,10.98,0.63,1454397.0,False
300.0,f8df5f5150968e8beed02c87bc2ab666.param,2.0,0.0,0.0,56.125,1258716603.0,8cd27c1b494a679b84e381ace8ad69e3,178788.0,1.0,0.0,12.127,7-42,92107.0,0.0,1433252.0,6317.0,5.4510000000000005,21143.0,6317.0,-1.0,12481.0,0.0,1588589.0,20891.0,1258716603.0,29.0,5.8870000000000005,11.338,0.63,1454397.0,False
300.0,964d1ae550e8b1567ec8e3803e14c5da.param,0.0,0.0,0.0,34.478,693280077.0,1173ad81f7bbf129d49fb9250e8932ab,48907.0,1.0,0.0,4.945,7-42,14142.0,0.0,886976.0,4118.0,3.3089999999999997,16576.0,4118.0,-1.0,8406.0,0.0,443886.0,16261.0,693280077.0,17.0,1.119,4.428,0.63,903554.0,False
300.0,964d1ae550e8b1567ec8e3803e14c5da.param,1.0,0.0,0.0,35.63,693280077.0,1173ad81f7bbf129d49fb9250e8932ab,48907.0,1.0,0.0,5.008,7-42,14142.0,0.0,886976.0,4118.0,3.3560000000000003,16576.0,4118.0,-1.0,8406.0,0.0,443886.0,16261.0,693280077.0,17.0,1.1340000000000001,4.49,0.63,903554.0,False
300.0,964d1ae550e8b1567ec8e3803e14c5da.param,2.0,0.0,0.0,35.118,693280077.0,1173ad81f7bbf129d49fb9250e8932ab,48907.0,1.0,0.0,4.914,7-42,14142.0,0.0,886976.0,4118.0,3.3280000000000003,16576.0,4118.0,-1.0,8406.0,0.0,443886.0,16261.0,693280077.0,17.0,1.11,4.438,0.63,903554.0,False
300.0,9847d0c027bbaccb1847a48fd98a95ac.param,0.0,0.0,0.0,24.366999999999997,1405409883.0,adabd819ea45b94e83b0f29bc2527ea1,238751.0,1.0,0.0,7.141,7-42,133375.0,0.0,537704.0,10246.0,2.005,7291.0,10246.0,-1.0,13483.0,0.0,661987.0,6991.0,1405409883.0,36.0,4.8180000000000005,6.8229999999999995,0.42,544997.0,False
300.0,9847d0c027bbaccb1847a48fd98a95ac.param,1.0,0.0,0.0,24.864,1405409883.0,adabd819ea45b94e83b0f29bc2527ea1,238751.0,1.0,0.0,7.09,7-42,133375.0,0.0,537704.0,10246.0,2.046,7291.0,10246.0,-1.0,13483.0,0.0,661987.0,6991.0,1405409883.0,36.0,4.734,6.78,0.42,544997.0,False
300.0,9847d0c027bbaccb1847a48fd98a95ac.param,2.0,0.0,0.0,23.736,1405409883.0,adabd819ea45b94e83b0f29bc2527ea1,238751.0,1.0,0.0,7.0,7-42,133375.0,0.0,537704.0,10246.0,2.001,7291.0,10246.0,-1.0,13483.0,0.0,661987.0,6991.0,1405409883.0,36.0,4.7,6.7010000000000005,0.42,544997.0,False
300.0,573a8627b23c29141b9965518a1ea628.param,0.0,0.0,0.0,74.381,1057470620.0,d58388c025b02b93845e0ce9e57d7973,138307.0,1.0,0.0,13.895999999999999,7-42,79596.0,0.0,1865873.0,9607.0,7.215,25552.0,9607.0,-1.0,13052.0,0.0,1050065.0,25180.0,1057470620.0,32.0,5.7010000000000005,12.915999999999999,0.94,1891427.0,False
300.0,573a8627b23c29141b9965518a1ea628.param,1.0,0.0,0.0,75.048,1057470620.0,d58388c025b02b93845e0ce9e57d7973,138307.0,1.0,0.0,13.956,7-42,79596.0,0.0,1865873.0,9607.0,7.165,25552.0,9607.0,-1.0,13052.0,0.0,1050065.0,25180.0,1057470620.0,32.0,5.6679999999999975,12.833,0.94,1891427.0,False
300.0,573a8627b23c29141b9965518a1ea628.param,2.0,0.0,0.0,76.12100000000002,1057470620.0,d58388c025b02b93845e0ce9e57d7973,138307.0,1.0,0.0,13.777000000000001,7-42,79596.0,0.0,1865873.0,9607.0,7.244,25552.0,9607.0,-1.0,13052.0,0.0,1050065.0,25180.0,1057470620.0,32.0,5.612,12.856,0.94,1891427.0,False
300.0,f48c0154c055dd2d9e427d94e5cc96fd.param,0.0,0.0,0.0,50.913999999999994,1098776393.0,77180a94352e9e343d05d9e847555da6,656801.0,1.0,0.0,25.754,7-42,488247.0,0.0,1274275.0,11200.0,5.07,16278.0,11200.0,-1.0,19694.0,0.0,1640386.0,15984.0,1098776393.0,40.0,19.988,25.058000000000003,0.63,1290555.0,False
300.0,f48c0154c055dd2d9e427d94e5cc96fd.param,1.0,0.0,0.0,50.989,1098776393.0,77180a94352e9e343d05d9e847555da6,656801.0,1.0,0.0,25.006,7-42,488247.0,0.0,1274275.0,11200.0,4.877,16278.0,11200.0,-1.0,19694.0,0.0,1640386.0,15984.0,1098776393.0,40.0,19.416,24.29300000000001,0.63,1290555.0,False
300.0,f48c0154c055dd2d9e427d94e5cc96fd.param,2.0,0.0,0.0,49.42,1098776393.0,77180a94352e9e343d05d9e847555da6,656801.0,1.0,0.0,24.381999999999998,7-42,488247.0,0.0,1274275.0,11200.0,4.813,16278.0,11200.0,-1.0,19694.0,0.0,1640386.0,15984.0,1098776393.0,40.0,18.889,23.701999999999998,0.63,1290555.0,False
300.0,3c59340fb353a585970ae15583e52dc2.param,0.0,0.0,0.0,64.204,1923385776.0,d24aaff48cb434226a3e513a31ee4bc5,269236.0,1.0,0.0,28.035999999999998,7-42,121794.0,0.0,1601257.0,9727.0,6.2010000000000005,22383.0,9727.0,-1.0,15856.0,0.0,1283932.0,22116.0,1923385776.0,33.0,20.660999999999998,26.862,0.94,1623642.0,False
300.0,3c59340fb353a585970ae15583e52dc2.param,1.0,0.0,0.0,62.864,1923385776.0,d24aaff48cb434226a3e513a31ee4bc5,269236.0,1.0,0.0,27.500999999999998,7-42,121794.0,0.0,1601257.0,9727.0,6.121,22383.0,9727.0,-1.0,15856.0,0.0,1283932.0,22116.0,1923385776.0,33.0,20.491999999999997,26.613000000000003,0.94,1623642.0,False
300.0,3c59340fb353a585970ae15583e52dc2.param,2.0,0.0,0.0,63.672,1923385776.0,d24aaff48cb434226a3e513a31ee4bc5,269236.0,1.0,0.0,27.343000000000004,7-42,121794.0,0.0,1601257.0,9727.0,6.145,22383.0,9727.0,-1.0,15856.0,0.0,1283932.0,22116.0,1923385776.0,33.0,20.324,26.469,0.94,1623642.0,False
300.0,9feb6f2064b86f090bb3887f069a4d0d.param,0.0,0.0,0.0,62.133,1918631718.0,ca795c91d43e009a1e2ce537e57266de,568878.0,1.0,0.0,49.128,7-42,341763.0,0.0,1646345.0,10379.0,6.586,21034.0,10379.0,-1.0,30044.0,0.0,2150962.0,20653.0,1918631718.0,37.0,41.316,47.902,0.94,1667381.0,False
300.0,9feb6f2064b86f090bb3887f069a4d0d.param,1.0,0.0,0.0,61.975,1918631718.0,ca795c91d43e009a1e2ce537e57266de,568878.0,1.0,0.0,48.035,7-42,341763.0,0.0,1646345.0,10379.0,6.3629999999999995,21034.0,10379.0,-1.0,30044.0,0.0,2150962.0,20653.0,1918631718.0,37.0,40.477,46.84,0.94,1667381.0,False
300.0,9feb6f2064b86f090bb3887f069a4d0d.param,2.0,0.0,0.0,65.328,1918631718.0,ca795c91d43e009a1e2ce537e57266de,568878.0,1.0,0.0,48.428000000000004,7-42,341763.0,0.0,1646345.0,10379.0,6.651,21034.0,10379.0,-1.0,30044.0,0.0,2150962.0,20653.0,1918631718.0,37.0,40.823,47.474,0.94,1667381.0,False
300.0,ff29c8f9c07b239fedaec27dbf4ce49d.param,0.0,0.0,0.0,31.32800000000001,34754393.0,bc203bd3d1a079c990ba46e25dcdf286,1788918.0,1.0,0.0,49.583999999999996,7-42,1622096.0,0.0,733601.0,9643.0,2.7689999999999997,10261.0,9643.0,-1.0,23918.0,0.0,1425893.0,9880.0,34754393.0,32.0,46.401,49.17,0.63,743864.0,False
300.0,ff29c8f9c07b239fedaec27dbf4ce49d.param,1.0,0.0,0.0,29.136999999999997,34754393.0,bc203bd3d1a079c990ba46e25dcdf286,1788918.0,1.0,0.0,49.32899999999999,7-42,1622096.0,0.0,733601.0,9643.0,2.7289999999999996,10261.0,9643.0,-1.0,23918.0,0.0,1425893.0,9880.0,34754393.0,32.0,46.155,48.88399999999999,0.63,743864.0,False
300.0,ff29c8f9c07b239fedaec27dbf4ce49d.param,2.0,0.0,0.0,31.33,34754393.0,bc203bd3d1a079c990ba46e25dcdf286,1788918.0,1.0,0.0,50.731,7-42,1622096.0,0.0,733601.0,9643.0,2.793,10261.0,9643.0,-1.0,23918.0,0.0,1425893.0,9880.0,34754393.0,32.0,47.376999999999995,50.17,0.63,743864.0,False
300.0,813211425de754d47420bda81be7c3af.param,0.0,0.0,0.0,26.947,2028359165.0,d66db258dd4d844eb43b4871dead5915,40272.0,1.0,0.0,4.984,7-42,7289.0,0.0,658098.0,5710.0,2.457,10401.0,5710.0,-1.0,6986.0,0.0,843532.0,10161.0,2028359165.0,25.0,2.0180000000000002,4.475,0.42,668501.0,False
300.0,813211425de754d47420bda81be7c3af.param,1.0,0.0,0.0,28.265,2028359165.0,d66db258dd4d844eb43b4871dead5915,40272.0,1.0,0.0,4.605,7-42,7289.0,0.0,658098.0,5710.0,2.428,10401.0,5710.0,-1.0,6986.0,0.0,843532.0,10161.0,2028359165.0,25.0,1.81,4.238,0.42,668501.0,False
300.0,813211425de754d47420bda81be7c3af.param,2.0,0.0,0.0,25.897,2028359165.0,d66db258dd4d844eb43b4871dead5915,40272.0,1.0,0.0,4.8389999999999995,7-42,7289.0,0.0,658098.0,5710.0,2.479,10401.0,5710.0,-1.0,6986.0,0.0,843532.0,10161.0,2028359165.0,25.0,1.972,4.4510000000000005,0.42,668501.0,False
300.0,a1d4e09d3abf0a4eca987babbe1df4ca.param,0.0,0.0,0.0,5.145,1571287961.0,cbc9d5941f05f770497ba58a1e5133d6,563518.0,1.0,0.0,6.435,7-42,494330.0,0.0,105869.0,8032.0,0.376,1384.0,8032.0,-1.0,8049.0,0.0,815274.0,1042.0,1571287961.0,31.0,5.95,6.3260000000000005,0.28,107255.0,False
300.0,a1d4e09d3abf0a4eca987babbe1df4ca.param,1.0,0.0,0.0,5.142,1571287961.0,cbc9d5941f05f770497ba58a1e5133d6,563518.0,1.0,0.0,6.808,7-42,494330.0,0.0,105869.0,8032.0,0.377,1384.0,8032.0,-1.0,8049.0,0.0,815274.0,1042.0,1571287961.0,31.0,6.318,6.695,0.28,107255.0,False
300.0,a1d4e09d3abf0a4eca987babbe1df4ca.param,2.0,0.0,0.0,5.143,1571287961.0,cbc9d5941f05f770497ba58a1e5133d6,563518.0,1.0,0.0,6.5829999999999975,7-42,494330.0,0.0,105869.0,8032.0,0.37799999999999995,1384.0,8032.0,-1.0,8049.0,0.0,815274.0,1042.0,1571287961.0,31.0,6.1160000000000005,6.494,0.28,107255.0,False
300.0,c561707c3f0ff054acd49c4f7f7f9eae.param,0.0,0.0,0.0,75.51,590654055.0,61c45fc9965db4216ff5ac0f5dc732e9,375068.0,1.0,0.0,17.099,7-42,197988.0,0.0,1880573.0,10335.0,7.244,24736.0,10335.0,-1.0,27697.0,0.0,1188349.0,24376.0,590654055.0,37.0,8.812999999999997,16.057000000000002,0.94,1905311.0,False
300.0,c561707c3f0ff054acd49c4f7f7f9eae.param,1.0,0.0,0.0,71.153,590654055.0,61c45fc9965db4216ff5ac0f5dc732e9,375068.0,1.0,0.0,18.098,7-42,197988.0,0.0,1880573.0,10335.0,7.511,24736.0,10335.0,-1.0,27697.0,0.0,1188349.0,24376.0,590654055.0,37.0,9.24,16.750999999999998,0.94,1905311.0,False
300.0,c561707c3f0ff054acd49c4f7f7f9eae.param,2.0,0.0,0.0,73.215,590654055.0,61c45fc9965db4216ff5ac0f5dc732e9,375068.0,1.0,0.0,17.79,7-42,197988.0,0.0,1880573.0,10335.0,7.572999999999999,24736.0,10335.0,-1.0,27697.0,0.0,1188349.0,24376.0,590654055.0,37.0,9.008,16.581,0.94,1905311.0,False
300.0,1ec21c7d8e15d35901cd608efade836b.param,0.0,0.0,0.0,8.397,1802391418.0,352816068575117255ff34da3afe7b88,65669.0,1.0,0.0,2.282,7-42,27135.0,0.0,192510.0,6246.0,0.6920000000000001,2640.0,6246.0,-1.0,7145.0,0.0,709312.0,2361.0,1802391418.0,28.0,1.463,2.155,0.19,195152.0,False
300.0,1ec21c7d8e15d35901cd608efade836b.param,1.0,0.0,0.0,8.484,1802391418.0,352816068575117255ff34da3afe7b88,65669.0,1.0,0.0,2.314,7-42,27135.0,0.0,192510.0,6246.0,0.703,2640.0,6246.0,-1.0,7145.0,0.0,709312.0,2361.0,1802391418.0,28.0,1.476,2.1790000000000003,0.19,195152.0,False
300.0,1ec21c7d8e15d35901cd608efade836b.param,2.0,0.0,0.0,8.711,1802391418.0,352816068575117255ff34da3afe7b88,65669.0,1.0,0.0,2.371,7-42,27135.0,0.0,192510.0,6246.0,0.715,2640.0,6246.0,-1.0,7145.0,0.0,709312.0,2361.0,1802391418.0,28.0,1.5130000000000001,2.228,0.19,195152.0,False
300.0,82716a7451af0bb025940cb2be8712d2.param,0.0,0.0,0.0,14.527999999999999,1802391418.0,db44a865b4fef646459ec5b84a5d26a4,50559.0,1.0,0.0,3.2289999999999996,7-42,10162.0,0.0,321029.0,5637.0,1.214,5137.0,5637.0,-1.0,8741.0,0.0,478978.0,4900.0,1802391418.0,24.0,1.81,3.0239999999999996,0.28,326168.0,False
300.0,82716a7451af0bb025940cb2be8712d2.param,1.0,0.0,0.0,14.527999999999999,1802391418.0,db44a865b4fef646459ec5b84a5d26a4,50559.0,1.0,0.0,3.395,7-42,10162.0,0.0,321029.0,5637.0,1.19,5137.0,5637.0,-1.0,8741.0,0.0,478978.0,4900.0,1802391418.0,24.0,2.003,3.193,0.28,326168.0,False
300.0,82716a7451af0bb025940cb2be8712d2.param,2.0,0.0,0.0,14.545,1802391418.0,db44a865b4fef646459ec5b84a5d26a4,50559.0,1.0,0.0,3.1630000000000003,7-42,10162.0,0.0,321029.0,5637.0,1.179,5137.0,5637.0,-1.0,8741.0,0.0,478978.0,4900.0,1802391418.0,24.0,1.7790000000000001,2.958,0.28,326168.0,False
300.0,9038037b7d7e09779716658ee51f043a.param,0.0,0.0,0.0,34.223,1470727592.0,da568236996dc7324c627d475902ebb6,55301.0,1.0,0.0,5.206,7-42,17225.0,0.0,906713.0,4666.0,3.415,16039.0,4666.0,-1.0,7865.0,0.0,424026.0,15820.0,1470727592.0,20.0,1.2890000000000001,4.704,0.63,922754.0,False
300.0,9038037b7d7e09779716658ee51f043a.param,1.0,0.0,0.0,34.676,1470727592.0,da568236996dc7324c627d475902ebb6,55301.0,1.0,0.0,5.327000000000001,7-42,17225.0,0.0,906713.0,4666.0,3.478,16039.0,4666.0,-1.0,7865.0,0.0,424026.0,15820.0,1470727592.0,20.0,1.3030000000000002,4.7810000000000015,0.63,922754.0,False
300.0,9038037b7d7e09779716658ee51f043a.param,2.0,0.0,0.0,35.83,1470727592.0,da568236996dc7324c627d475902ebb6,55301.0,1.0,0.0,5.218,7-42,17225.0,0.0,906713.0,4666.0,3.429,16039.0,4666.0,-1.0,7865.0,0.0,424026.0,15820.0,1470727592.0,20.0,1.2830000000000001,4.712,0.63,922754.0,False
300.0,400673ca8ff3edef3535b5791da29758.param,0.0,0.0,0.0,28.921,1139903203.0,85c7c037a70a9cf81ce3102c160a198e,86080.0,1.0,0.0,6.787000000000001,7-42,26775.0,0.0,716632.0,4677.0,2.742,12351.0,4677.0,-1.0,10464.0,0.0,501405.0,12111.0,1139903203.0,20.0,3.6069999999999998,6.349,0.42,728985.0,False
300.0,400673ca8ff3edef3535b5791da29758.param,1.0,0.0,0.0,31.465999999999998,1139903203.0,85c7c037a70a9cf81ce3102c160a198e,86080.0,1.0,0.0,6.8839999999999995,7-42,26775.0,0.0,716632.0,4677.0,2.6860000000000004,12351.0,4677.0,-1.0,10464.0,0.0,501405.0,12111.0,1139903203.0,20.0,3.634,6.32,0.42,728985.0,False
300.0,400673ca8ff3edef3535b5791da29758.param,2.0,0.0,0.0,31.09800000000001,1139903203.0,85c7c037a70a9cf81ce3102c160a198e,86080.0,1.0,0.0,6.807,7-42,26775.0,0.0,716632.0,4677.0,2.75,12351.0,4677.0,-1.0,10464.0,0.0,501405.0,12111.0,1139903203.0,20.0,3.617,6.367000000000001,0.42,728985.0,False
300.0,2389afb57cc1c7542bfddc76320706af.param,0.0,0.0,0.0,36.093,1405409883.0,b69abc3969649008f3d46f9f580645c8,52054.0,1.0,0.0,8.003,7-42,13284.0,0.0,951435.0,4145.0,3.642,17529.0,4145.0,-1.0,8847.0,0.0,1201758.0,17298.0,1405409883.0,17.0,3.827,7.4689999999999985,0.63,968966.0,False
300.0,2389afb57cc1c7542bfddc76320706af.param,1.0,0.0,0.0,36.718,1405409883.0,b69abc3969649008f3d46f9f580645c8,52054.0,1.0,0.0,8.267999999999999,7-42,13284.0,0.0,951435.0,4145.0,3.5989999999999998,17529.0,4145.0,-1.0,8847.0,0.0,1201758.0,17298.0,1405409883.0,17.0,4.107,7.706,0.63,968966.0,False
300.0,2389afb57cc1c7542bfddc76320706af.param,2.0,0.0,0.0,37.426,1405409883.0,b69abc3969649008f3d46f9f580645c8,52054.0,1.0,0.0,8.254,7-42,13284.0,0.0,951435.0,4145.0,3.609,17529.0,4145.0,-1.0,8847.0,0.0,1201758.0,17298.0,1405409883.0,17.0,4.117,7.726,0.63,968966.0,False
300.0,8e69ece5afd42db3ce1e7ed475eaaf08.param,0.0,0.0,0.0,34.611999999999995,1979567522.0,f2905ec45ce6c80dfac4596423148fea,129480.0,1.0,0.0,8.006,7-42,58134.0,0.0,848630.0,4634.0,3.263,15016.0,4634.0,-1.0,13996.0,0.0,710394.0,14731.0,1979567522.0,20.0,4.25,7.513,0.63,863648.0,False
300.0,8e69ece5afd42db3ce1e7ed475eaaf08.param,1.0,0.0,0.0,35.935,1979567522.0,f2905ec45ce6c80dfac4596423148fea,129480.0,1.0,0.0,8.311,7-42,58134.0,0.0,848630.0,4634.0,3.398,15016.0,4634.0,-1.0,13996.0,0.0,710394.0,14731.0,1979567522.0,20.0,4.31,7.7079999999999975,0.63,863648.0,False
300.0,8e69ece5afd42db3ce1e7ed475eaaf08.param,2.0,0.0,0.0,35.427,1979567522.0,f2905ec45ce6c80dfac4596423148fea,129480.0,1.0,0.0,8.107000000000001,7-42,58134.0,0.0,848630.0,4634.0,3.284,15016.0,4634.0,-1.0,13996.0,0.0,710394.0,14731.0,1979567522.0,20.0,4.327,7.6110000000000015,0.63,863648.0,False
300.0,0faee3ca8e450721dd5b73cb48656439.param,0.0,0.0,0.0,103.432,221638566.0,7859e159273eeca0d60c7c140c5ceef6,2022103.0,1.0,0.0,67.473,7-42,1668973.0,0.0,2590707.0,10245.0,9.943,35114.0,10245.0,-1.0,34375.0,0.0,3371605.0,34757.0,221638566.0,36.0,55.628,65.571,1.41,2625823.0,False
300.0,0faee3ca8e450721dd5b73cb48656439.param,1.0,0.0,0.0,103.89399999999999,221638566.0,7859e159273eeca0d60c7c140c5ceef6,2022103.0,1.0,0.0,67.28,7-42,1668973.0,0.0,2590707.0,10245.0,10.135,35114.0,10245.0,-1.0,34375.0,0.0,3371605.0,34757.0,221638566.0,36.0,55.795,65.93,1.41,2625823.0,False
300.0,0faee3ca8e450721dd5b73cb48656439.param,2.0,0.0,0.0,99.95700000000001,221638566.0,7859e159273eeca0d60c7c140c5ceef6,2022103.0,1.0,0.0,66.212,7-42,1668973.0,0.0,2590707.0,10245.0,10.055,35114.0,10245.0,-1.0,34375.0,0.0,3371605.0,34757.0,221638566.0,36.0,54.753,64.808,1.41,2625823.0,False
300.0,9f516f1949bb094c061b924b07b9239e.param,0.0,0.0,0.0,25.93,1234135464.0,ad78cd28ce2bb75a383ec6353e9b3adb,72498.0,1.0,0.0,4.636,7-42,21858.0,0.0,629223.0,5747.0,2.384,9828.0,5747.0,-1.0,7762.0,0.0,573358.0,9594.0,1234135464.0,25.0,1.8780000000000001,4.262,0.42,639053.0,False
300.0,9f516f1949bb094c061b924b07b9239e.param,1.0,0.0,0.0,25.416,1234135464.0,ad78cd28ce2bb75a383ec6353e9b3adb,72498.0,1.0,0.0,4.702,7-42,21858.0,0.0,629223.0,5747.0,2.362,9828.0,5747.0,-1.0,7762.0,0.0,573358.0,9594.0,1234135464.0,25.0,1.983,4.345,0.42,639053.0,False
300.0,9f516f1949bb094c061b924b07b9239e.param,2.0,0.0,0.0,26.993000000000002,1234135464.0,ad78cd28ce2bb75a383ec6353e9b3adb,72498.0,1.0,0.0,4.713,7-42,21858.0,0.0,629223.0,5747.0,2.437,9828.0,5747.0,-1.0,7762.0,0.0,573358.0,9594.0,1234135464.0,25.0,1.9180000000000001,4.355,0.42,639053.0,False
300.0,911e1a0f8b4680f2864fa59b12973cad.param,0.0,0.0,0.0,39.29,1145031130.0,2b915eb7c7420668d12def4a98010249,65557.0,1.0,0.0,7.966,7-42,13793.0,0.0,1012692.0,4118.0,4.18,18667.0,4118.0,-1.0,11359.0,0.0,1040546.0,18259.0,1145031130.0,17.0,3.198,7.377999999999999,0.63,1031361.0,False
300.0,911e1a0f8b4680f2864fa59b12973cad.param,1.0,0.0,0.0,40.756,1145031130.0,2b915eb7c7420668d12def4a98010249,65557.0,1.0,0.0,7.7810000000000015,7-42,13793.0,0.0,1012692.0,4118.0,4.027,18667.0,4118.0,-1.0,11359.0,0.0,1040546.0,18259.0,1145031130.0,17.0,3.176,7.202999999999999,0.63,1031361.0,False
300.0,911e1a0f8b4680f2864fa59b12973cad.param,2.0,0.0,0.0,40.074,1145031130.0,2b915eb7c7420668d12def4a98010249,65557.0,1.0,0.0,7.62,7-42,13793.0,0.0,1012692.0,4118.0,3.875,18667.0,4118.0,-1.0,11359.0,0.0,1040546.0,18259.0,1145031130.0,17.0,3.18,7.055,0.63,1031361.0,False
300.0,589bbf864478462408d49f56b3acebc9.param,0.0,0.0,0.0,48.801,182366586.0,4fd5373f1191305210c447c1171918a4,148678.0,1.0,0.0,8.479,7-42,54936.0,0.0,1263398.0,6280.0,4.914,18847.0,6280.0,-1.0,13453.0,0.0,769125.0,18589.0,182366586.0,28.0,2.8369999999999997,7.751,0.63,1282247.0,False
300.0,589bbf864478462408d49f56b3acebc9.param,1.0,0.0,0.0,49.773999999999994,182366586.0,4fd5373f1191305210c447c1171918a4,148678.0,1.0,0.0,8.429,7-42,54936.0,0.0,1263398.0,6280.0,4.851,18847.0,6280.0,-1.0,13453.0,0.0,769125.0,18589.0,182366586.0,28.0,2.8739999999999997,7.725,0.63,1282247.0,False
300.0,589bbf864478462408d49f56b3acebc9.param,2.0,0.0,0.0,47.22,182366586.0,4fd5373f1191305210c447c1171918a4,148678.0,1.0,0.0,8.812999999999997,7-42,54936.0,0.0,1263398.0,6280.0,4.947,18847.0,6280.0,-1.0,13453.0,0.0,769125.0,18589.0,182366586.0,28.0,2.9410000000000003,7.888,0.63,1282247.0,False
300.0,5c79d1d9a7223b0aa7f24b9abb13ee2f.param,0.0,0.0,0.0,74.29899999999998,1923385776.0,f5d5e45f47aaab8777b999c09f724ec1,87375.0,1.0,0.0,12.64,7-42,30333.0,0.0,1848356.0,4657.0,7.249,26111.0,4657.0,-1.0,13087.0,0.0,1293833.0,25835.0,1923385776.0,20.0,4.417,11.665999999999999,0.94,1874469.0,False
300.0,5c79d1d9a7223b0aa7f24b9abb13ee2f.param,1.0,0.0,0.0,72.704,1923385776.0,f5d5e45f47aaab8777b999c09f724ec1,87375.0,1.0,0.0,12.724,7-42,30333.0,0.0,1848356.0,4657.0,7.233,26111.0,4657.0,-1.0,13087.0,0.0,1293833.0,25835.0,1923385776.0,20.0,4.493,11.725999999999999,0.94,1874469.0,False
300.0,5c79d1d9a7223b0aa7f24b9abb13ee2f.param,2.0,0.0,0.0,74.54,1923385776.0,f5d5e45f47aaab8777b999c09f724ec1,87375.0,1.0,0.0,12.812000000000001,7-42,30333.0,0.0,1848356.0,4657.0,7.274,26111.0,4657.0,-1.0,13087.0,0.0,1293833.0,25835.0,1923385776.0,20.0,4.502,11.776,0.94,1874469.0,False
300.0,356667c28689cc2615ddddc6ad11e53e.param,0.0,0.0,0.0,79.461,693280077.0,5936447bf32fa76ccb2ea4806bfa7716,74618.0,1.0,0.0,15.752,7-42,21268.0,0.0,1985005.0,4761.0,7.641,28656.0,4761.0,-1.0,14371.0,0.0,1845521.0,28269.0,693280077.0,21.0,7.086,14.727,0.94,2013663.0,False
300.0,356667c28689cc2615ddddc6ad11e53e.param,1.0,0.0,0.0,78.527,693280077.0,5936447bf32fa76ccb2ea4806bfa7716,74618.0,1.0,0.0,15.663,7-42,21268.0,0.0,1985005.0,4761.0,7.699,28656.0,4761.0,-1.0,14371.0,0.0,1845521.0,28269.0,693280077.0,21.0,6.931,14.63,0.94,2013663.0,False
300.0,356667c28689cc2615ddddc6ad11e53e.param,2.0,0.0,0.0,73.767,693280077.0,5936447bf32fa76ccb2ea4806bfa7716,74618.0,1.0,0.0,17.597,7-42,21268.0,0.0,1985005.0,4761.0,7.825,28656.0,4761.0,-1.0,14371.0,0.0,1845521.0,28269.0,693280077.0,21.0,8.402999999999999,16.227999999999998,0.94,2013663.0,False
300.0,7ee038a2d306328bf29f3cc3ddd33ea0.param,0.0,0.0,0.0,63.62,2050821110.0,bfd197aee2e2807d8329f136b4034755,210510.0,1.0,0.0,15.554,7-42,64619.0,0.0,1632493.0,10289.0,6.399,21685.0,10289.0,-1.0,19156.0,0.0,1503919.0,21376.0,2050821110.0,36.0,7.928,14.327,0.94,1654180.0,False
300.0,7ee038a2d306328bf29f3cc3ddd33ea0.param,1.0,0.0,0.0,63.193999999999996,2050821110.0,bfd197aee2e2807d8329f136b4034755,210510.0,1.0,0.0,15.493,7-42,64619.0,0.0,1632493.0,10289.0,6.459,21685.0,10289.0,-1.0,19156.0,0.0,1503919.0,21376.0,2050821110.0,36.0,7.808,14.267000000000001,0.94,1654180.0,False
300.0,7ee038a2d306328bf29f3cc3ddd33ea0.param,2.0,0.0,0.0,61.352,2050821110.0,bfd197aee2e2807d8329f136b4034755,210510.0,1.0,0.0,14.248,7-42,64619.0,0.0,1632493.0,10289.0,6.25,21685.0,10289.0,-1.0,19156.0,0.0,1503919.0,21376.0,2050821110.0,36.0,7.079,13.329,0.94,1654180.0,False
300.0,3631b5ebf342811f42ca903194874739.param,0.0,0.0,0.0,21.570999999999998,254168822.0,4d921aa58d911a5107bcec16fcbba54f,61543.0,1.0,0.0,3.523,7-42,13742.0,0.0,508673.0,6279.0,1.8769999999999998,7591.0,6279.0,-1.0,8484.0,0.0,597678.0,7336.0,254168822.0,28.0,1.341,3.218,0.28,516266.0,False
300.0,3631b5ebf342811f42ca903194874739.param,1.0,0.0,0.0,20.996,254168822.0,4d921aa58d911a5107bcec16fcbba54f,61543.0,1.0,0.0,3.549,7-42,13742.0,0.0,508673.0,6279.0,1.923,7591.0,6279.0,-1.0,8484.0,0.0,597678.0,7336.0,254168822.0,28.0,1.33,3.253,0.28,516266.0,False
300.0,3631b5ebf342811f42ca903194874739.param,2.0,0.0,0.0,21.746,254168822.0,4d921aa58d911a5107bcec16fcbba54f,61543.0,1.0,0.0,3.623,7-42,13742.0,0.0,508673.0,6279.0,1.963,7591.0,6279.0,-1.0,8484.0,0.0,597678.0,7336.0,254168822.0,28.0,1.358,3.321,0.28,516266.0,False
300.0,a38985b17ca7f54344b29181a8584654.param,0.0,0.0,0.0,42.71,221638566.0,4346e9fd8cce75e3cda7c4b97d5b29d2,86717.0,1.0,0.0,11.38,7-42,21785.0,0.0,1045742.0,4000.0,3.9189999999999996,20706.0,4000.0,-1.0,14864.0,0.0,471601.0,20331.0,221638566.0,16.0,6.855,10.774000000000001,0.94,1066450.0,False
300.0,a38985b17ca7f54344b29181a8584654.param,1.0,0.0,0.0,44.191,221638566.0,4346e9fd8cce75e3cda7c4b97d5b29d2,86717.0,1.0,0.0,11.755999999999998,7-42,21785.0,0.0,1045742.0,4000.0,4.072,20706.0,4000.0,-1.0,14864.0,0.0,471601.0,20331.0,221638566.0,16.0,7.017,11.089,0.94,1066450.0,False
300.0,a38985b17ca7f54344b29181a8584654.param,2.0,0.0,0.0,41.672,221638566.0,4346e9fd8cce75e3cda7c4b97d5b29d2,86717.0,1.0,0.0,11.808,7-42,21785.0,0.0,1045742.0,4000.0,3.963,20706.0,4000.0,-1.0,14864.0,0.0,471601.0,20331.0,221638566.0,16.0,7.066,11.029000000000002,0.94,1066450.0,False
300.0,6074526f967671a9c7cc808bdb4dbadb.param,0.0,0.0,0.0,71.438,1470727592.0,481831bb73cf97e654a2dd6e8381b5bd,240388.0,1.0,0.0,16.107,7-42,127581.0,0.0,1958633.0,6371.0,7.876,26014.0,6371.0,-1.0,16962.0,0.0,857809.0,25735.0,1470727592.0,29.0,6.846,14.722000000000001,0.94,1984649.0,False
300.0,6074526f967671a9c7cc808bdb4dbadb.param,1.0,0.0,0.0,76.566,1470727592.0,481831bb73cf97e654a2dd6e8381b5bd,240388.0,1.0,0.0,15.015,7-42,127581.0,0.0,1958633.0,6371.0,7.564,26014.0,6371.0,-1.0,16962.0,0.0,857809.0,25735.0,1470727592.0,29.0,6.348,13.912,0.94,1984649.0,False
300.0,6074526f967671a9c7cc808bdb4dbadb.param,2.0,0.0,0.0,75.741,1470727592.0,481831bb73cf97e654a2dd6e8381b5bd,240388.0,1.0,0.0,15.690999999999999,7-42,127581.0,0.0,1958633.0,6371.0,7.747000000000001,26014.0,6371.0,-1.0,16962.0,0.0,857809.0,25735.0,1470727592.0,29.0,6.64,14.387,0.94,1984649.0,False
300.0,d0799a9d39f0850315a55b0ab4917638.param,0.0,0.0,0.0,44.277,1918631718.0,72374773e309fc0c14e2ed3386ec5b8b,204046.0,1.0,0.0,11.362,7-42,124305.0,0.0,1159838.0,5739.0,4.4319999999999995,17905.0,5739.0,-1.0,11554.0,0.0,1245404.0,17629.0,1918631718.0,25.0,6.2970000000000015,10.729000000000001,0.63,1177745.0,False
300.0,d0799a9d39f0850315a55b0ab4917638.param,1.0,0.0,0.0,47.005,1918631718.0,72374773e309fc0c14e2ed3386ec5b8b,204046.0,1.0,0.0,11.165999999999999,7-42,124305.0,0.0,1159838.0,5739.0,4.36,17905.0,5739.0,-1.0,11554.0,0.0,1245404.0,17629.0,1918631718.0,25.0,6.166,10.526,0.63,1177745.0,False
300.0,d0799a9d39f0850315a55b0ab4917638.param,2.0,0.0,0.0,45.751999999999995,1918631718.0,72374773e309fc0c14e2ed3386ec5b8b,204046.0,1.0,0.0,11.546,7-42,124305.0,0.0,1159838.0,5739.0,4.393,17905.0,5739.0,-1.0,11554.0,0.0,1245404.0,17629.0,1918631718.0,25.0,6.5020000000000024,10.895,0.63,1177745.0,False
300.0,9d8011d62fbdace0c9682b0a56eb9c1a.param,0.0,0.0,0.0,17.067999999999998,475179535.0,0965a53f1ca697cb8c37553cb65526a7,46139.0,1.0,0.0,2.9389999999999996,7-42,24325.0,0.0,361354.0,4642.0,1.3119999999999998,5335.0,4642.0,-1.0,4127.0,0.0,823698.0,5053.0,475179535.0,20.0,1.385,2.697,0.28,366691.0,False
300.0,9d8011d62fbdace0c9682b0a56eb9c1a.param,1.0,0.0,0.0,15.543,475179535.0,0965a53f1ca697cb8c37553cb65526a7,46139.0,1.0,0.0,3.2569999999999997,7-42,24325.0,0.0,361354.0,4642.0,1.371,5335.0,4642.0,-1.0,4127.0,0.0,823698.0,5053.0,475179535.0,20.0,1.6,2.971,0.28,366691.0,False
300.0,9d8011d62fbdace0c9682b0a56eb9c1a.param,2.0,0.0,0.0,16.680999999999994,475179535.0,0965a53f1ca697cb8c37553cb65526a7,46139.0,1.0,0.0,3.053,7-42,24325.0,0.0,361354.0,4642.0,1.43,5335.0,4642.0,-1.0,4127.0,0.0,823698.0,5053.0,475179535.0,20.0,1.396,2.826,0.28,366691.0,False
300.0,a37d28d43d69aa0103e8f6c03a25328d.param,0.0,0.0,0.0,10.162,1057470620.0,0f4bb7e2eb93ef7c0c65d66886452d50,1470787.0,1.0,0.0,30.736,7-42,1309393.0,0.0,223893.0,11326.0,0.887,2786.0,11326.0,-1.0,20709.0,0.0,1854308.0,2372.0,1057470620.0,41.0,29.64,30.526999999999997,0.63,226681.0,False
300.0,a37d28d43d69aa0103e8f6c03a25328d.param,1.0,0.0,0.0,10.168,1057470620.0,0f4bb7e2eb93ef7c0c65d66886452d50,1470787.0,1.0,0.0,30.19400000000001,7-42,1309393.0,0.0,223893.0,11326.0,0.83,2786.0,11326.0,-1.0,20709.0,0.0,1854308.0,2372.0,1057470620.0,41.0,29.204,30.034000000000002,0.63,226681.0,False
300.0,a37d28d43d69aa0103e8f6c03a25328d.param,2.0,0.0,0.0,10.062000000000001,1057470620.0,0f4bb7e2eb93ef7c0c65d66886452d50,1470787.0,1.0,0.0,30.605999999999998,7-42,1309393.0,0.0,223893.0,11326.0,0.812,2786.0,11326.0,-1.0,20709.0,0.0,1854308.0,2372.0,1057470620.0,41.0,29.590999999999998,30.403000000000002,0.63,226681.0,False
300.0,bebd2cfe5e0562ebe11dc365507fd898.param,0.0,0.0,0.0,32.582,372553220.0,71a5ed08a801e0fd05cb225768086c14,115683.0,1.0,0.0,20.351,7-42,52488.0,0.0,785579.0,9768.0,2.9730000000000003,9850.0,9768.0,-1.0,14783.0,0.0,933672.0,9502.0,372553220.0,33.0,16.917,19.89,0.42,795431.0,False
300.0,bebd2cfe5e0562ebe11dc365507fd898.param,1.0,0.0,0.0,32.486999999999995,372553220.0,71a5ed08a801e0fd05cb225768086c14,115683.0,1.0,0.0,20.896,7-42,52488.0,0.0,785579.0,9768.0,3.1210000000000004,9850.0,9768.0,-1.0,14783.0,0.0,933672.0,9502.0,372553220.0,33.0,17.178,20.299,0.42,795431.0,False
300.0,bebd2cfe5e0562ebe11dc365507fd898.param,2.0,0.0,0.0,33.497,372553220.0,71a5ed08a801e0fd05cb225768086c14,115683.0,1.0,0.0,20.487,7-42,52488.0,0.0,785579.0,9768.0,3.0639999999999996,9850.0,9768.0,-1.0,14783.0,0.0,933672.0,9502.0,372553220.0,33.0,16.963,20.027,0.42,795431.0,False
300.0,1a9658e08918a7701123bae3cad3fdfa.param,0.0,0.0,0.0,24.72,2136253402.0,365c3cf233babd00d8b5a9c417278f23,495284.0,1.0,0.0,8.717,7-42,366186.0,0.0,559589.0,10206.0,2.175,7363.0,10206.0,-1.0,22602.0,0.0,1120533.0,7060.0,2136253402.0,36.0,6.204,8.379,0.63,566954.0,False
300.0,1a9658e08918a7701123bae3cad3fdfa.param,1.0,0.0,0.0,23.596999999999998,2136253402.0,365c3cf233babd00d8b5a9c417278f23,495284.0,1.0,0.0,8.471,7-42,366186.0,0.0,559589.0,10206.0,2.106,7363.0,10206.0,-1.0,22602.0,0.0,1120533.0,7060.0,2136253402.0,36.0,6.0360000000000005,8.142000000000001,0.63,566954.0,False
300.0,1a9658e08918a7701123bae3cad3fdfa.param,2.0,0.0,0.0,24.314,2136253402.0,365c3cf233babd00d8b5a9c417278f23,495284.0,1.0,0.0,8.996,7-42,366186.0,0.0,559589.0,10206.0,2.115,7363.0,10206.0,-1.0,22602.0,0.0,1120533.0,7060.0,2136253402.0,36.0,6.461,8.576,0.63,566954.0,False
300.0,c0ddd6d536dd36939b31e12d969323ca.param,0.0,0.0,0.0,15.962,1405409883.0,4022028c7ba6d174b717222dce731a53,200493.0,1.0,0.0,9.837,7-42,97686.0,0.0,345254.0,10383.0,1.268,4291.0,10383.0,-1.0,15376.0,0.0,1136358.0,3973.0,1405409883.0,37.0,8.347000000000001,9.615,0.42,349547.0,False
300.0,c0ddd6d536dd36939b31e12d969323ca.param,1.0,0.0,0.0,15.257,1405409883.0,4022028c7ba6d174b717222dce731a53,200493.0,1.0,0.0,10.231,7-42,97686.0,0.0,345254.0,10383.0,1.317,4291.0,10383.0,-1.0,15376.0,0.0,1136358.0,3973.0,1405409883.0,37.0,8.583,9.9,0.42,349547.0,False
300.0,c0ddd6d536dd36939b31e12d969323ca.param,2.0,0.0,0.0,16.368,1405409883.0,4022028c7ba6d174b717222dce731a53,200493.0,1.0,0.0,9.773,7-42,97686.0,0.0,345254.0,10383.0,1.265,4291.0,10383.0,-1.0,15376.0,0.0,1136358.0,3973.0,1405409883.0,37.0,8.293,9.558,0.42,349547.0,False
300.0,880c13fc9e1ae18f82e743ba707577a8.param,0.0,0.0,0.0,45.825,1923385776.0,4e9f84010eca2ec16dec4a20a09e2869,55048.0,1.0,0.0,7.152,7-42,20394.0,0.0,1158722.0,4150.0,4.5360000000000005,21053.0,4150.0,-1.0,10344.0,0.0,538479.0,20849.0,1923385776.0,17.0,1.7730000000000001,6.309,0.94,1179777.0,False
300.0,880c13fc9e1ae18f82e743ba707577a8.param,1.0,0.0,0.0,44.288000000000004,1923385776.0,4e9f84010eca2ec16dec4a20a09e2869,55048.0,1.0,0.0,6.716,7-42,20394.0,0.0,1158722.0,4150.0,4.4719999999999995,21053.0,4150.0,-1.0,10344.0,0.0,538479.0,20849.0,1923385776.0,17.0,1.595,6.067,0.94,1179777.0,False
300.0,880c13fc9e1ae18f82e743ba707577a8.param,2.0,0.0,0.0,43.593,1923385776.0,4e9f84010eca2ec16dec4a20a09e2869,55048.0,1.0,0.0,6.398,7-42,20394.0,0.0,1158722.0,4150.0,4.355,21053.0,4150.0,-1.0,10344.0,0.0,538479.0,20849.0,1923385776.0,17.0,1.436,5.791,0.94,1179777.0,False
300.0,8ee114f3baa9833ce2ff8acd1c2f17dc.param,0.0,0.0,0.0,34.815,1242281828.0,8976b61871d819395e9f6d4a00a888ed,140340.0,1.0,0.0,8.118,7-42,71766.0,0.0,923669.0,5600.0,3.46,15135.0,5600.0,-1.0,13330.0,0.0,955274.0,14892.0,1242281828.0,24.0,4.138,7.598,0.63,938806.0,False
300.0,8ee114f3baa9833ce2ff8acd1c2f17dc.param,1.0,0.0,0.0,39.675,1242281828.0,8976b61871d819395e9f6d4a00a888ed,140340.0,1.0,0.0,8.269,7-42,71766.0,0.0,923669.0,5600.0,3.6189999999999998,15135.0,5600.0,-1.0,13330.0,0.0,955274.0,14892.0,1242281828.0,24.0,4.118,7.737,0.63,938806.0,False
300.0,8ee114f3baa9833ce2ff8acd1c2f17dc.param,2.0,0.0,0.0,35.954,1242281828.0,8976b61871d819395e9f6d4a00a888ed,140340.0,1.0,0.0,8.154,7-42,71766.0,0.0,923669.0,5600.0,3.5069999999999997,15135.0,5600.0,-1.0,13330.0,0.0,955274.0,14892.0,1242281828.0,24.0,4.102,7.609,0.63,938806.0,False
300.0,ecf255cfa79dc1390125d72e88196842.param,0.0,0.0,0.0,27.949,2050821110.0,0aafeb9bd40da40c06a676ccf03281eb,111561.0,1.0,0.0,6.0070000000000014,7-42,39724.0,0.0,716995.0,10256.0,2.698,9526.0,10256.0,-1.0,8944.0,0.0,732976.0,9244.0,2050821110.0,36.0,2.897,5.595,0.42,726523.0,False
300.0,ecf255cfa79dc1390125d72e88196842.param,1.0,0.0,0.0,29.715,2050821110.0,0aafeb9bd40da40c06a676ccf03281eb,111561.0,1.0,0.0,6.57,7-42,39724.0,0.0,716995.0,10256.0,2.845,9526.0,10256.0,-1.0,8944.0,0.0,732976.0,9244.0,2050821110.0,36.0,3.19,6.035,0.42,726523.0,False
300.0,ecf255cfa79dc1390125d72e88196842.param,2.0,0.0,0.0,29.57,2050821110.0,0aafeb9bd40da40c06a676ccf03281eb,111561.0,1.0,0.0,6.117999999999999,7-42,39724.0,0.0,716995.0,10256.0,2.679,9526.0,10256.0,-1.0,8944.0,0.0,732976.0,9244.0,2050821110.0,36.0,3.009,5.688,0.42,726523.0,False
300.0,8918e76cfcec0657c7d7950a1794604c.param,0.0,0.0,0.0,37.029,34754393.0,c4ae07134b8f8d1899b75b26abbb8032,829548.0,1.0,0.0,26.105,7-42,643882.0,0.0,945124.0,6395.0,3.647,13357.0,6395.0,-1.0,23963.0,0.0,1831217.0,13003.0,34754393.0,29.0,21.766,25.413,0.94,958483.0,False
300.0,8918e76cfcec0657c7d7950a1794604c.param,1.0,0.0,0.0,37.407,34754393.0,c4ae07134b8f8d1899b75b26abbb8032,829548.0,1.0,0.0,27.234,7-42,643882.0,0.0,945124.0,6395.0,3.681,13357.0,6395.0,-1.0,23963.0,0.0,1831217.0,13003.0,34754393.0,29.0,22.82800000000001,26.509,0.94,958483.0,False
300.0,8918e76cfcec0657c7d7950a1794604c.param,2.0,0.0,0.0,36.417,34754393.0,c4ae07134b8f8d1899b75b26abbb8032,829548.0,1.0,0.0,26.971999999999998,7-42,643882.0,0.0,945124.0,6395.0,3.701,13357.0,6395.0,-1.0,23963.0,0.0,1831217.0,13003.0,34754393.0,29.0,22.588,26.289,0.94,958483.0,False
300.0,3d9e7b6df6df75811f47376afe3f163c.param,0.0,0.0,0.0,17.194000000000006,1918631718.0,21bfa1d512e86c7e7ab2c1a1682420ac,321955.0,1.0,0.0,7.343,7-42,224674.0,0.0,413980.0,6396.0,1.5530000000000002,6046.0,6396.0,-1.0,17390.0,0.0,824301.0,5701.0,1918631718.0,29.0,5.452000000000001,7.005,0.42,420028.0,False
300.0,3d9e7b6df6df75811f47376afe3f163c.param,1.0,0.0,0.0,17.316,1918631718.0,21bfa1d512e86c7e7ab2c1a1682420ac,321955.0,1.0,0.0,7.2920000000000025,7-42,224674.0,0.0,413980.0,6396.0,1.5390000000000001,6046.0,6396.0,-1.0,17390.0,0.0,824301.0,5701.0,1918631718.0,29.0,5.51,7.0489999999999995,0.42,420028.0,False
300.0,3d9e7b6df6df75811f47376afe3f163c.param,2.0,0.0,0.0,17.363,1918631718.0,21bfa1d512e86c7e7ab2c1a1682420ac,321955.0,1.0,0.0,7.051,7-42,224674.0,0.0,413980.0,6396.0,1.588,6046.0,6396.0,-1.0,17390.0,0.0,824301.0,5701.0,1918631718.0,29.0,5.226,6.814,0.42,420028.0,False
300.0,f607d46ec11afe04a6635e1e747bca97.param,0.0,0.0,0.0,7.528,823094821.0,20f2357523376fabb7a0398e13aeef99,276498.0,1.0,0.0,3.958,7-42,233860.0,0.0,158630.0,4765.0,0.575,2671.0,4765.0,-1.0,10266.0,0.0,676495.0,2341.0,823094821.0,21.0,3.2680000000000002,3.843,0.42,161303.0,False
300.0,f607d46ec11afe04a6635e1e747bca97.param,1.0,0.0,0.0,7.1979999999999995,823094821.0,20f2357523376fabb7a0398e13aeef99,276498.0,1.0,0.0,3.9410000000000003,7-42,233860.0,0.0,158630.0,4765.0,0.568,2671.0,4765.0,-1.0,10266.0,0.0,676495.0,2341.0,823094821.0,21.0,3.2539999999999996,3.822,0.42,161303.0,False
300.0,f607d46ec11afe04a6635e1e747bca97.param,2.0,0.0,0.0,7.227,823094821.0,20f2357523376fabb7a0398e13aeef99,276498.0,1.0,0.0,3.96,7-42,233860.0,0.0,158630.0,4765.0,0.58,2671.0,4765.0,-1.0,10266.0,0.0,676495.0,2341.0,823094821.0,21.0,3.266,3.846,0.42,161303.0,False
300.0,982f07b05aa788dcb221cf0f46a98a28.param,0.0,0.0,0.0,17.403,1242281828.0,50e48598ce061b0e430b4dd199ffbe4a,557113.0,1.0,0.0,8.419,7-42,455851.0,0.0,411868.0,6276.0,1.5,6150.0,6276.0,-1.0,19887.0,0.0,1281643.0,5799.0,1242281828.0,28.0,6.681,8.181000000000001,0.63,418020.0,False
300.0,982f07b05aa788dcb221cf0f46a98a28.param,1.0,0.0,0.0,18.412,1242281828.0,50e48598ce061b0e430b4dd199ffbe4a,557113.0,1.0,0.0,8.708,7-42,455851.0,0.0,411868.0,6276.0,1.574,6150.0,6276.0,-1.0,19887.0,0.0,1281643.0,5799.0,1242281828.0,28.0,6.8660000000000005,8.44,0.63,418020.0,False
300.0,982f07b05aa788dcb221cf0f46a98a28.param,2.0,0.0,0.0,18.874000000000002,1242281828.0,50e48598ce061b0e430b4dd199ffbe4a,557113.0,1.0,0.0,8.623,7-42,455851.0,0.0,411868.0,6276.0,1.571,6150.0,6276.0,-1.0,19887.0,0.0,1281643.0,5799.0,1242281828.0,28.0,6.7970000000000015,8.368,0.63,418020.0,False
300.0,b55bae1f323148019db34cc9c08d6b4b.param,0.0,0.0,0.0,26.039,693280077.0,ca0a4e36a04660ba4e3366c0c878662d,63985.0,1.0,0.0,6.659,7-42,16964.0,0.0,605417.0,4118.0,2.252,11161.0,4118.0,-1.0,8685.0,0.0,745553.0,10816.0,693280077.0,17.0,4.032,6.284,0.42,616580.0,False
300.0,b55bae1f323148019db34cc9c08d6b4b.param,1.0,0.0,0.0,25.701999999999998,693280077.0,ca0a4e36a04660ba4e3366c0c878662d,63985.0,1.0,0.0,6.672999999999999,7-42,16964.0,0.0,605417.0,4118.0,2.253,11161.0,4118.0,-1.0,8685.0,0.0,745553.0,10816.0,693280077.0,17.0,4.053,6.306,0.42,616580.0,False
300.0,b55bae1f323148019db34cc9c08d6b4b.param,2.0,0.0,0.0,28.076,693280077.0,ca0a4e36a04660ba4e3366c0c878662d,63985.0,1.0,0.0,6.8820000000000014,7-42,16964.0,0.0,605417.0,4118.0,2.354,11161.0,4118.0,-1.0,8685.0,0.0,745553.0,10816.0,693280077.0,17.0,4.096,6.45,0.42,616580.0,False
300.0,a6ff37b0cef2bdd5134de774a2ccfcdd.param,0.0,0.0,0.0,7.376,1571287961.0,aceca6e1ad953a56c4f65a3865082a75,165471.0,1.0,0.0,4.1339999999999995,7-42,116957.0,0.0,150619.0,9603.0,0.535,2046.0,9603.0,-1.0,8116.0,0.0,738674.0,1743.0,1571287961.0,32.0,3.484,4.019,0.28,152667.0,False
300.0,a6ff37b0cef2bdd5134de774a2ccfcdd.param,1.0,0.0,0.0,6.95,1571287961.0,aceca6e1ad953a56c4f65a3865082a75,165471.0,1.0,0.0,4.356,7-42,116957.0,0.0,150619.0,9603.0,0.58,2046.0,9603.0,-1.0,8116.0,0.0,738674.0,1743.0,1571287961.0,32.0,3.6260000000000003,4.206,0.28,152667.0,False
300.0,a6ff37b0cef2bdd5134de774a2ccfcdd.param,2.0,0.0,0.0,6.827999999999999,1571287961.0,aceca6e1ad953a56c4f65a3865082a75,165471.0,1.0,0.0,4.107,7-42,116957.0,0.0,150619.0,9603.0,0.536,2046.0,9603.0,-1.0,8116.0,0.0,738674.0,1743.0,1571287961.0,32.0,3.445,3.9810000000000003,0.28,152667.0,False
300.0,5a074a62937cbcb2e921ae7f17a0123b.param,0.0,0.0,0.0,70.351,2028359165.0,b2d09e58018f4c1e0f95f0a528aaf3ad,417380.0,1.0,0.0,19.309,7-42,323539.0,0.0,1877995.0,5638.0,7.473,28986.0,5638.0,-1.0,18495.0,0.0,1246771.0,28734.0,2028359165.0,24.0,10.51,17.983,0.94,1906983.0,False
300.0,5a074a62937cbcb2e921ae7f17a0123b.param,1.0,0.0,0.0,72.835,2028359165.0,b2d09e58018f4c1e0f95f0a528aaf3ad,417380.0,1.0,0.0,17.745,7-42,323539.0,0.0,1877995.0,5638.0,7.153,28986.0,5638.0,-1.0,18495.0,0.0,1246771.0,28734.0,2028359165.0,24.0,9.573,16.726,0.94,1906983.0,False
300.0,5a074a62937cbcb2e921ae7f17a0123b.param,2.0,0.0,0.0,69.375,2028359165.0,b2d09e58018f4c1e0f95f0a528aaf3ad,417380.0,1.0,0.0,18.166,7-42,323539.0,0.0,1877995.0,5638.0,7.402,28986.0,5638.0,-1.0,18495.0,0.0,1246771.0,28734.0,2028359165.0,24.0,9.763,17.165,0.94,1906983.0,False
300.0,928666ecc0a7811fd6c441352737063c.param,0.0,0.0,0.0,89.676,823094821.0,1abfa417b2b1d522082434fc52c67aa2,170488.0,1.0,0.0,19.333,7-42,52118.0,0.0,2228043.0,11249.0,8.601,28188.0,11249.0,-1.0,13889.0,0.0,1207513.0,27894.0,823094821.0,40.0,9.562999999999999,18.164,0.94,2256233.0,False
300.0,928666ecc0a7811fd6c441352737063c.param,1.0,0.0,0.0,83.454,823094821.0,1abfa417b2b1d522082434fc52c67aa2,170488.0,1.0,0.0,19.527,7-42,52118.0,0.0,2228043.0,11249.0,8.664,28188.0,11249.0,-1.0,13889.0,0.0,1207513.0,27894.0,823094821.0,40.0,9.666,18.33,0.94,2256233.0,False
300.0,928666ecc0a7811fd6c441352737063c.param,2.0,0.0,0.0,84.68299999999998,823094821.0,1abfa417b2b1d522082434fc52c67aa2,170488.0,1.0,0.0,20.2,7-42,52118.0,0.0,2228043.0,11249.0,8.966000000000003,28188.0,11249.0,-1.0,13889.0,0.0,1207513.0,27894.0,823094821.0,40.0,9.892000000000001,18.858,0.94,2256233.0,False
300.0,5aa281057d97f045673ea5f22f4a03c2.param,0.0,0.0,0.0,12.658,2050821110.0,cc14ded20411e00fbb54ad739a8211c6,88819.0,1.0,0.0,4.637,7-42,34839.0,0.0,277951.0,9601.0,1.018,3931.0,9601.0,-1.0,9576.0,0.0,591241.0,3640.0,2050821110.0,32.0,3.4419999999999997,4.46,0.28,281884.0,False
300.0,5aa281057d97f045673ea5f22f4a03c2.param,1.0,0.0,0.0,12.218,2050821110.0,cc14ded20411e00fbb54ad739a8211c6,88819.0,1.0,0.0,4.638999999999999,7-42,34839.0,0.0,277951.0,9601.0,1.048,3931.0,9601.0,-1.0,9576.0,0.0,591241.0,3640.0,2050821110.0,32.0,3.41,4.458,0.28,281884.0,False
300.0,5aa281057d97f045673ea5f22f4a03c2.param,2.0,0.0,0.0,12.554,2050821110.0,cc14ded20411e00fbb54ad739a8211c6,88819.0,1.0,0.0,4.617,7-42,34839.0,0.0,277951.0,9601.0,1.052,3931.0,9601.0,-1.0,9576.0,0.0,591241.0,3640.0,2050821110.0,32.0,3.378,4.43,0.28,281884.0,False
300.0,a6fb6cef21abb3da58a08c431abe1820.param,0.0,0.0,0.0,39.285,83966730.0,45bbf1672933d157434682c377291087,84333.0,1.0,0.0,9.135,7-42,20742.0,0.0,1048121.0,4796.0,3.9739999999999998,17386.0,4796.0,-1.0,11765.0,0.0,964160.0,17161.0,83966730.0,21.0,4.6,8.574,0.63,1065509.0,False
300.0,a6fb6cef21abb3da58a08c431abe1820.param,1.0,0.0,0.0,43.468999999999994,83966730.0,45bbf1672933d157434682c377291087,84333.0,1.0,0.0,9.224,7-42,20742.0,0.0,1048121.0,4796.0,3.945,17386.0,4796.0,-1.0,11765.0,0.0,964160.0,17161.0,83966730.0,21.0,4.672,8.617,0.63,1065509.0,False
300.0,a6fb6cef21abb3da58a08c431abe1820.param,2.0,0.0,0.0,42.12,83966730.0,45bbf1672933d157434682c377291087,84333.0,1.0,0.0,9.198,7-42,20742.0,0.0,1048121.0,4796.0,4.01,17386.0,4796.0,-1.0,11765.0,0.0,964160.0,17161.0,83966730.0,21.0,4.613,8.623,0.63,1065509.0,False
300.0,23179b628ad596b0808644865ee42008.param,0.0,0.0,0.0,18.784000000000002,1083416308.0,f2f6130d4004ebc6f1a84d4df64f3ded,110303.0,1.0,0.0,5.959,7-42,47136.0,0.0,444887.0,5600.0,1.689,7292.0,5600.0,-1.0,9820.0,0.0,470877.0,7058.0,1083416308.0,24.0,3.992,5.681,0.28,452181.0,False
300.0,23179b628ad596b0808644865ee42008.param,1.0,0.0,0.0,19.365,1083416308.0,f2f6130d4004ebc6f1a84d4df64f3ded,110303.0,1.0,0.0,5.785,7-42,47136.0,0.0,444887.0,5600.0,1.689,7292.0,5600.0,-1.0,9820.0,0.0,470877.0,7058.0,1083416308.0,24.0,3.838,5.527,0.28,452181.0,False
300.0,23179b628ad596b0808644865ee42008.param,2.0,0.0,0.0,20.177,1083416308.0,f2f6130d4004ebc6f1a84d4df64f3ded,110303.0,1.0,0.0,5.8320000000000025,7-42,47136.0,0.0,444887.0,5600.0,1.673,7292.0,5600.0,-1.0,9820.0,0.0,470877.0,7058.0,1083416308.0,24.0,3.875,5.547999999999999,0.28,452181.0,False
300.0,099cc4db78f534b541e03b3d21476677.param,0.0,0.0,0.0,10.843,693280077.0,a746252fa2e9e042ff789a513068c625,146659.0,1.0,0.0,3.0010000000000003,7-42,88201.0,0.0,245869.0,6242.0,0.907,3593.0,6242.0,-1.0,9664.0,0.0,610900.0,3260.0,693280077.0,28.0,1.933,2.84,0.28,249464.0,False
300.0,099cc4db78f534b541e03b3d21476677.param,1.0,0.0,0.0,11.738,693280077.0,a746252fa2e9e042ff789a513068c625,146659.0,1.0,0.0,3.097,7-42,88201.0,0.0,245869.0,6242.0,0.898,3593.0,6242.0,-1.0,9664.0,0.0,610900.0,3260.0,693280077.0,28.0,2.0380000000000003,2.9360000000000004,0.28,249464.0,False
300.0,099cc4db78f534b541e03b3d21476677.param,2.0,0.0,0.0,10.345,693280077.0,a746252fa2e9e042ff789a513068c625,146659.0,1.0,0.0,3.0189999999999997,7-42,88201.0,0.0,245869.0,6242.0,0.898,3593.0,6242.0,-1.0,9664.0,0.0,610900.0,3260.0,693280077.0,28.0,1.954,2.852,0.28,249464.0,False
300.0,b366bbc99f4b12f6958260432db8f433.param,0.0,0.0,0.0,48.383,600810857.0,c1ca0f5eb9bf98b8861e2f4cea9719ff,610994.0,1.0,0.0,19.361,7-42,468280.0,0.0,1189627.0,5601.0,4.77,19258.0,5601.0,-1.0,20504.0,0.0,2461121.0,18967.0,600810857.0,24.0,13.917,18.687,0.63,1208887.0,False
300.0,b366bbc99f4b12f6958260432db8f433.param,1.0,0.0,0.0,48.983999999999995,600810857.0,c1ca0f5eb9bf98b8861e2f4cea9719ff,610994.0,1.0,0.0,20.385,7-42,468280.0,0.0,1189627.0,5601.0,4.5760000000000005,19258.0,5601.0,-1.0,20504.0,0.0,2461121.0,18967.0,600810857.0,24.0,14.92,19.496,0.63,1208887.0,False
300.0,b366bbc99f4b12f6958260432db8f433.param,2.0,0.0,0.0,48.253,600810857.0,c1ca0f5eb9bf98b8861e2f4cea9719ff,610994.0,1.0,0.0,19.342,7-42,468280.0,0.0,1189627.0,5601.0,4.584,19258.0,5601.0,-1.0,20504.0,0.0,2461121.0,18967.0,600810857.0,24.0,14.074000000000002,18.658,0.63,1208887.0,False
300.0,86aef175e49750375aaf5bf4f54ac0c2.param,0.0,0.0,0.0,66.73100000000001,95956545.0,49d05d425957fbf838dea4894cf49d97,263903.0,1.0,0.0,20.685,7-42,169108.0,0.0,1806263.0,5703.0,7.2079999999999975,26646.0,5703.0,-1.0,15755.0,0.0,1124055.0,26376.0,95956545.0,25.0,12.368,19.576,0.94,1832911.0,False
300.0,86aef175e49750375aaf5bf4f54ac0c2.param,1.0,0.0,0.0,72.525,95956545.0,49d05d425957fbf838dea4894cf49d97,263903.0,1.0,0.0,19.885,7-42,169108.0,0.0,1806263.0,5703.0,6.98,26646.0,5703.0,-1.0,15755.0,0.0,1124055.0,26376.0,95956545.0,25.0,11.615,18.595,0.94,1832911.0,False
300.0,86aef175e49750375aaf5bf4f54ac0c2.param,2.0,0.0,0.0,71.48,95956545.0,49d05d425957fbf838dea4894cf49d97,263903.0,1.0,0.0,20.250999999999998,7-42,169108.0,0.0,1806263.0,5703.0,7.1320000000000014,26646.0,5703.0,-1.0,15755.0,0.0,1124055.0,26376.0,95956545.0,25.0,12.0,19.132,0.94,1832911.0,False
300.0,55af68f15fe32e43da610c5d90806a4a.param,0.0,0.0,0.0,70.313,862094683.0,4925f1626982f0e537155e758cd8bed5,398218.0,1.0,0.0,33.396,7-42,267609.0,0.0,1761291.0,10379.0,6.834,22716.0,10379.0,-1.0,16163.0,0.0,1601290.0,22410.0,862094683.0,37.0,25.26,32.094,0.94,1784009.0,False
300.0,55af68f15fe32e43da610c5d90806a4a.param,1.0,0.0,0.0,69.89699999999999,862094683.0,4925f1626982f0e537155e758cd8bed5,398218.0,1.0,0.0,32.985,7-42,267609.0,0.0,1761291.0,10379.0,6.797999999999999,22716.0,10379.0,-1.0,16163.0,0.0,1601290.0,22410.0,862094683.0,37.0,25.241,32.039,0.94,1784009.0,False
300.0,55af68f15fe32e43da610c5d90806a4a.param,2.0,0.0,0.0,71.693,862094683.0,4925f1626982f0e537155e758cd8bed5,398218.0,1.0,0.0,33.516,7-42,267609.0,0.0,1761291.0,10379.0,6.875,22716.0,10379.0,-1.0,16163.0,0.0,1601290.0,22410.0,862094683.0,37.0,25.704,32.579,0.94,1784009.0,False
300.0,af0a6d4f3f8e41dd411ac993d1c5e5ad.param,0.0,0.0,0.0,20.225,34754393.0,f22882a29023e95ebbdd17b227b69a39,116877.0,1.0,0.0,5.261,7-42,41681.0,0.0,465818.0,11200.0,1.855,6013.0,11200.0,-1.0,10848.0,0.0,1009878.0,5641.0,34754393.0,40.0,3.123,4.978,0.42,471833.0,False
300.0,af0a6d4f3f8e41dd411ac993d1c5e5ad.param,1.0,0.0,0.0,20.081,34754393.0,f22882a29023e95ebbdd17b227b69a39,116877.0,1.0,0.0,5.135,7-42,41681.0,0.0,465818.0,11200.0,1.8159999999999998,6013.0,11200.0,-1.0,10848.0,0.0,1009878.0,5641.0,34754393.0,40.0,3.0380000000000003,4.854,0.42,471833.0,False
300.0,af0a6d4f3f8e41dd411ac993d1c5e5ad.param,2.0,0.0,0.0,18.855,34754393.0,f22882a29023e95ebbdd17b227b69a39,116877.0,1.0,0.0,4.997,7-42,41681.0,0.0,465818.0,11200.0,1.7169999999999999,6013.0,11200.0,-1.0,10848.0,0.0,1009878.0,5641.0,34754393.0,40.0,3.003,4.72,0.42,471833.0,False
300.0,3cadb3807e2a210325a234888d281fbd.param,0.0,0.0,0.0,7.801,1242281828.0,1198fd4e7ca28da08588648fce7ac31e,105066.0,1.0,0.0,1.964,7-42,74702.0,0.0,174537.0,4633.0,0.635,3051.0,4633.0,-1.0,6143.0,0.0,269501.0,2826.0,1242281828.0,20.0,1.212,1.847,0.19,177590.0,False
300.0,3cadb3807e2a210325a234888d281fbd.param,1.0,0.0,0.0,7.79,1242281828.0,1198fd4e7ca28da08588648fce7ac31e,105066.0,1.0,0.0,1.906,7-42,74702.0,0.0,174537.0,4633.0,0.639,3051.0,4633.0,-1.0,6143.0,0.0,269501.0,2826.0,1242281828.0,20.0,1.141,1.78,0.19,177590.0,False
300.0,3cadb3807e2a210325a234888d281fbd.param,2.0,0.0,0.0,7.541,1242281828.0,1198fd4e7ca28da08588648fce7ac31e,105066.0,1.0,0.0,1.9340000000000002,7-42,74702.0,0.0,174537.0,4633.0,0.65,3051.0,4633.0,-1.0,6143.0,0.0,269501.0,2826.0,1242281828.0,20.0,1.156,1.806,0.19,177590.0,False
300.0,53a3b10a6d39a1f0633d42a0b8cc93a7.param,0.0,0.0,0.0,16.046,1405409883.0,612f41574c06578b058ee9fffc4413d9,113371.0,1.0,0.0,5.5070000000000014,7-42,52229.0,0.0,347726.0,9698.0,1.34,4669.0,9698.0,-1.0,8004.0,0.0,915144.0,4381.0,1405409883.0,32.0,3.9019999999999997,5.242000000000001,0.28,352397.0,False
300.0,53a3b10a6d39a1f0633d42a0b8cc93a7.param,1.0,0.0,0.0,16.173,1405409883.0,612f41574c06578b058ee9fffc4413d9,113371.0,1.0,0.0,5.27,7-42,52229.0,0.0,347726.0,9698.0,1.318,4669.0,9698.0,-1.0,8004.0,0.0,915144.0,4381.0,1405409883.0,32.0,3.741,5.059,0.28,352397.0,False
300.0,53a3b10a6d39a1f0633d42a0b8cc93a7.param,2.0,0.0,0.0,14.894,1405409883.0,612f41574c06578b058ee9fffc4413d9,113371.0,1.0,0.0,5.269,7-42,52229.0,0.0,347726.0,9698.0,1.275,4669.0,9698.0,-1.0,8004.0,0.0,915144.0,4381.0,1405409883.0,32.0,3.783,5.058,0.28,352397.0,False
300.0,2b9f5024001a051a59314cacbe0b17e8.param,0.0,0.0,0.0,57.316,1235388569.0,9381cb80ad20a7ef68731640c04f0d8c,74959.0,1.0,0.0,10.051,7-42,9671.0,0.0,1358251.0,5709.0,5.2,21466.0,5709.0,-1.0,11062.0,0.0,1190852.0,21166.0,1235388569.0,25.0,4.063,9.263,0.94,1379719.0,False
300.0,2b9f5024001a051a59314cacbe0b17e8.param,1.0,0.0,0.0,52.427,1235388569.0,9381cb80ad20a7ef68731640c04f0d8c,74959.0,1.0,0.0,10.008,7-42,9671.0,0.0,1358251.0,5709.0,5.1720000000000015,21466.0,5709.0,-1.0,11062.0,0.0,1190852.0,21166.0,1235388569.0,25.0,4.088,9.26,0.94,1379719.0,False
300.0,2b9f5024001a051a59314cacbe0b17e8.param,2.0,0.0,0.0,52.147,1235388569.0,9381cb80ad20a7ef68731640c04f0d8c,74959.0,1.0,0.0,10.942,7-42,9671.0,0.0,1358251.0,5709.0,5.252000000000002,21466.0,5709.0,-1.0,11062.0,0.0,1190852.0,21166.0,1235388569.0,25.0,4.743,9.995,0.94,1379719.0,False
300.0,38650beb2ce576c812a3ef6ac5621787.param,0.0,0.0,0.0,9.421,83966730.0,dedbd78b29cc59afad1bf5b21ca91f57,73069.0,1.0,0.0,8.113999999999999,7-42,24049.0,0.0,210995.0,9601.0,0.763,3017.0,9601.0,-1.0,7908.0,0.0,759329.0,2738.0,83966730.0,32.0,7.206,7.9689999999999985,0.28,214014.0,False
300.0,38650beb2ce576c812a3ef6ac5621787.param,1.0,0.0,0.0,10.347000000000001,83966730.0,dedbd78b29cc59afad1bf5b21ca91f57,73069.0,1.0,0.0,8.247,7-42,24049.0,0.0,210995.0,9601.0,0.779,3017.0,9601.0,-1.0,7908.0,0.0,759329.0,2738.0,83966730.0,32.0,7.287000000000001,8.066,0.28,214014.0,False
300.0,38650beb2ce576c812a3ef6ac5621787.param,2.0,0.0,0.0,9.802,83966730.0,dedbd78b29cc59afad1bf5b21ca91f57,73069.0,1.0,0.0,8.408,7-42,24049.0,0.0,210995.0,9601.0,0.83,3017.0,9601.0,-1.0,7908.0,0.0,759329.0,2738.0,83966730.0,32.0,7.386,8.216000000000001,0.28,214014.0,False
300.0,05e1a93acf56766caa36729883ed69ed.param,0.0,0.0,0.0,100.569,1571287961.0,97377cfdbc3790b7e99d69a807208fbd,1496753.0,1.0,0.0,65.013,7-42,1238838.0,0.0,2570147.0,10378.0,10.142000000000001,33808.0,10378.0,-1.0,34008.0,0.0,2238826.0,33382.0,1571287961.0,37.0,52.996,63.13800000000001,1.41,2603957.0,False
300.0,05e1a93acf56766caa36729883ed69ed.param,1.0,0.0,0.0,108.352,1571287961.0,97377cfdbc3790b7e99d69a807208fbd,1496753.0,1.0,0.0,63.996,7-42,1238838.0,0.0,2570147.0,10378.0,9.962,33808.0,10378.0,-1.0,34008.0,0.0,2238826.0,33382.0,1571287961.0,37.0,52.601000000000006,62.563,1.41,2603957.0,False
300.0,05e1a93acf56766caa36729883ed69ed.param,2.0,0.0,0.0,103.375,1571287961.0,97377cfdbc3790b7e99d69a807208fbd,1496753.0,1.0,0.0,63.69600000000001,7-42,1238838.0,0.0,2570147.0,10378.0,10.052,33808.0,10378.0,-1.0,34008.0,0.0,2238826.0,33382.0,1571287961.0,37.0,52.201,62.253,1.41,2603957.0,False
300.0,5acf53328f53703eb5ee3288a3efea11.param,0.0,0.0,0.0,30.406999999999996,590654055.0,89257f7acd0f9068df431814bc8c744a,209182.0,1.0,0.0,11.484000000000002,7-42,108279.0,0.0,686621.0,9731.0,2.54,8947.0,9731.0,-1.0,18123.0,0.0,731360.0,8578.0,590654055.0,33.0,8.536,11.075999999999999,0.63,695570.0,False
300.0,5acf53328f53703eb5ee3288a3efea11.param,1.0,0.0,0.0,31.135,590654055.0,89257f7acd0f9068df431814bc8c744a,209182.0,1.0,0.0,11.552,7-42,108279.0,0.0,686621.0,9731.0,2.694,8947.0,9731.0,-1.0,18123.0,0.0,731360.0,8578.0,590654055.0,33.0,8.476,11.17,0.63,695570.0,False
300.0,5acf53328f53703eb5ee3288a3efea11.param,2.0,0.0,0.0,30.255,590654055.0,89257f7acd0f9068df431814bc8c744a,209182.0,1.0,0.0,11.645999999999999,7-42,108279.0,0.0,686621.0,9731.0,2.656,8947.0,9731.0,-1.0,18123.0,0.0,731360.0,8578.0,590654055.0,33.0,8.562000000000001,11.218,0.63,695570.0,False
300.0,f6a9922fc219371dd62d3d64f513f435.param,0.0,0.0,0.0,31.544,1923385776.0,3237afc4591cf056b6576a5137b51f10,176241.0,1.0,0.0,16.835,7-42,91318.0,0.0,783509.0,9602.0,3.0180000000000002,11071.0,9602.0,-1.0,12584.0,0.0,1127089.0,10798.0,1923385776.0,32.0,13.377,16.395,0.42,794582.0,False
300.0,f6a9922fc219371dd62d3d64f513f435.param,1.0,0.0,0.0,32.349000000000004,1923385776.0,3237afc4591cf056b6576a5137b51f10,176241.0,1.0,0.0,16.74,7-42,91318.0,0.0,783509.0,9602.0,2.995,11071.0,9602.0,-1.0,12584.0,0.0,1127089.0,10798.0,1923385776.0,32.0,13.315,16.31,0.42,794582.0,False
300.0,f6a9922fc219371dd62d3d64f513f435.param,2.0,0.0,0.0,33.594,1923385776.0,3237afc4591cf056b6576a5137b51f10,176241.0,1.0,0.0,16.843,7-42,91318.0,0.0,783509.0,9602.0,3.036,11071.0,9602.0,-1.0,12584.0,0.0,1127089.0,10798.0,1923385776.0,32.0,13.357000000000001,16.393,0.42,794582.0,False
300.0,62e0a8d6f7569c04cf8f5f709636e77e.param,0.0,0.0,0.0,30.0,1057470620.0,83d9b0ca7dd48e2300329175f04bdf83,142527.0,1.0,0.0,8.76,7-42,40528.0,0.0,666457.0,10290.0,2.532,8858.0,10290.0,-1.0,17067.0,0.0,1309361.0,8471.0,1057470620.0,36.0,5.845,8.377,0.63,675317.0,False
300.0,62e0a8d6f7569c04cf8f5f709636e77e.param,1.0,0.0,0.0,27.146,1057470620.0,83d9b0ca7dd48e2300329175f04bdf83,142527.0,1.0,0.0,8.49,7-42,40528.0,0.0,666457.0,10290.0,2.48,8858.0,10290.0,-1.0,17067.0,0.0,1309361.0,8471.0,1057470620.0,36.0,5.638,8.118,0.63,675317.0,False
300.0,62e0a8d6f7569c04cf8f5f709636e77e.param,2.0,0.0,0.0,28.575,1057470620.0,83d9b0ca7dd48e2300329175f04bdf83,142527.0,1.0,0.0,8.407,7-42,40528.0,0.0,666457.0,10290.0,2.49,8858.0,10290.0,-1.0,17067.0,0.0,1309361.0,8471.0,1057470620.0,36.0,5.523,8.013,0.63,675317.0,False
300.0,947c519055ac35bb731937204fc0d266.param,0.0,0.0,0.0,55.338,1979567522.0,00677050f7cb1860c15c120f025a3107,337355.0,1.0,0.0,35.139,7-42,138122.0,0.0,1382957.0,11203.0,5.2360000000000015,17668.0,11203.0,-1.0,26322.0,0.0,1507256.0,17332.0,1979567522.0,40.0,29.141,34.376999999999995,0.94,1400627.0,False
300.0,947c519055ac35bb731937204fc0d266.param,1.0,0.0,0.0,55.651,1979567522.0,00677050f7cb1860c15c120f025a3107,337355.0,1.0,0.0,35.29400000000001,7-42,138122.0,0.0,1382957.0,11203.0,5.277,17668.0,11203.0,-1.0,26322.0,0.0,1507256.0,17332.0,1979567522.0,40.0,28.991,34.268,0.94,1400627.0,False
300.0,947c519055ac35bb731937204fc0d266.param,2.0,0.0,0.0,53.993,1979567522.0,00677050f7cb1860c15c120f025a3107,337355.0,1.0,0.0,35.056,7-42,138122.0,0.0,1382957.0,11203.0,5.46,17668.0,11203.0,-1.0,26322.0,0.0,1507256.0,17332.0,1979567522.0,40.0,28.835,34.295,0.94,1400627.0,False
300.0,5270155d690360dab58e1b470ef17ea7.param,0.0,0.0,0.0,38.514,270657042.0,fc2a3784022e500748e9300e9fcbeee9,204694.0,1.0,0.0,11.960999999999999,7-42,104906.0,0.0,920243.0,5603.0,3.4760000000000004,15081.0,5603.0,-1.0,16537.0,0.0,869984.0,14802.0,270657042.0,24.0,7.965,11.440999999999999,0.63,935326.0,False
300.0,5270155d690360dab58e1b470ef17ea7.param,1.0,0.0,0.0,36.066,270657042.0,fc2a3784022e500748e9300e9fcbeee9,204694.0,1.0,0.0,12.169,7-42,104906.0,0.0,920243.0,5603.0,3.4589999999999996,15081.0,5603.0,-1.0,16537.0,0.0,869984.0,14802.0,270657042.0,24.0,7.997000000000001,11.456,0.63,935326.0,False
300.0,5270155d690360dab58e1b470ef17ea7.param,2.0,0.0,0.0,35.711999999999996,270657042.0,fc2a3784022e500748e9300e9fcbeee9,204694.0,1.0,0.0,11.664000000000001,7-42,104906.0,0.0,920243.0,5603.0,3.464,15081.0,5603.0,-1.0,16537.0,0.0,869984.0,14802.0,270657042.0,24.0,7.7,11.164000000000001,0.63,935326.0,False
300.0,85c2d2f2fd6238e8bf0bbcfd97821631.param,0.0,0.0,0.0,50.785,1979567522.0,aacfffe59a26a2f258dce9a2bf4cf9f8,557950.0,1.0,0.0,29.82800000000001,7-42,359088.0,0.0,1236161.0,10289.0,4.761,16591.0,10289.0,-1.0,28192.0,0.0,1668946.0,16180.0,1979567522.0,36.0,24.160999999999998,28.921999999999997,0.94,1252754.0,False
300.0,85c2d2f2fd6238e8bf0bbcfd97821631.param,1.0,0.0,0.0,48.872,1979567522.0,aacfffe59a26a2f258dce9a2bf4cf9f8,557950.0,1.0,0.0,29.599,7-42,359088.0,0.0,1236161.0,10289.0,4.837,16591.0,10289.0,-1.0,28192.0,0.0,1668946.0,16180.0,1979567522.0,36.0,23.921999999999997,28.759,0.94,1252754.0,False
300.0,85c2d2f2fd6238e8bf0bbcfd97821631.param,2.0,0.0,0.0,49.858999999999995,1979567522.0,aacfffe59a26a2f258dce9a2bf4cf9f8,557950.0,1.0,0.0,28.91,7-42,359088.0,0.0,1236161.0,10289.0,4.723,16591.0,10289.0,-1.0,28192.0,0.0,1668946.0,16180.0,1979567522.0,36.0,23.434,28.156999999999996,0.94,1252754.0,False
300.0,7c8d5058b5b148685018d3330ac42f68.param,0.0,0.0,0.0,48.464,1258716603.0,2bbadbf16d86bcce38aba06b64b31347,185513.0,1.0,0.0,23.51,7-42,80638.0,0.0,1226333.0,9728.0,4.896,16966.0,9728.0,-1.0,13723.0,0.0,1321758.0,16687.0,1258716603.0,33.0,17.825,22.721,0.63,1243301.0,False
300.0,7c8d5058b5b148685018d3330ac42f68.param,1.0,0.0,0.0,47.123999999999995,1258716603.0,2bbadbf16d86bcce38aba06b64b31347,185513.0,1.0,0.0,22.616,7-42,80638.0,0.0,1226333.0,9728.0,4.654,16966.0,9728.0,-1.0,13723.0,0.0,1321758.0,16687.0,1258716603.0,33.0,17.026,21.68,0.63,1243301.0,False
300.0,7c8d5058b5b148685018d3330ac42f68.param,2.0,0.0,0.0,46.19300000000001,1258716603.0,2bbadbf16d86bcce38aba06b64b31347,185513.0,1.0,0.0,22.384,7-42,80638.0,0.0,1226333.0,9728.0,4.694,16966.0,9728.0,-1.0,13723.0,0.0,1321758.0,16687.0,1258716603.0,33.0,17.003,21.697,0.63,1243301.0,False
300.0,d8e0991db153700fc6f942a70d96d0d8.param,0.0,0.0,0.0,10.148,270657042.0,42a6f6ee7d5e21b4bacb1722d3d5984a,392031.0,1.0,0.0,4.672,7-42,311419.0,0.0,231131.0,6200.0,0.826,3531.0,6200.0,-1.0,11356.0,0.0,1148202.0,3270.0,270657042.0,28.0,3.7089999999999996,4.535,0.42,234664.0,False
300.0,d8e0991db153700fc6f942a70d96d0d8.param,1.0,0.0,0.0,10.51,270657042.0,42a6f6ee7d5e21b4bacb1722d3d5984a,392031.0,1.0,0.0,5.1,7-42,311419.0,0.0,231131.0,6200.0,0.914,3531.0,6200.0,-1.0,11356.0,0.0,1148202.0,3270.0,270657042.0,28.0,4.02,4.934,0.42,234664.0,False
300.0,d8e0991db153700fc6f942a70d96d0d8.param,2.0,0.0,0.0,10.127,270657042.0,42a6f6ee7d5e21b4bacb1722d3d5984a,392031.0,1.0,0.0,4.959,7-42,311419.0,0.0,231131.0,6200.0,0.855,3531.0,6200.0,-1.0,11356.0,0.0,1148202.0,3270.0,270657042.0,28.0,3.95,4.805,0.42,234664.0,False
300.0,638c867046eca01fa57da212f4a82591.param,0.0,0.0,0.0,27.829,83966730.0,e1b278ae2ac3f9e237a3009359743a57,44706.0,1.0,0.0,6.325,7-42,6852.0,0.0,628418.0,4118.0,2.338,11740.0,4118.0,-1.0,6440.0,0.0,681021.0,11539.0,83966730.0,17.0,3.46,5.797999999999999,0.42,640160.0,False
300.0,638c867046eca01fa57da212f4a82591.param,1.0,0.0,0.0,26.781999999999996,83966730.0,e1b278ae2ac3f9e237a3009359743a57,44706.0,1.0,0.0,5.829,7-42,6852.0,0.0,628418.0,4118.0,2.319,11740.0,4118.0,-1.0,6440.0,0.0,681021.0,11539.0,83966730.0,17.0,3.1430000000000002,5.4620000000000015,0.42,640160.0,False
300.0,638c867046eca01fa57da212f4a82591.param,2.0,0.0,0.0,26.131999999999998,83966730.0,e1b278ae2ac3f9e237a3009359743a57,44706.0,1.0,0.0,5.7479999999999976,7-42,6852.0,0.0,628418.0,4118.0,2.37,11740.0,4118.0,-1.0,6440.0,0.0,681021.0,11539.0,83966730.0,17.0,3.002,5.372000000000001,0.42,640160.0,False
300.0,80402835d130022a9820ca0328640cdb.param,0.0,0.0,0.0,28.789,554543104.0,fb8e622a6f2a67862d01f750ed485d33,101221.0,1.0,0.0,7.257999999999999,7-42,17512.0,0.0,698717.0,4634.0,2.673,12370.0,4634.0,-1.0,15811.0,0.0,580090.0,11932.0,554543104.0,20.0,4.191,6.864,0.42,711089.0,False
300.0,80402835d130022a9820ca0328640cdb.param,1.0,0.0,0.0,28.436999999999998,554543104.0,fb8e622a6f2a67862d01f750ed485d33,101221.0,1.0,0.0,7.07,7-42,17512.0,0.0,698717.0,4634.0,2.608,12370.0,4634.0,-1.0,15811.0,0.0,580090.0,11932.0,554543104.0,20.0,4.072,6.68,0.42,711089.0,False
300.0,80402835d130022a9820ca0328640cdb.param,2.0,0.0,0.0,31.647,554543104.0,fb8e622a6f2a67862d01f750ed485d33,101221.0,1.0,0.0,7.393,7-42,17512.0,0.0,698717.0,4634.0,2.6180000000000003,12370.0,4634.0,-1.0,15811.0,0.0,580090.0,11932.0,554543104.0,20.0,4.329,6.947,0.42,711089.0,False
300.0,b1fed41c662b810a67f17347ca208a34.param,0.0,0.0,0.0,39.849000000000004,1145031130.0,dc11f34063d6095d96fec44cddb01f21,102178.0,1.0,0.0,7.352,7-42,31186.0,0.0,1016740.0,6359.0,4.127,14836.0,6359.0,-1.0,10611.0,0.0,666767.0,14581.0,1145031130.0,29.0,2.65,6.777,0.63,1031578.0,False
300.0,b1fed41c662b810a67f17347ca208a34.param,1.0,0.0,0.0,40.675,1145031130.0,dc11f34063d6095d96fec44cddb01f21,102178.0,1.0,0.0,7.017,7-42,31186.0,0.0,1016740.0,6359.0,3.8680000000000003,14836.0,6359.0,-1.0,10611.0,0.0,666767.0,14581.0,1145031130.0,29.0,2.577,6.445,0.63,1031578.0,False
300.0,b1fed41c662b810a67f17347ca208a34.param,2.0,0.0,0.0,38.803000000000004,1145031130.0,dc11f34063d6095d96fec44cddb01f21,102178.0,1.0,0.0,7.1979999999999995,7-42,31186.0,0.0,1016740.0,6359.0,3.915,14836.0,6359.0,-1.0,10611.0,0.0,666767.0,14581.0,1145031130.0,29.0,2.688,6.603,0.63,1031578.0,False
300.0,45f3b2d841eff242a2cd183a0c58dc4d.param,0.0,0.0,0.0,13.548,1257636424.0,5d6f524548633e768bcb8d384b5fad89,346565.0,1.0,0.0,10.600999999999999,7-42,243188.0,0.0,298238.0,6267.0,1.089,4265.0,6267.0,-1.0,16243.0,0.0,1101840.0,3869.0,1257636424.0,28.0,9.259,10.347999999999999,0.63,302505.0,False
300.0,45f3b2d841eff242a2cd183a0c58dc4d.param,1.0,0.0,0.0,12.79,1257636424.0,5d6f524548633e768bcb8d384b5fad89,346565.0,1.0,0.0,10.495999999999999,7-42,243188.0,0.0,298238.0,6267.0,1.163,4265.0,6267.0,-1.0,16243.0,0.0,1101840.0,3869.0,1257636424.0,28.0,9.142000000000001,10.305,0.63,302505.0,False
300.0,45f3b2d841eff242a2cd183a0c58dc4d.param,2.0,0.0,0.0,13.15,1257636424.0,5d6f524548633e768bcb8d384b5fad89,346565.0,1.0,0.0,10.414000000000001,7-42,243188.0,0.0,298238.0,6267.0,1.136,4265.0,6267.0,-1.0,16243.0,0.0,1101840.0,3869.0,1257636424.0,28.0,9.092,10.228,0.63,302505.0,False
300.0,96344359b1d56ff7726ed1408e74685f.param,0.0,0.0,0.0,38.445,746355495.0,d0c609f9497cdd780a3ff9e04fe52b5f,208855.0,1.0,0.0,11.297,7-42,115793.0,0.0,972553.0,4601.0,3.6519999999999997,17436.0,4601.0,-1.0,13593.0,0.0,1027013.0,17202.0,746355495.0,20.0,7.1229999999999976,10.775,0.63,989991.0,False
300.0,96344359b1d56ff7726ed1408e74685f.param,1.0,0.0,0.0,39.065,746355495.0,d0c609f9497cdd780a3ff9e04fe52b5f,208855.0,1.0,0.0,11.585999999999999,7-42,115793.0,0.0,972553.0,4601.0,3.721,17436.0,4601.0,-1.0,13593.0,0.0,1027013.0,17202.0,746355495.0,20.0,7.28,11.001,0.63,989991.0,False
300.0,96344359b1d56ff7726ed1408e74685f.param,2.0,0.0,0.0,38.358000000000004,746355495.0,d0c609f9497cdd780a3ff9e04fe52b5f,208855.0,1.0,0.0,11.494000000000002,7-42,115793.0,0.0,972553.0,4601.0,3.6639999999999997,17436.0,4601.0,-1.0,13593.0,0.0,1027013.0,17202.0,746355495.0,20.0,7.278,10.942,0.63,989991.0,False
300.0,40381a7c5087f4ca968ce41333deeb15.param,0.0,0.0,0.0,25.901999999999997,746355495.0,f94cecb3fee23d111124cccc2c9bf420,43611.0,1.0,0.0,4.791,7-42,18313.0,0.0,653032.0,4003.0,2.521,11401.0,4003.0,-1.0,5869.0,0.0,610302.0,11191.0,746355495.0,16.0,1.798,4.319,0.42,664435.0,False
300.0,40381a7c5087f4ca968ce41333deeb15.param,1.0,0.0,0.0,29.336,746355495.0,f94cecb3fee23d111124cccc2c9bf420,43611.0,1.0,0.0,4.343999999999999,7-42,18313.0,0.0,653032.0,4003.0,2.494,11401.0,4003.0,-1.0,5869.0,0.0,610302.0,11191.0,746355495.0,16.0,1.49,3.984,0.42,664435.0,False
300.0,40381a7c5087f4ca968ce41333deeb15.param,2.0,0.0,0.0,25.949,746355495.0,f94cecb3fee23d111124cccc2c9bf420,43611.0,1.0,0.0,4.23,7-42,18313.0,0.0,653032.0,4003.0,2.489,11401.0,4003.0,-1.0,5869.0,0.0,610302.0,11191.0,746355495.0,16.0,1.38,3.8689999999999998,0.42,664435.0,False
300.0,ea7bd7600bcbe337da419744986a2765.param,0.0,0.0,0.0,66.084,1057470620.0,76f2e02cd2b210cf6a42af2f21afb414,243730.0,1.0,0.0,18.153,7-42,102502.0,0.0,1612212.0,10375.0,6.197,21001.0,10375.0,-1.0,19515.0,0.0,1852347.0,20611.0,1057470620.0,37.0,11.09,17.287,0.94,1633215.0,False
300.0,ea7bd7600bcbe337da419744986a2765.param,1.0,0.0,0.0,63.226000000000006,1057470620.0,76f2e02cd2b210cf6a42af2f21afb414,243730.0,1.0,0.0,18.569000000000006,7-42,102502.0,0.0,1612212.0,10375.0,6.306,21001.0,10375.0,-1.0,19515.0,0.0,1852347.0,20611.0,1057470620.0,37.0,11.390999999999998,17.697,0.94,1633215.0,False
300.0,ea7bd7600bcbe337da419744986a2765.param,2.0,0.0,0.0,63.82,1057470620.0,76f2e02cd2b210cf6a42af2f21afb414,243730.0,1.0,0.0,18.78,7-42,102502.0,0.0,1612212.0,10375.0,6.376,21001.0,10375.0,-1.0,19515.0,0.0,1852347.0,20611.0,1057470620.0,37.0,11.237,17.613,0.94,1633215.0,False
300.0,9c8685614d2fcc8ed75e3df0b278a590.param,0.0,0.0,0.0,29.704,506016928.0,23c89dc17a14d7c9cf17576d8d41f02f,249016.0,1.0,0.0,10.743,7-42,171655.0,0.0,690224.0,5785.0,2.602,9967.0,5785.0,-1.0,11214.0,0.0,982858.0,9631.0,506016928.0,25.0,7.5920000000000005,10.193999999999999,0.42,700193.0,False
300.0,9c8685614d2fcc8ed75e3df0b278a590.param,1.0,0.0,0.0,30.91800000000001,506016928.0,23c89dc17a14d7c9cf17576d8d41f02f,249016.0,1.0,0.0,10.629000000000001,7-42,171655.0,0.0,690224.0,5785.0,2.603,9967.0,5785.0,-1.0,11214.0,0.0,982858.0,9631.0,506016928.0,25.0,7.601,10.204,0.42,700193.0,False
300.0,9c8685614d2fcc8ed75e3df0b278a590.param,2.0,0.0,0.0,29.75,506016928.0,23c89dc17a14d7c9cf17576d8d41f02f,249016.0,1.0,0.0,11.02,7-42,171655.0,0.0,690224.0,5785.0,2.64,9967.0,5785.0,-1.0,11214.0,0.0,982858.0,9631.0,506016928.0,25.0,7.85,10.49,0.42,700193.0,False
300.0,a14c00732fcd60d2f8416079c6315cd5.param,0.0,0.0,0.0,16.824,95956545.0,43441d8acbdc805ae3ca0ea7e02ffe2a,437211.0,1.0,0.0,15.51,7-42,348425.0,0.0,393377.0,9644.0,1.6769999999999998,5503.0,9644.0,-1.0,11963.0,0.0,871150.0,5212.0,95956545.0,32.0,13.593,15.27,0.42,398882.0,False
300.0,a14c00732fcd60d2f8416079c6315cd5.param,1.0,0.0,0.0,16.605,95956545.0,43441d8acbdc805ae3ca0ea7e02ffe2a,437211.0,1.0,0.0,15.312999999999999,7-42,348425.0,0.0,393377.0,9644.0,1.4680000000000002,5503.0,9644.0,-1.0,11963.0,0.0,871150.0,5212.0,95956545.0,32.0,13.53,14.998,0.42,398882.0,False
300.0,a14c00732fcd60d2f8416079c6315cd5.param,2.0,0.0,0.0,17.0,95956545.0,43441d8acbdc805ae3ca0ea7e02ffe2a,437211.0,1.0,0.0,15.405999999999999,7-42,348425.0,0.0,393377.0,9644.0,1.453,5503.0,9644.0,-1.0,11963.0,0.0,871150.0,5212.0,95956545.0,32.0,13.64,15.093,0.42,398882.0,False
300.0,da23055718a39734c4c353a6c30d342b.param,0.0,0.0,0.0,49.18899999999999,1405409883.0,bd399d7f8606c2d29caed2be63b1dc8e,75555.0,1.0,0.0,7.862999999999999,7-42,22875.0,0.0,1204010.0,4765.0,4.706,20224.0,4765.0,-1.0,10794.0,0.0,577787.0,19987.0,1405409883.0,21.0,2.254,6.96,0.63,1224236.0,False
300.0,da23055718a39734c4c353a6c30d342b.param,1.0,0.0,0.0,47.693999999999996,1405409883.0,bd399d7f8606c2d29caed2be63b1dc8e,75555.0,1.0,0.0,7.843,7-42,22875.0,0.0,1204010.0,4765.0,4.598,20224.0,4765.0,-1.0,10794.0,0.0,577787.0,19987.0,1405409883.0,21.0,2.35,6.9479999999999995,0.63,1224236.0,False
300.0,da23055718a39734c4c353a6c30d342b.param,2.0,0.0,0.0,45.578,1405409883.0,bd399d7f8606c2d29caed2be63b1dc8e,75555.0,1.0,0.0,7.585,7-42,22875.0,0.0,1204010.0,4765.0,4.6339999999999995,20224.0,4765.0,-1.0,10794.0,0.0,577787.0,19987.0,1405409883.0,21.0,2.245,6.879,0.63,1224236.0,False
300.0,291d875a60416791f305122ac9d8b34d.param,0.0,0.0,0.0,24.136,1923385776.0,0bb71452a91722abbd6b83769802bd27,197832.0,1.0,0.0,10.129,7-42,90878.0,0.0,579734.0,10289.0,2.169,7781.0,10289.0,-1.0,12240.0,0.0,903128.0,7493.0,1923385776.0,36.0,7.636,9.805,0.42,587517.0,False
300.0,291d875a60416791f305122ac9d8b34d.param,1.0,0.0,0.0,23.70300000000001,1923385776.0,0bb71452a91722abbd6b83769802bd27,197832.0,1.0,0.0,10.21,7-42,90878.0,0.0,579734.0,10289.0,2.24,7781.0,10289.0,-1.0,12240.0,0.0,903128.0,7493.0,1923385776.0,36.0,7.653,9.892999999999999,0.42,587517.0,False
300.0,291d875a60416791f305122ac9d8b34d.param,2.0,0.0,0.0,24.595,1923385776.0,0bb71452a91722abbd6b83769802bd27,197832.0,1.0,0.0,10.075,7-42,90878.0,0.0,579734.0,10289.0,2.14,7781.0,10289.0,-1.0,12240.0,0.0,903128.0,7493.0,1923385776.0,36.0,7.62,9.76,0.42,587517.0,False
300.0,62b5368b71f5a58af6d0df94093218da.param,0.0,0.0,0.0,47.037,590654055.0,7a1c2a9154032324276b9ab8e70e84c6,212924.0,1.0,0.0,15.433,7-42,84681.0,0.0,1192992.0,6282.0,4.477,17801.0,6282.0,-1.0,20931.0,0.0,1060254.0,17471.0,590654055.0,28.0,10.294,14.770999999999999,0.63,1210795.0,False
300.0,62b5368b71f5a58af6d0df94093218da.param,1.0,0.0,0.0,46.056999999999995,590654055.0,7a1c2a9154032324276b9ab8e70e84c6,212924.0,1.0,0.0,15.669,7-42,84681.0,0.0,1192992.0,6282.0,4.55,17801.0,6282.0,-1.0,20931.0,0.0,1060254.0,17471.0,590654055.0,28.0,10.442,14.992,0.63,1210795.0,False
300.0,62b5368b71f5a58af6d0df94093218da.param,2.0,0.0,0.0,49.45,590654055.0,7a1c2a9154032324276b9ab8e70e84c6,212924.0,1.0,0.0,15.776,7-42,84681.0,0.0,1192992.0,6282.0,4.636,17801.0,6282.0,-1.0,20931.0,0.0,1060254.0,17471.0,590654055.0,28.0,10.450999999999999,15.087,0.63,1210795.0,False
300.0,902f37d04b6af4dd50620fbce6af0b97.param,0.0,0.0,0.0,48.538999999999994,1258716603.0,602f082a33444eb34923a0691cacc1aa,218933.0,1.0,0.0,11.975999999999999,7-42,100665.0,0.0,1230095.0,5673.0,4.966,19438.0,5673.0,-1.0,14380.0,0.0,750922.0,19186.0,1258716603.0,24.0,6.274,11.24,0.63,1249535.0,False
300.0,902f37d04b6af4dd50620fbce6af0b97.param,1.0,0.0,0.0,46.5,1258716603.0,602f082a33444eb34923a0691cacc1aa,218933.0,1.0,0.0,11.583,7-42,100665.0,0.0,1230095.0,5673.0,4.67,19438.0,5673.0,-1.0,14380.0,0.0,750922.0,19186.0,1258716603.0,24.0,6.231,10.901,0.63,1249535.0,False
300.0,902f37d04b6af4dd50620fbce6af0b97.param,2.0,0.0,0.0,48.62,1258716603.0,602f082a33444eb34923a0691cacc1aa,218933.0,1.0,0.0,11.91,7-42,100665.0,0.0,1230095.0,5673.0,4.765,19438.0,5673.0,-1.0,14380.0,0.0,750922.0,19186.0,1258716603.0,24.0,6.44,11.205,0.63,1249535.0,False
300.0,7b5860221ac4bf880739e34b36b6d1fb.param,0.0,0.0,0.0,45.593,95956545.0,bd5db17968a522a2b14023cadfe8a1ab,211935.0,1.0,0.0,18.559,7-42,94977.0,0.0,1142087.0,9720.0,4.305,14876.0,9720.0,-1.0,14943.0,0.0,2674039.0,14561.0,95956545.0,33.0,13.423,17.727999999999994,0.63,1156965.0,False
300.0,7b5860221ac4bf880739e34b36b6d1fb.param,1.0,0.0,0.0,44.379,95956545.0,bd5db17968a522a2b14023cadfe8a1ab,211935.0,1.0,0.0,20.541,7-42,94977.0,0.0,1142087.0,9720.0,4.513999999999999,14876.0,9720.0,-1.0,14943.0,0.0,2674039.0,14561.0,95956545.0,33.0,15.405,19.919,0.63,1156965.0,False
300.0,7b5860221ac4bf880739e34b36b6d1fb.param,2.0,0.0,0.0,43.108999999999995,95956545.0,bd5db17968a522a2b14023cadfe8a1ab,211935.0,1.0,0.0,21.678,7-42,94977.0,0.0,1142087.0,9720.0,4.52,14876.0,9720.0,-1.0,14943.0,0.0,2674039.0,14561.0,95956545.0,33.0,16.317999999999998,20.838,0.63,1156965.0,False
300.0,e3acebf7a8b1b7baee676b2504100871.param,0.0,0.0,0.0,9.931000000000001,600810857.0,cf817645747f300ab90e2836ce9a15e6,824954.0,1.0,0.0,8.968,7-42,747673.0,0.0,209537.0,6365.0,0.784,2935.0,6365.0,-1.0,15997.0,0.0,1378772.0,2572.0,600810857.0,29.0,8.025,8.809,0.63,212474.0,False
300.0,e3acebf7a8b1b7baee676b2504100871.param,1.0,0.0,0.0,9.457,600810857.0,cf817645747f300ab90e2836ce9a15e6,824954.0,1.0,0.0,9.331,7-42,747673.0,0.0,209537.0,6365.0,0.7509999999999999,2935.0,6365.0,-1.0,15997.0,0.0,1378772.0,2572.0,600810857.0,29.0,8.374,9.125,0.63,212474.0,False
300.0,e3acebf7a8b1b7baee676b2504100871.param,2.0,0.0,0.0,9.892999999999999,600810857.0,cf817645747f300ab90e2836ce9a15e6,824954.0,1.0,0.0,8.276,7-42,747673.0,0.0,209537.0,6365.0,0.773,2935.0,6365.0,-1.0,15997.0,0.0,1378772.0,2572.0,600810857.0,29.0,7.345,8.118,0.63,212474.0,False
300.0,2c863ef862f94f5be37b35a0e4c17156.param,0.0,0.0,0.0,40.06800000000001,1235388569.0,931f3a76977ebbf3046959fdca2f3443,172290.0,1.0,0.0,11.839,7-42,87722.0,0.0,1035982.0,5665.0,3.98,14043.0,5665.0,-1.0,13724.0,0.0,843578.0,13737.0,1235388569.0,24.0,7.298999999999999,11.279000000000002,0.63,1050027.0,False
300.0,2c863ef862f94f5be37b35a0e4c17156.param,1.0,0.0,0.0,43.99100000000001,1235388569.0,931f3a76977ebbf3046959fdca2f3443,172290.0,1.0,0.0,11.838,7-42,87722.0,0.0,1035982.0,5665.0,3.932,14043.0,5665.0,-1.0,13724.0,0.0,843578.0,13737.0,1235388569.0,24.0,7.3329999999999975,11.265,0.63,1050027.0,False
300.0,2c863ef862f94f5be37b35a0e4c17156.param,2.0,0.0,0.0,41.166000000000004,1235388569.0,931f3a76977ebbf3046959fdca2f3443,172290.0,1.0,0.0,11.880999999999998,7-42,87722.0,0.0,1035982.0,5665.0,3.928,14043.0,5665.0,-1.0,13724.0,0.0,843578.0,13737.0,1235388569.0,24.0,7.348,11.276,0.63,1050027.0,False
300.0,53797da70b0cf5f28e45644f5fda249f.param,0.0,0.0,0.0,9.466000000000001,1923385776.0,35767b24dbda94a1ddd27ccc0f3ef67e,242229.0,1.0,0.0,7.894,7-42,143188.0,0.0,203162.0,11247.0,0.8109999999999999,2575.0,11247.0,-1.0,14819.0,0.0,1205584.0,2257.0,1923385776.0,40.0,6.9079999999999995,7.7189999999999985,0.42,205739.0,False
300.0,53797da70b0cf5f28e45644f5fda249f.param,1.0,0.0,0.0,8.821,1923385776.0,35767b24dbda94a1ddd27ccc0f3ef67e,242229.0,1.0,0.0,7.547999999999999,7-42,143188.0,0.0,203162.0,11247.0,0.7290000000000001,2575.0,11247.0,-1.0,14819.0,0.0,1205584.0,2257.0,1923385776.0,40.0,6.669,7.398,0.42,205739.0,False
300.0,53797da70b0cf5f28e45644f5fda249f.param,2.0,0.0,0.0,9.174,1923385776.0,35767b24dbda94a1ddd27ccc0f3ef67e,242229.0,1.0,0.0,7.496,7-42,143188.0,0.0,203162.0,11247.0,0.7809999999999999,2575.0,11247.0,-1.0,14819.0,0.0,1205584.0,2257.0,1923385776.0,40.0,6.537000000000001,7.318,0.42,205739.0,False
300.0,ceb1794b37ee7a46798c6a75e6be96ab.param,0.0,0.0,0.0,18.192999999999998,590654055.0,3822668e1b20b6535ad2551ecb0e6159,115087.0,1.0,0.0,9.479,7-42,36046.0,0.0,416085.0,10363.0,1.524,5424.0,10363.0,-1.0,14336.0,0.0,1387535.0,5058.0,590654055.0,37.0,7.7,9.224,0.63,421511.0,False
300.0,ceb1794b37ee7a46798c6a75e6be96ab.param,1.0,0.0,0.0,17.577,590654055.0,3822668e1b20b6535ad2551ecb0e6159,115087.0,1.0,0.0,9.502,7-42,36046.0,0.0,416085.0,10363.0,1.584,5424.0,10363.0,-1.0,14336.0,0.0,1387535.0,5058.0,590654055.0,37.0,7.673999999999999,9.258,0.63,421511.0,False
300.0,ceb1794b37ee7a46798c6a75e6be96ab.param,2.0,0.0,0.0,17.115,590654055.0,3822668e1b20b6535ad2551ecb0e6159,115087.0,1.0,0.0,9.445,7-42,36046.0,0.0,416085.0,10363.0,1.521,5424.0,10363.0,-1.0,14336.0,0.0,1387535.0,5058.0,590654055.0,37.0,7.682,9.203,0.63,421511.0,False
300.0,f3f514a91e7728b0df10399e56f94206.param,0.0,0.0,0.0,19.701,590654055.0,af9b5f3f7a71cbf808e191eee7475d7b,114138.0,1.0,0.0,12.753,7-42,16808.0,0.0,429157.0,9726.0,1.6369999999999998,5942.0,9726.0,-1.0,19968.0,0.0,1052901.0,5603.0,590654055.0,33.0,10.847999999999999,12.485,0.63,435101.0,False
300.0,f3f514a91e7728b0df10399e56f94206.param,1.0,0.0,0.0,18.125999999999998,590654055.0,af9b5f3f7a71cbf808e191eee7475d7b,114138.0,1.0,0.0,12.985,7-42,16808.0,0.0,429157.0,9726.0,1.579,5942.0,9726.0,-1.0,19968.0,0.0,1052901.0,5603.0,590654055.0,33.0,11.145,12.724,0.63,435101.0,False
300.0,f3f514a91e7728b0df10399e56f94206.param,2.0,0.0,0.0,19.073,590654055.0,af9b5f3f7a71cbf808e191eee7475d7b,114138.0,1.0,0.0,12.555,7-42,16808.0,0.0,429157.0,9726.0,1.588,5942.0,9726.0,-1.0,19968.0,0.0,1052901.0,5603.0,590654055.0,33.0,10.707,12.295,0.63,435101.0,False
300.0,86d0a459cbac55d6b0ecb8de1373f318.param,0.0,0.0,0.0,48.242,34754393.0,84cc12d16507077b0d70b7a4997c01d9,74767.0,1.0,0.0,7.308,7-42,23725.0,0.0,1179589.0,4114.0,4.51,22044.0,4114.0,-1.0,11771.0,0.0,559843.0,21696.0,34754393.0,17.0,1.965,6.475,0.94,1201635.0,False
300.0,86d0a459cbac55d6b0ecb8de1373f318.param,1.0,0.0,0.0,47.89,34754393.0,84cc12d16507077b0d70b7a4997c01d9,74767.0,1.0,0.0,7.405,7-42,23725.0,0.0,1179589.0,4114.0,4.577,22044.0,4114.0,-1.0,11771.0,0.0,559843.0,21696.0,34754393.0,17.0,1.963,6.54,0.94,1201635.0,False
300.0,86d0a459cbac55d6b0ecb8de1373f318.param,2.0,0.0,0.0,47.535,34754393.0,84cc12d16507077b0d70b7a4997c01d9,74767.0,1.0,0.0,7.376,7-42,23725.0,0.0,1179589.0,4114.0,4.646,22044.0,4114.0,-1.0,11771.0,0.0,559843.0,21696.0,34754393.0,17.0,1.92,6.566,0.94,1201635.0,False
300.0,55b26376914ebad092e2e305df354383.param,0.0,0.0,0.0,26.627,1470727592.0,7db1d5c0456dbe07bb45fa86209cc0f7,85446.0,1.0,0.0,4.713,7-42,28869.0,0.0,600167.0,5683.0,2.222,8665.0,5683.0,-1.0,10179.0,0.0,904357.0,8398.0,1470727592.0,24.0,2.144,4.3660000000000005,0.42,608834.0,False
300.0,55b26376914ebad092e2e305df354383.param,1.0,0.0,0.0,24.95,1470727592.0,7db1d5c0456dbe07bb45fa86209cc0f7,85446.0,1.0,0.0,4.7669999999999995,7-42,28869.0,0.0,600167.0,5683.0,2.258,8665.0,5683.0,-1.0,10179.0,0.0,904357.0,8398.0,1470727592.0,24.0,2.155,4.413,0.42,608834.0,False
300.0,55b26376914ebad092e2e305df354383.param,2.0,0.0,0.0,25.254,1470727592.0,7db1d5c0456dbe07bb45fa86209cc0f7,85446.0,1.0,0.0,4.723,7-42,28869.0,0.0,600167.0,5683.0,2.2230000000000003,8665.0,5683.0,-1.0,10179.0,0.0,904357.0,8398.0,1470727592.0,24.0,2.145,4.368,0.42,608834.0,False
300.0,e132556b0d38151640e92d05691dbdbe.param,0.0,0.0,0.0,75.513,1918631718.0,518533cb633425ba4cec731c94985f65,192975.0,1.0,0.0,17.88,7-42,43721.0,0.0,1889030.0,10289.0,7.388,25348.0,10289.0,-1.0,24240.0,0.0,1164925.0,24979.0,1918631718.0,36.0,9.484,16.872,0.94,1914380.0,False
300.0,e132556b0d38151640e92d05691dbdbe.param,1.0,0.0,0.0,77.305,1918631718.0,518533cb633425ba4cec731c94985f65,192975.0,1.0,0.0,17.906,7-42,43721.0,0.0,1889030.0,10289.0,7.233,25348.0,10289.0,-1.0,24240.0,0.0,1164925.0,24979.0,1918631718.0,36.0,9.606,16.839000000000002,0.94,1914380.0,False
300.0,e132556b0d38151640e92d05691dbdbe.param,2.0,0.0,0.0,76.833,1918631718.0,518533cb633425ba4cec731c94985f65,192975.0,1.0,0.0,17.863,7-42,43721.0,0.0,1889030.0,10289.0,7.263,25348.0,10289.0,-1.0,24240.0,0.0,1164925.0,24979.0,1918631718.0,36.0,9.544,16.807000000000002,0.94,1914380.0,False
300.0,f09afe8bb1fa94a49596406bf88166c9.param,0.0,0.0,0.0,47.107,1918631718.0,2dd0ae069edb03a8e222328875b8a482,218267.0,1.0,0.0,13.167,7-42,96340.0,0.0,1168749.0,6358.0,4.46,17058.0,6358.0,-1.0,17203.0,0.0,884639.0,16716.0,1918631718.0,29.0,7.847,12.307,0.63,1185809.0,False
300.0,f09afe8bb1fa94a49596406bf88166c9.param,1.0,0.0,0.0,44.581,1918631718.0,2dd0ae069edb03a8e222328875b8a482,218267.0,1.0,0.0,13.482000000000001,7-42,96340.0,0.0,1168749.0,6358.0,4.5760000000000005,17058.0,6358.0,-1.0,17203.0,0.0,884639.0,16716.0,1918631718.0,29.0,8.014,12.59,0.63,1185809.0,False
300.0,f09afe8bb1fa94a49596406bf88166c9.param,2.0,0.0,0.0,47.325,1918631718.0,2dd0ae069edb03a8e222328875b8a482,218267.0,1.0,0.0,13.197000000000001,7-42,96340.0,0.0,1168749.0,6358.0,4.54,17058.0,6358.0,-1.0,17203.0,0.0,884639.0,16716.0,1918631718.0,29.0,7.858,12.398,0.63,1185809.0,False
300.0,3a224236b6b589e9f8161cb41fb64421.param,0.0,0.0,0.0,38.131,2028359165.0,aeef6f1412c440552f2b2c792176d76b,231147.0,1.0,0.0,12.477,7-42,96305.0,0.0,953429.0,9601.0,3.6639999999999997,13616.0,9601.0,-1.0,18431.0,0.0,868911.0,13328.0,2028359165.0,32.0,8.257,11.921,0.63,967047.0,False
300.0,3a224236b6b589e9f8161cb41fb64421.param,1.0,0.0,0.0,40.055,2028359165.0,aeef6f1412c440552f2b2c792176d76b,231147.0,1.0,0.0,12.469000000000001,7-42,96305.0,0.0,953429.0,9601.0,3.7539999999999996,13616.0,9601.0,-1.0,18431.0,0.0,868911.0,13328.0,2028359165.0,32.0,8.177999999999999,11.932,0.63,967047.0,False
300.0,3a224236b6b589e9f8161cb41fb64421.param,2.0,0.0,0.0,38.829,2028359165.0,aeef6f1412c440552f2b2c792176d76b,231147.0,1.0,0.0,12.640999999999998,7-42,96305.0,0.0,953429.0,9601.0,3.701,13616.0,9601.0,-1.0,18431.0,0.0,868911.0,13328.0,2028359165.0,32.0,8.374,12.075,0.63,967047.0,False
300.0,c73e9bafac569591c4ea47d45cfac20c.param,0.0,0.0,0.0,30.159000000000002,1918631718.0,40e6e85472491a053e366a247ab20134,222731.0,1.0,0.0,24.20300000000001,7-42,83766.0,0.0,711927.0,10341.0,2.725,9368.0,10341.0,-1.0,19762.0,0.0,1115190.0,9002.0,1918631718.0,37.0,21.066,23.791,0.63,721297.0,False
300.0,c73e9bafac569591c4ea47d45cfac20c.param,1.0,0.0,0.0,29.243000000000002,1918631718.0,40e6e85472491a053e366a247ab20134,222731.0,1.0,0.0,24.337,7-42,83766.0,0.0,711927.0,10341.0,2.6710000000000003,9368.0,10341.0,-1.0,19762.0,0.0,1115190.0,9002.0,1918631718.0,37.0,21.146,23.816999999999997,0.63,721297.0,False
300.0,c73e9bafac569591c4ea47d45cfac20c.param,2.0,0.0,0.0,30.389,1918631718.0,40e6e85472491a053e366a247ab20134,222731.0,1.0,0.0,24.362,7-42,83766.0,0.0,711927.0,10341.0,2.7119999999999997,9368.0,10341.0,-1.0,19762.0,0.0,1115190.0,9002.0,1918631718.0,37.0,21.215999999999998,23.928,0.63,721297.0,False
300.0,9fea3b5fddf357019f10d5f61fc8a74b.param,0.0,0.0,0.0,36.214,693280077.0,d830aad9490fd94c997ca4249570bc9b,64925.0,1.0,0.0,7.127999999999999,7-42,21080.0,0.0,973316.0,4153.0,3.695,17690.0,4153.0,-1.0,10819.0,0.0,508012.0,17423.0,693280077.0,17.0,2.855,6.55,0.63,991008.0,False
300.0,9fea3b5fddf357019f10d5f61fc8a74b.param,1.0,0.0,0.0,37.275999999999996,693280077.0,d830aad9490fd94c997ca4249570bc9b,64925.0,1.0,0.0,7.1579999999999995,7-42,21080.0,0.0,973316.0,4153.0,3.7289999999999996,17690.0,4153.0,-1.0,10819.0,0.0,508012.0,17423.0,693280077.0,17.0,2.87,6.599,0.63,991008.0,False
300.0,9fea3b5fddf357019f10d5f61fc8a74b.param,2.0,0.0,0.0,37.668,693280077.0,d830aad9490fd94c997ca4249570bc9b,64925.0,1.0,0.0,7.117000000000001,7-42,21080.0,0.0,973316.0,4153.0,3.741,17690.0,4153.0,-1.0,10819.0,0.0,508012.0,17423.0,693280077.0,17.0,2.819,6.56,0.63,991008.0,False
300.0,7c50c2c12e2aac2541da57a3aad7ca55.param,0.0,0.0,0.0,67.638,182366586.0,cabfbf8e7225cb1b257c6bb858146ff0,558815.0,1.0,0.0,36.091,7-42,373798.0,0.0,1797959.0,9775.0,7.0329999999999995,24367.0,9775.0,-1.0,23143.0,0.0,1294562.0,24076.0,182366586.0,33.0,27.697,34.73,0.94,1822328.0,False
300.0,7c50c2c12e2aac2541da57a3aad7ca55.param,1.0,0.0,0.0,74.417,182366586.0,cabfbf8e7225cb1b257c6bb858146ff0,558815.0,1.0,0.0,34.747,7-42,373798.0,0.0,1797959.0,9775.0,6.901,24367.0,9775.0,-1.0,23143.0,0.0,1294562.0,24076.0,182366586.0,33.0,26.851999999999997,33.753,0.94,1822328.0,False
300.0,7c50c2c12e2aac2541da57a3aad7ca55.param,2.0,0.0,0.0,71.335,182366586.0,cabfbf8e7225cb1b257c6bb858146ff0,558815.0,1.0,0.0,34.946,7-42,373798.0,0.0,1797959.0,9775.0,6.894,24367.0,9775.0,-1.0,23143.0,0.0,1294562.0,24076.0,182366586.0,33.0,26.75,33.644,0.94,1822328.0,False
300.0,5f169f8946c848c062a4dd468eb064c1.param,0.0,0.0,0.0,73.021,2136253402.0,a33ff6524b1d203f2d4edb54474a39e9,626786.0,1.0,0.0,22.429000000000002,7-42,427222.0,0.0,1846871.0,11248.0,7.386,22933.0,11248.0,-1.0,23734.0,0.0,1451818.0,22606.0,2136253402.0,40.0,13.735999999999999,21.122,0.94,1869806.0,False
300.0,5f169f8946c848c062a4dd468eb064c1.param,1.0,0.0,0.0,73.512,2136253402.0,a33ff6524b1d203f2d4edb54474a39e9,626786.0,1.0,0.0,20.865,7-42,427222.0,0.0,1846871.0,11248.0,7.069,22933.0,11248.0,-1.0,23734.0,0.0,1451818.0,22606.0,2136253402.0,40.0,12.818,19.887,0.94,1869806.0,False
300.0,5f169f8946c848c062a4dd468eb064c1.param,2.0,0.0,0.0,71.285,2136253402.0,a33ff6524b1d203f2d4edb54474a39e9,626786.0,1.0,0.0,21.04,7-42,427222.0,0.0,1846871.0,11248.0,7.138,22933.0,11248.0,-1.0,23734.0,0.0,1451818.0,22606.0,2136253402.0,40.0,12.905999999999999,20.044,0.94,1869806.0,False
300.0,2cf01039b19cea84eef8c942aea32605.param,0.0,0.0,0.0,73.05,1057470620.0,50cb01bca79ca6a6e6173b431c36c1fa,111772.0,1.0,0.0,11.120999999999999,7-42,47697.0,0.0,1864382.0,6375.0,7.267,24049.0,6375.0,-1.0,11828.0,0.0,1163834.0,23677.0,1057470620.0,29.0,2.862,10.129,0.94,1888433.0,False
300.0,2cf01039b19cea84eef8c942aea32605.param,1.0,0.0,0.0,72.594,1057470620.0,50cb01bca79ca6a6e6173b431c36c1fa,111772.0,1.0,0.0,12.008,7-42,47697.0,0.0,1864382.0,6375.0,7.55,24049.0,6375.0,-1.0,11828.0,0.0,1163834.0,23677.0,1057470620.0,29.0,3.085,10.635,0.94,1888433.0,False
300.0,2cf01039b19cea84eef8c942aea32605.param,2.0,0.0,0.0,74.822,1057470620.0,50cb01bca79ca6a6e6173b431c36c1fa,111772.0,1.0,0.0,10.934000000000001,7-42,47697.0,0.0,1864382.0,6375.0,7.164,24049.0,6375.0,-1.0,11828.0,0.0,1163834.0,23677.0,1057470620.0,29.0,2.7569999999999997,9.921,0.94,1888433.0,False
300.0,c7380516182e520bfda807e4d9ed529d.param,0.0,0.0,0.0,11.014000000000001,1057470620.0,b1e6cd643652ea217ec9c091cd27c271,115461.0,1.0,0.0,13.402999999999999,7-42,54706.0,0.0,235496.0,9608.0,0.857,3103.0,9608.0,-1.0,9449.0,0.0,1117060.0,2719.0,1057470620.0,32.0,12.401,13.258,0.28,238601.0,False
300.0,c7380516182e520bfda807e4d9ed529d.param,1.0,0.0,0.0,10.732000000000001,1057470620.0,b1e6cd643652ea217ec9c091cd27c271,115461.0,1.0,0.0,13.522,7-42,54706.0,0.0,235496.0,9608.0,0.893,3103.0,9608.0,-1.0,9449.0,0.0,1117060.0,2719.0,1057470620.0,32.0,12.464,13.357000000000001,0.28,238601.0,False
300.0,c7380516182e520bfda807e4d9ed529d.param,2.0,0.0,0.0,10.593,1057470620.0,b1e6cd643652ea217ec9c091cd27c271,115461.0,1.0,0.0,13.513,7-42,54706.0,0.0,235496.0,9608.0,0.8540000000000001,3103.0,9608.0,-1.0,9449.0,0.0,1117060.0,2719.0,1057470620.0,32.0,12.494000000000002,13.347999999999999,0.28,238601.0,False
300.0,971e5d247ffd98140d5d9199460cd7b4.param,0.0,0.0,0.0,32.765,1257636424.0,55d690f7173aad4f3a90632aa7eb084d,148124.0,1.0,0.0,24.605999999999998,7-42,51387.0,0.0,772825.0,9717.0,2.915,10696.0,9717.0,-1.0,14835.0,0.0,1347613.0,10351.0,1257636424.0,33.0,21.249000000000002,24.164,0.42,783523.0,False
300.0,971e5d247ffd98140d5d9199460cd7b4.param,1.0,0.0,0.0,33.523,1257636424.0,55d690f7173aad4f3a90632aa7eb084d,148124.0,1.0,0.0,24.201999999999998,7-42,51387.0,0.0,772825.0,9717.0,2.96,10696.0,9717.0,-1.0,14835.0,0.0,1347613.0,10351.0,1257636424.0,33.0,20.809,23.769000000000002,0.42,783523.0,False
300.0,971e5d247ffd98140d5d9199460cd7b4.param,2.0,0.0,0.0,31.509,1257636424.0,55d690f7173aad4f3a90632aa7eb084d,148124.0,1.0,0.0,24.090999999999998,7-42,51387.0,0.0,772825.0,9717.0,2.937,10696.0,9717.0,-1.0,14835.0,0.0,1347613.0,10351.0,1257636424.0,33.0,20.714000000000002,23.651,0.42,783523.0,False
300.0,bb83bd2588db308f9da59945e9f53761.param,0.0,0.0,0.0,38.015,823094821.0,e8ac75f81bbaa31a42dab864b875e291,370999.0,1.0,0.0,13.742,7-42,263188.0,0.0,905727.0,6201.0,3.487,13982.0,6201.0,-1.0,13045.0,0.0,1091072.0,13730.0,823094821.0,28.0,9.595,13.082,0.63,919711.0,False
300.0,bb83bd2588db308f9da59945e9f53761.param,1.0,0.0,0.0,36.542,823094821.0,e8ac75f81bbaa31a42dab864b875e291,370999.0,1.0,0.0,12.979000000000001,7-42,263188.0,0.0,905727.0,6201.0,3.458,13982.0,6201.0,-1.0,13045.0,0.0,1091072.0,13730.0,823094821.0,28.0,9.038,12.495999999999999,0.63,919711.0,False
300.0,bb83bd2588db308f9da59945e9f53761.param,2.0,0.0,0.0,37.994,823094821.0,e8ac75f81bbaa31a42dab864b875e291,370999.0,1.0,0.0,13.982000000000001,7-42,263188.0,0.0,905727.0,6201.0,3.502,13982.0,6201.0,-1.0,13045.0,0.0,1091072.0,13730.0,823094821.0,28.0,9.941,13.443,0.63,919711.0,False
300.0,d77b1e8e85636e2a8e697f0467151b32.param,0.0,0.0,0.0,10.09,590654055.0,245e6b08a4b1d77d51f8325d44d9fe0e,480038.0,1.0,0.0,18.78,7-42,389111.0,0.0,225956.0,9601.0,0.813,3007.0,9601.0,-1.0,16075.0,0.0,1343212.0,2635.0,590654055.0,32.0,17.781,18.594,0.42,228965.0,False
300.0,d77b1e8e85636e2a8e697f0467151b32.param,1.0,0.0,0.0,10.357999999999999,590654055.0,245e6b08a4b1d77d51f8325d44d9fe0e,480038.0,1.0,0.0,19.044,7-42,389111.0,0.0,225956.0,9601.0,0.831,3007.0,9601.0,-1.0,16075.0,0.0,1343212.0,2635.0,590654055.0,32.0,18.055,18.886,0.42,228965.0,False
300.0,d77b1e8e85636e2a8e697f0467151b32.param,2.0,0.0,0.0,9.674,590654055.0,245e6b08a4b1d77d51f8325d44d9fe0e,480038.0,1.0,0.0,18.858,7-42,389111.0,0.0,225956.0,9601.0,0.8270000000000001,3007.0,9601.0,-1.0,16075.0,0.0,1343212.0,2635.0,590654055.0,32.0,17.874000000000006,18.701,0.42,228965.0,False
300.0,61f5f3058b749cd913e33ba1bf9fcead.param,0.0,0.0,0.0,5.348,693280077.0,4b348a40931fecd435b821dfacee3043,51242.0,1.0,0.0,1.7280000000000002,7-42,25056.0,0.0,120161.0,4747.0,0.428,1861.0,4747.0,-1.0,7173.0,0.0,705844.0,1516.0,693280077.0,21.0,1.204,1.632,0.19,122024.0,False
300.0,61f5f3058b749cd913e33ba1bf9fcead.param,1.0,0.0,0.0,6.062,693280077.0,4b348a40931fecd435b821dfacee3043,51242.0,1.0,0.0,1.804,7-42,25056.0,0.0,120161.0,4747.0,0.46399999999999997,1861.0,4747.0,-1.0,7173.0,0.0,705844.0,1516.0,693280077.0,21.0,1.2329999999999999,1.6969999999999998,0.19,122024.0,False
300.0,61f5f3058b749cd913e33ba1bf9fcead.param,2.0,0.0,0.0,5.71,693280077.0,4b348a40931fecd435b821dfacee3043,51242.0,1.0,0.0,1.785,7-42,25056.0,0.0,120161.0,4747.0,0.496,1861.0,4747.0,-1.0,7173.0,0.0,705844.0,1516.0,693280077.0,21.0,1.187,1.683,0.19,122024.0,False
300.0,3516b948e6368c1e04e766cb3dbf658f.param,0.0,0.0,0.0,92.012,1235388569.0,034509ad86149eda71bc14897930ee34,306026.0,1.0,0.0,29.115,7-42,132770.0,0.0,2439472.0,10291.0,9.469,32726.0,10291.0,-1.0,21140.0,0.0,1538072.0,32441.0,1235388569.0,36.0,17.955,27.424,1.41,2472200.0,False
300.0,3516b948e6368c1e04e766cb3dbf658f.param,1.0,0.0,0.0,93.176,1235388569.0,034509ad86149eda71bc14897930ee34,306026.0,1.0,0.0,29.945999999999998,7-42,132770.0,0.0,2439472.0,10291.0,9.533999999999999,32726.0,10291.0,-1.0,21140.0,0.0,1538072.0,32441.0,1235388569.0,36.0,18.682000000000002,28.215999999999998,1.41,2472200.0,False
300.0,3516b948e6368c1e04e766cb3dbf658f.param,2.0,0.0,0.0,98.35600000000001,1235388569.0,034509ad86149eda71bc14897930ee34,306026.0,1.0,0.0,29.029,7-42,132770.0,0.0,2439472.0,10291.0,9.434,32726.0,10291.0,-1.0,21140.0,0.0,1538072.0,32441.0,1235388569.0,36.0,17.859,27.29300000000001,1.41,2472200.0,False
300.0,36fc98d1195ddc35e5ef9eb80f9a3178.param,0.0,0.0,0.0,12.138,270657042.0,d85ce18f25c9e154199952849cec9742,33938.0,1.0,0.0,2.041,7-42,8985.0,0.0,286766.0,4667.0,1.1,4945.0,4667.0,-1.0,5232.0,0.0,386491.0,4717.0,270657042.0,20.0,0.754,1.854,0.19,291713.0,False
300.0,36fc98d1195ddc35e5ef9eb80f9a3178.param,1.0,0.0,0.0,12.497,270657042.0,d85ce18f25c9e154199952849cec9742,33938.0,1.0,0.0,2.004,7-42,8985.0,0.0,286766.0,4667.0,1.051,4945.0,4667.0,-1.0,5232.0,0.0,386491.0,4717.0,270657042.0,20.0,0.758,1.8090000000000002,0.19,291713.0,False
300.0,36fc98d1195ddc35e5ef9eb80f9a3178.param,2.0,0.0,0.0,12.449000000000002,270657042.0,d85ce18f25c9e154199952849cec9742,33938.0,1.0,0.0,2.158,7-42,8985.0,0.0,286766.0,4667.0,1.148,4945.0,4667.0,-1.0,5232.0,0.0,386491.0,4717.0,270657042.0,20.0,0.782,1.93,0.19,291713.0,False
300.0,97b29b11b39e49b80f3ff828f7a4f470.param,0.0,0.0,0.0,24.772,372553220.0,48a80784da1f9bbdd3dec71a4d74beb4,58788.0,1.0,0.0,3.947,7-42,12422.0,0.0,596951.0,5755.0,2.199,9326.0,5755.0,-1.0,8961.0,0.0,568098.0,9050.0,372553220.0,25.0,1.386,3.585,0.42,606279.0,False
300.0,97b29b11b39e49b80f3ff828f7a4f470.param,1.0,0.0,0.0,26.073,372553220.0,48a80784da1f9bbdd3dec71a4d74beb4,58788.0,1.0,0.0,3.9389999999999996,7-42,12422.0,0.0,596951.0,5755.0,2.2230000000000003,9326.0,5755.0,-1.0,8961.0,0.0,568098.0,9050.0,372553220.0,25.0,1.3780000000000001,3.6010000000000004,0.42,606279.0,False
300.0,97b29b11b39e49b80f3ff828f7a4f470.param,2.0,0.0,0.0,25.104,372553220.0,48a80784da1f9bbdd3dec71a4d74beb4,58788.0,1.0,0.0,3.988,7-42,12422.0,0.0,596951.0,5755.0,2.258,9326.0,5755.0,-1.0,8961.0,0.0,568098.0,9050.0,372553220.0,25.0,1.386,3.6439999999999997,0.42,606279.0,False
300.0,accc739b7443ee6f6c986b29106d30b2.param,0.0,0.0,0.0,68.447,1057470620.0,e79e26665438aa0aa754f48b2203cfc9,479116.0,1.0,0.0,40.457,7-42,259632.0,0.0,1758522.0,11249.0,6.938,22251.0,11249.0,-1.0,23225.0,0.0,1255612.0,21921.0,1057470620.0,40.0,32.515,39.453,0.94,1780775.0,False
300.0,accc739b7443ee6f6c986b29106d30b2.param,1.0,0.0,0.0,72.7,1057470620.0,e79e26665438aa0aa754f48b2203cfc9,479116.0,1.0,0.0,40.738,7-42,259632.0,0.0,1758522.0,11249.0,7.146,22251.0,11249.0,-1.0,23225.0,0.0,1255612.0,21921.0,1057470620.0,40.0,32.594,39.74,0.94,1780775.0,False
300.0,accc739b7443ee6f6c986b29106d30b2.param,2.0,0.0,0.0,71.92399999999998,1057470620.0,e79e26665438aa0aa754f48b2203cfc9,479116.0,1.0,0.0,40.896,7-42,259632.0,0.0,1758522.0,11249.0,6.9620000000000015,22251.0,11249.0,-1.0,23225.0,0.0,1255612.0,21921.0,1057470620.0,40.0,32.759,39.721,0.94,1780775.0,False
300.0,92f07d9616904178c202cd6d7e0ae97d.param,0.0,0.0,0.0,27.88300000000001,1098776393.0,e1a8270792ce60241277e5067af0f625,75656.0,1.0,0.0,7.122000000000001,7-42,14418.0,0.0,700611.0,9770.0,2.6260000000000003,9595.0,9770.0,-1.0,7291.0,0.0,798146.0,9322.0,1098776393.0,33.0,4.0760000000000005,6.702000000000001,0.42,710208.0,False
300.0,92f07d9616904178c202cd6d7e0ae97d.param,1.0,0.0,0.0,29.362,1098776393.0,e1a8270792ce60241277e5067af0f625,75656.0,1.0,0.0,7.249,7-42,14418.0,0.0,700611.0,9770.0,2.657,9595.0,9770.0,-1.0,7291.0,0.0,798146.0,9322.0,1098776393.0,33.0,4.1739999999999995,6.831,0.42,710208.0,False
300.0,92f07d9616904178c202cd6d7e0ae97d.param,2.0,0.0,0.0,28.07,1098776393.0,e1a8270792ce60241277e5067af0f625,75656.0,1.0,0.0,7.222,7-42,14418.0,0.0,700611.0,9770.0,2.6839999999999997,9595.0,9770.0,-1.0,7291.0,0.0,798146.0,9322.0,1098776393.0,33.0,4.136,6.82,0.42,710208.0,False
300.0,ea9e2588afe4504c0be19561db25ccfd.param,0.0,0.0,0.0,36.347,2050821110.0,f8834804b213bc3a24b17cf49a3c1bee,412939.0,1.0,0.0,10.709000000000001,7-42,302183.0,0.0,884816.0,5612.0,3.339,14323.0,5612.0,-1.0,16020.0,0.0,697016.0,14071.0,2050821110.0,24.0,6.877999999999999,10.217,0.63,899141.0,False
300.0,ea9e2588afe4504c0be19561db25ccfd.param,1.0,0.0,0.0,36.342,2050821110.0,f8834804b213bc3a24b17cf49a3c1bee,412939.0,1.0,0.0,10.927999999999999,7-42,302183.0,0.0,884816.0,5612.0,3.418,14323.0,5612.0,-1.0,16020.0,0.0,697016.0,14071.0,2050821110.0,24.0,7.004,10.422,0.63,899141.0,False
300.0,ea9e2588afe4504c0be19561db25ccfd.param,2.0,0.0,0.0,34.189,2050821110.0,f8834804b213bc3a24b17cf49a3c1bee,412939.0,1.0,0.0,10.783,7-42,302183.0,0.0,884816.0,5612.0,3.327,14323.0,5612.0,-1.0,16020.0,0.0,697016.0,14071.0,2050821110.0,24.0,6.931,10.258,0.63,899141.0,False
300.0,a78197c32b5c06c92ee4f6e438ee3962.param,0.0,0.0,0.0,67.413,506016928.0,9e6ab7b6848e0493264d34ef55202027,129301.0,1.0,0.0,17.757,7-42,29414.0,0.0,1838865.0,6395.0,7.1979999999999995,26829.0,6395.0,-1.0,14242.0,0.0,1402542.0,26568.0,506016928.0,29.0,9.241,16.439,0.94,1865696.0,False
300.0,a78197c32b5c06c92ee4f6e438ee3962.param,1.0,0.0,0.0,70.57600000000002,506016928.0,9e6ab7b6848e0493264d34ef55202027,129301.0,1.0,0.0,17.609,7-42,29414.0,0.0,1838865.0,6395.0,7.367000000000001,26829.0,6395.0,-1.0,14242.0,0.0,1402542.0,26568.0,506016928.0,29.0,9.137,16.504,0.94,1865696.0,False
300.0,a78197c32b5c06c92ee4f6e438ee3962.param,2.0,0.0,0.0,68.944,506016928.0,9e6ab7b6848e0493264d34ef55202027,129301.0,1.0,0.0,18.535,7-42,29414.0,0.0,1838865.0,6395.0,7.294,26829.0,6395.0,-1.0,14242.0,0.0,1402542.0,26568.0,506016928.0,29.0,9.922,17.215999999999998,0.94,1865696.0,False
300.0,d6dbb131b6c4096427e3cdbc24174d58.param,0.0,0.0,0.0,15.369000000000002,254168822.0,8c28131bee164c627028c070623664c2,366708.0,1.0,0.0,21.223000000000006,7-42,239422.0,0.0,357756.0,10245.0,1.3769999999999998,4902.0,10245.0,-1.0,17118.0,0.0,1027794.0,4623.0,254168822.0,36.0,19.617,20.994,0.63,362660.0,False
300.0,d6dbb131b6c4096427e3cdbc24174d58.param,1.0,0.0,0.0,15.244000000000002,254168822.0,8c28131bee164c627028c070623664c2,366708.0,1.0,0.0,21.052,7-42,239422.0,0.0,357756.0,10245.0,1.3230000000000002,4902.0,10245.0,-1.0,17118.0,0.0,1027794.0,4623.0,254168822.0,36.0,19.500999999999998,20.824,0.63,362660.0,False
300.0,d6dbb131b6c4096427e3cdbc24174d58.param,2.0,0.0,0.0,16.342,254168822.0,8c28131bee164c627028c070623664c2,366708.0,1.0,0.0,20.846,7-42,239422.0,0.0,357756.0,10245.0,1.317,4902.0,10245.0,-1.0,17118.0,0.0,1027794.0,4623.0,254168822.0,36.0,19.305999999999997,20.623,0.63,362660.0,False
300.0,8dbc47c71dc08cbc8ffa4bf3b92aa057.param,0.0,0.0,0.0,20.215,1571287961.0,dfbabda14bd8bdede42b9025a14dd9f9,353873.0,1.0,0.0,7.306,7-42,290125.0,0.0,470957.0,4660.0,1.804,8228.0,4660.0,-1.0,11055.0,0.0,914663.0,7907.0,1571287961.0,20.0,5.212999999999999,7.017,0.42,479187.0,False
300.0,8dbc47c71dc08cbc8ffa4bf3b92aa057.param,1.0,0.0,0.0,20.96,1571287961.0,dfbabda14bd8bdede42b9025a14dd9f9,353873.0,1.0,0.0,7.209,7-42,290125.0,0.0,470957.0,4660.0,1.75,8228.0,4660.0,-1.0,11055.0,0.0,914663.0,7907.0,1571287961.0,20.0,5.1579999999999995,6.9079999999999995,0.42,479187.0,False
300.0,8dbc47c71dc08cbc8ffa4bf3b92aa057.param,2.0,0.0,0.0,20.223,1571287961.0,dfbabda14bd8bdede42b9025a14dd9f9,353873.0,1.0,0.0,7.229,7-42,290125.0,0.0,470957.0,4660.0,1.742,8228.0,4660.0,-1.0,11055.0,0.0,914663.0,7907.0,1571287961.0,20.0,5.165,6.907,0.42,479187.0,False
300.0,37f39e77e4ab35860e338849791d985b.param,0.0,0.0,0.0,59.225,1057470620.0,404b112e89b6675492239ae29cbe4e24,677897.0,1.0,0.0,28.8,7-42,481977.0,0.0,1468453.0,11202.0,5.711,18583.0,11202.0,-1.0,25801.0,0.0,1666673.0,18220.0,1057470620.0,40.0,22.033,27.744,0.94,1487038.0,False
300.0,37f39e77e4ab35860e338849791d985b.param,1.0,0.0,0.0,59.508,1057470620.0,404b112e89b6675492239ae29cbe4e24,677897.0,1.0,0.0,28.561999999999998,7-42,481977.0,0.0,1468453.0,11202.0,5.767,18583.0,11202.0,-1.0,25801.0,0.0,1666673.0,18220.0,1057470620.0,40.0,21.971,27.738000000000003,0.94,1487038.0,False
300.0,37f39e77e4ab35860e338849791d985b.param,2.0,0.0,0.0,63.22,1057470620.0,404b112e89b6675492239ae29cbe4e24,677897.0,1.0,0.0,29.099,7-42,481977.0,0.0,1468453.0,11202.0,5.715,18583.0,11202.0,-1.0,25801.0,0.0,1666673.0,18220.0,1057470620.0,40.0,22.269000000000002,27.984,0.94,1487038.0,False
300.0,056d65a7bb6760a4c29fabc08869fd2b.param,0.0,0.0,0.0,94.30799999999999,160742207.0,b474a7059178223b3e11296bd1426f39,484461.0,1.0,0.0,46.11600000000001,7-42,303930.0,0.0,2540276.0,10379.0,10.125,33406.0,10379.0,-1.0,20879.0,0.0,3250823.0,33115.0,160742207.0,37.0,34.282,44.407,1.41,2573684.0,False
300.0,056d65a7bb6760a4c29fabc08869fd2b.param,1.0,0.0,0.0,100.10600000000001,160742207.0,b474a7059178223b3e11296bd1426f39,484461.0,1.0,0.0,45.879,7-42,303930.0,0.0,2540276.0,10379.0,10.091000000000001,33406.0,10379.0,-1.0,20879.0,0.0,3250823.0,33115.0,160742207.0,37.0,34.109,44.2,1.41,2573684.0,False
300.0,056d65a7bb6760a4c29fabc08869fd2b.param,2.0,0.0,0.0,95.92399999999999,160742207.0,b474a7059178223b3e11296bd1426f39,484461.0,1.0,0.0,47.505,7-42,303930.0,0.0,2540276.0,10379.0,9.817,33406.0,10379.0,-1.0,20879.0,0.0,3250823.0,33115.0,160742207.0,37.0,35.77,45.586999999999996,1.41,2573684.0,False
300.0,ba4c3b35debdf0cbd1cf9beea46e68ac.param,0.0,0.0,0.0,16.574,1083416308.0,72abc2d77850d825b29adeeaef1a6923,51149.0,1.0,0.0,3.5069999999999997,7-42,9617.0,0.0,365725.0,5781.0,1.37,5649.0,5781.0,-1.0,5452.0,0.0,851480.0,5388.0,1083416308.0,25.0,1.91,3.28,0.28,371376.0,False
300.0,ba4c3b35debdf0cbd1cf9beea46e68ac.param,1.0,0.0,0.0,16.424,1083416308.0,72abc2d77850d825b29adeeaef1a6923,51149.0,1.0,0.0,3.637,7-42,9617.0,0.0,365725.0,5781.0,1.364,5649.0,5781.0,-1.0,5452.0,0.0,851480.0,5388.0,1083416308.0,25.0,2.039,3.403,0.28,371376.0,False
300.0,ba4c3b35debdf0cbd1cf9beea46e68ac.param,2.0,0.0,0.0,15.815,1083416308.0,72abc2d77850d825b29adeeaef1a6923,51149.0,1.0,0.0,3.612,7-42,9617.0,0.0,365725.0,5781.0,1.396,5649.0,5781.0,-1.0,5452.0,0.0,851480.0,5388.0,1083416308.0,25.0,1.9809999999999999,3.377,0.28,371376.0,False
300.0,21ba7bf1bed51e1d4137a5d2b4095413.param,0.0,0.0,0.0,44.398,753387864.0,7a828f5cb90c7daac9424d11a549718c,80664.0,1.0,0.0,8.963,7-42,16948.0,0.0,1185613.0,4730.0,4.602,20168.0,4730.0,-1.0,11735.0,0.0,1283535.0,19946.0,753387864.0,21.0,3.714,8.316,0.63,1205783.0,False
300.0,21ba7bf1bed51e1d4137a5d2b4095413.param,1.0,0.0,0.0,47.44,753387864.0,7a828f5cb90c7daac9424d11a549718c,80664.0,1.0,0.0,8.85,7-42,16948.0,0.0,1185613.0,4730.0,4.477,20168.0,4730.0,-1.0,11735.0,0.0,1283535.0,19946.0,753387864.0,21.0,3.7310000000000003,8.208,0.63,1205783.0,False
300.0,21ba7bf1bed51e1d4137a5d2b4095413.param,2.0,0.0,0.0,48.916000000000004,753387864.0,7a828f5cb90c7daac9424d11a549718c,80664.0,1.0,0.0,8.934,7-42,16948.0,0.0,1185613.0,4730.0,4.552,20168.0,4730.0,-1.0,11735.0,0.0,1283535.0,19946.0,753387864.0,21.0,3.739,8.291,0.63,1205783.0,False
300.0,ffb2d731edec22edde6bc403f6c68136.param,0.0,0.0,0.0,33.075,1470727592.0,9565fee499863a4c44d959b25a5b30db,161480.0,1.0,0.0,9.316,7-42,81917.0,0.0,823004.0,5637.0,3.2,13162.0,5637.0,-1.0,12271.0,0.0,705637.0,12925.0,1470727592.0,24.0,5.641,8.841000000000003,0.42,836168.0,False
300.0,ffb2d731edec22edde6bc403f6c68136.param,1.0,0.0,0.0,34.936,1470727592.0,9565fee499863a4c44d959b25a5b30db,161480.0,1.0,0.0,9.332,7-42,81917.0,0.0,823004.0,5637.0,3.075,13162.0,5637.0,-1.0,12271.0,0.0,705637.0,12925.0,1470727592.0,24.0,5.662000000000001,8.737,0.42,836168.0,False
300.0,ffb2d731edec22edde6bc403f6c68136.param,2.0,0.0,0.0,34.635999999999996,1470727592.0,9565fee499863a4c44d959b25a5b30db,161480.0,1.0,0.0,9.507,7-42,81917.0,0.0,823004.0,5637.0,3.122,13162.0,5637.0,-1.0,12271.0,0.0,705637.0,12925.0,1470727592.0,24.0,5.9079999999999995,9.03,0.42,836168.0,False
300.0,9a031fb141138ee9bc8fad2cc059ee0e.param,0.0,0.0,0.0,18.442,95956545.0,f22dc1a8595d7ee235bff8f7fa757917,348312.0,1.0,0.0,24.234,7-42,232939.0,0.0,412646.0,9643.0,1.518,5896.0,9643.0,-1.0,15041.0,0.0,863636.0,5605.0,95956545.0,32.0,22.465999999999998,23.984,0.42,418544.0,False
300.0,9a031fb141138ee9bc8fad2cc059ee0e.param,1.0,0.0,0.0,18.208,95956545.0,f22dc1a8595d7ee235bff8f7fa757917,348312.0,1.0,0.0,24.491999999999997,7-42,232939.0,0.0,412646.0,9643.0,1.568,5896.0,9643.0,-1.0,15041.0,0.0,863636.0,5605.0,95956545.0,32.0,22.673000000000002,24.241,0.42,418544.0,False
300.0,9a031fb141138ee9bc8fad2cc059ee0e.param,2.0,0.0,0.0,18.796,95956545.0,f22dc1a8595d7ee235bff8f7fa757917,348312.0,1.0,0.0,24.98,7-42,232939.0,0.0,412646.0,9643.0,1.526,5896.0,9643.0,-1.0,15041.0,0.0,863636.0,5605.0,95956545.0,32.0,23.171,24.697,0.42,418544.0,False
300.0,d8b978c6119710e61692eb0c8ed59509.param,0.0,0.0,0.0,42.536,1571287961.0,089d0f831524310ec40aa975b6796a4d,148419.0,1.0,0.0,13.045,7-42,42013.0,0.0,1104552.0,6356.0,4.29,15947.0,6356.0,-1.0,16481.0,0.0,1504615.0,15599.0,1571287961.0,29.0,8.139,12.429,0.63,1120501.0,False
300.0,d8b978c6119710e61692eb0c8ed59509.param,1.0,0.0,0.0,43.762,1571287961.0,089d0f831524310ec40aa975b6796a4d,148419.0,1.0,0.0,13.315,7-42,42013.0,0.0,1104552.0,6356.0,4.376,15947.0,6356.0,-1.0,16481.0,0.0,1504615.0,15599.0,1571287961.0,29.0,8.145,12.520999999999999,0.63,1120501.0,False
300.0,d8b978c6119710e61692eb0c8ed59509.param,2.0,0.0,0.0,45.812,1571287961.0,089d0f831524310ec40aa975b6796a4d,148419.0,1.0,0.0,12.828,7-42,42013.0,0.0,1104552.0,6356.0,4.292,15947.0,6356.0,-1.0,16481.0,0.0,1504615.0,15599.0,1571287961.0,29.0,7.9110000000000005,12.203,0.63,1120501.0,False
300.0,4fb489f83300339f94af01b969c1f325.param,0.0,0.0,0.0,57.708,1098776393.0,3fdcf01c31e30c2090788ee91200e270,253753.0,1.0,0.0,15.792,7-42,121507.0,0.0,1351255.0,11200.0,5.121,17262.0,11200.0,-1.0,24777.0,0.0,1729744.0,16950.0,1098776393.0,40.0,9.922,15.043,0.63,1368519.0,False
300.0,4fb489f83300339f94af01b969c1f325.param,1.0,0.0,0.0,55.035,1098776393.0,3fdcf01c31e30c2090788ee91200e270,253753.0,1.0,0.0,15.64,7-42,121507.0,0.0,1351255.0,11200.0,5.155,17262.0,11200.0,-1.0,24777.0,0.0,1729744.0,16950.0,1098776393.0,40.0,9.728,14.883,0.63,1368519.0,False
300.0,4fb489f83300339f94af01b969c1f325.param,2.0,0.0,0.0,53.458999999999996,1098776393.0,3fdcf01c31e30c2090788ee91200e270,253753.0,1.0,0.0,15.624,7-42,121507.0,0.0,1351255.0,11200.0,5.143,17262.0,11200.0,-1.0,24777.0,0.0,1729744.0,16950.0,1098776393.0,40.0,9.766,14.909,0.63,1368519.0,False
300.0,4ee13ffb8d0ec1ceaf1bb37447281f58.param,0.0,0.0,0.0,30.112,506016928.0,36cce9e4ad34c956b5561736529d3f95,56285.0,1.0,0.0,6.143,7-42,15578.0,0.0,701645.0,4118.0,2.648,13111.0,4118.0,-1.0,8467.0,0.0,426454.0,12856.0,506016928.0,17.0,3.112,5.76,0.42,714758.0,False
300.0,4ee13ffb8d0ec1ceaf1bb37447281f58.param,1.0,0.0,0.0,28.927,506016928.0,36cce9e4ad34c956b5561736529d3f95,56285.0,1.0,0.0,6.115,7-42,15578.0,0.0,701645.0,4118.0,2.639,13111.0,4118.0,-1.0,8467.0,0.0,426454.0,12856.0,506016928.0,17.0,3.071,5.71,0.42,714758.0,False
300.0,4ee13ffb8d0ec1ceaf1bb37447281f58.param,2.0,0.0,0.0,29.015,506016928.0,36cce9e4ad34c956b5561736529d3f95,56285.0,1.0,0.0,6.037000000000001,7-42,15578.0,0.0,701645.0,4118.0,2.611,13111.0,4118.0,-1.0,8467.0,0.0,426454.0,12856.0,506016928.0,17.0,3.042,5.653,0.42,714758.0,False
300.0,ba49f12ab41d4271c475e4948758589d.param,0.0,0.0,0.0,25.149,83966730.0,5afcb6ffc65c5e2f462bee3e474a08da,46879.0,1.0,0.0,4.734,7-42,9584.0,0.0,588347.0,4177.0,2.24,10693.0,4177.0,-1.0,6839.0,0.0,404855.0,10474.0,83966730.0,17.0,2.141,4.381,0.42,599042.0,False
300.0,ba49f12ab41d4271c475e4948758589d.param,1.0,0.0,0.0,23.851,83966730.0,5afcb6ffc65c5e2f462bee3e474a08da,46879.0,1.0,0.0,4.798,7-42,9584.0,0.0,588347.0,4177.0,2.259,10693.0,4177.0,-1.0,6839.0,0.0,404855.0,10474.0,83966730.0,17.0,2.193,4.452,0.42,599042.0,False
300.0,ba49f12ab41d4271c475e4948758589d.param,2.0,0.0,0.0,24.218000000000004,83966730.0,5afcb6ffc65c5e2f462bee3e474a08da,46879.0,1.0,0.0,4.7989999999999995,7-42,9584.0,0.0,588347.0,4177.0,2.27,10693.0,4177.0,-1.0,6839.0,0.0,404855.0,10474.0,83966730.0,17.0,2.158,4.428,0.42,599042.0,False
300.0,c0cc3cb80752c8cae8a567aa7598d4aa.param,0.0,0.0,0.0,50.056000000000004,506016928.0,c827d2797ba0f79794c2ea99edacc717,162454.0,1.0,0.0,7.475,7-42,88347.0,0.0,1248716.0,6204.0,4.76,19057.0,6204.0,-1.0,11192.0,0.0,731636.0,18763.0,506016928.0,28.0,2.024,6.784,0.63,1267775.0,False
300.0,c0cc3cb80752c8cae8a567aa7598d4aa.param,1.0,0.0,0.0,47.763999999999996,506016928.0,c827d2797ba0f79794c2ea99edacc717,162454.0,1.0,0.0,7.649,7-42,88347.0,0.0,1248716.0,6204.0,4.717,19057.0,6204.0,-1.0,11192.0,0.0,731636.0,18763.0,506016928.0,28.0,2.004,6.721,0.63,1267775.0,False
300.0,c0cc3cb80752c8cae8a567aa7598d4aa.param,2.0,0.0,0.0,48.331,506016928.0,c827d2797ba0f79794c2ea99edacc717,162454.0,1.0,0.0,7.535,7-42,88347.0,0.0,1248716.0,6204.0,4.852,19057.0,6204.0,-1.0,11192.0,0.0,731636.0,18763.0,506016928.0,28.0,1.98,6.8320000000000025,0.63,1267775.0,False
300.0,62e2738034d51eb1ca2518ead10bb1b8.param,0.0,0.0,0.0,16.479,270657042.0,341590442fe3560d1dc908d0bed9ceba,75655.0,1.0,0.0,3.804,7-42,32089.0,0.0,340073.0,5601.0,1.251,5644.0,5601.0,-1.0,6867.0,0.0,560271.0,5425.0,270657042.0,24.0,2.331,3.582,0.28,345719.0,False
300.0,62e2738034d51eb1ca2518ead10bb1b8.param,1.0,0.0,0.0,15.045,270657042.0,341590442fe3560d1dc908d0bed9ceba,75655.0,1.0,0.0,4.329,7-42,32089.0,0.0,340073.0,5601.0,1.442,5644.0,5601.0,-1.0,6867.0,0.0,560271.0,5425.0,270657042.0,24.0,2.603,4.045,0.28,345719.0,False
300.0,62e2738034d51eb1ca2518ead10bb1b8.param,2.0,0.0,0.0,14.157,270657042.0,341590442fe3560d1dc908d0bed9ceba,75655.0,1.0,0.0,3.7239999999999998,7-42,32089.0,0.0,340073.0,5601.0,1.242,5644.0,5601.0,-1.0,6867.0,0.0,560271.0,5425.0,270657042.0,24.0,2.269,3.511,0.28,345719.0,False
300.0,876c6467204e8ca8aabecbfbd3b45139.param,0.0,0.0,0.0,61.786,1257636424.0,b62ec8c1d930baed110380e4531cc372,207496.0,1.0,0.0,12.747,7-42,58054.0,0.0,1512737.0,6281.0,5.841,22573.0,6281.0,-1.0,20295.0,0.0,1210736.0,22192.0,1257636424.0,28.0,6.021,11.862,1.41,1535312.0,False
300.0,876c6467204e8ca8aabecbfbd3b45139.param,1.0,0.0,0.0,58.463,1257636424.0,b62ec8c1d930baed110380e4531cc372,207496.0,1.0,0.0,13.255,7-42,58054.0,0.0,1512737.0,6281.0,5.768,22573.0,6281.0,-1.0,20295.0,0.0,1210736.0,22192.0,1257636424.0,28.0,6.341,12.109000000000002,1.41,1535312.0,False
300.0,876c6467204e8ca8aabecbfbd3b45139.param,2.0,0.0,0.0,61.479,1257636424.0,b62ec8c1d930baed110380e4531cc372,207496.0,1.0,0.0,13.335,7-42,58054.0,0.0,1512737.0,6281.0,6.035,22573.0,6281.0,-1.0,20295.0,0.0,1210736.0,22192.0,1257636424.0,28.0,6.1370000000000005,12.172,1.41,1535312.0,False
300.0,8fafcc4984fc93de8a9182509b2a0a65.param,0.0,0.0,0.0,65.755,1057470620.0,fab6e89a932f20da4729ac1916d8515a,242331.0,1.0,0.0,18.979,7-42,41131.0,0.0,1677915.0,11344.0,6.5429999999999975,21034.0,11344.0,-1.0,25027.0,0.0,1638389.0,20653.0,1057470620.0,41.0,11.489,18.032,0.94,1698951.0,False
300.0,8fafcc4984fc93de8a9182509b2a0a65.param,1.0,0.0,0.0,65.612,1057470620.0,fab6e89a932f20da4729ac1916d8515a,242331.0,1.0,0.0,19.054000000000002,7-42,41131.0,0.0,1677915.0,11344.0,6.702000000000001,21034.0,11344.0,-1.0,25027.0,0.0,1638389.0,20653.0,1057470620.0,41.0,11.449000000000002,18.151,0.94,1698951.0,False
300.0,8fafcc4984fc93de8a9182509b2a0a65.param,2.0,0.0,0.0,65.274,1057470620.0,fab6e89a932f20da4729ac1916d8515a,242331.0,1.0,0.0,19.173,7-42,41131.0,0.0,1677915.0,11344.0,6.745,21034.0,11344.0,-1.0,25027.0,0.0,1638389.0,20653.0,1057470620.0,41.0,11.494000000000002,18.239,0.94,1698951.0,False
300.0,c1fde8776f334c859cdb281cb0bed488.param,0.0,0.0,0.0,14.104000000000001,506016928.0,22f3ce4d5d6d2281c7abf04337064a99,41945.0,1.0,0.0,2.133,7-42,23824.0,0.0,315086.0,4121.0,1.156,5730.0,4121.0,-1.0,4633.0,0.0,406137.0,5481.0,506016928.0,17.0,0.7809999999999999,1.9369999999999998,0.28,320818.0,False
300.0,c1fde8776f334c859cdb281cb0bed488.param,1.0,0.0,0.0,13.578,506016928.0,22f3ce4d5d6d2281c7abf04337064a99,41945.0,1.0,0.0,2.186,7-42,23824.0,0.0,315086.0,4121.0,1.162,5730.0,4121.0,-1.0,4633.0,0.0,406137.0,5481.0,506016928.0,17.0,0.8140000000000001,1.976,0.28,320818.0,False
300.0,c1fde8776f334c859cdb281cb0bed488.param,2.0,0.0,0.0,14.708,506016928.0,22f3ce4d5d6d2281c7abf04337064a99,41945.0,1.0,0.0,2.167,7-42,23824.0,0.0,315086.0,4121.0,1.169,5730.0,4121.0,-1.0,4633.0,0.0,406137.0,5481.0,506016928.0,17.0,0.7829999999999999,1.952,0.28,320818.0,False
300.0,73a51090daaf16aa8d614ff285bfb6e4.param,0.0,0.0,0.0,75.03699999999998,221638566.0,7673a5f415760f45e4dfcf0e9d6071e8,1976613.0,1.0,0.0,44.597,7-42,1754958.0,0.0,1904519.0,6317.0,7.614,28102.0,6317.0,-1.0,25710.0,0.0,5571629.0,27736.0,221638566.0,29.0,35.777,43.39100000000001,0.94,1932623.0,False
300.0,73a51090daaf16aa8d614ff285bfb6e4.param,1.0,0.0,0.0,76.508,221638566.0,7673a5f415760f45e4dfcf0e9d6071e8,1976613.0,1.0,0.0,43.402,7-42,1754958.0,0.0,1904519.0,6317.0,7.396,28102.0,6317.0,-1.0,25710.0,0.0,5571629.0,27736.0,221638566.0,29.0,34.545,41.941,0.94,1932623.0,False
300.0,73a51090daaf16aa8d614ff285bfb6e4.param,2.0,0.0,0.0,79.676,221638566.0,7673a5f415760f45e4dfcf0e9d6071e8,1976613.0,1.0,0.0,45.746,7-42,1754958.0,0.0,1904519.0,6317.0,7.816,28102.0,6317.0,-1.0,25710.0,0.0,5571629.0,27736.0,221638566.0,29.0,36.723,44.538999999999994,0.94,1932623.0,False
300.0,10049dd55bf99f7dbc88dc007745262f.param,0.0,0.0,0.0,11.187999999999999,254168822.0,b3425ccc7029be3b163fc05e681f91df,69332.0,1.0,0.0,4.052,7-42,20198.0,0.0,255422.0,5683.0,0.948,3901.0,5683.0,-1.0,7340.0,0.0,591840.0,3661.0,254168822.0,24.0,2.9210000000000003,3.8689999999999998,0.28,259325.0,False
300.0,10049dd55bf99f7dbc88dc007745262f.param,1.0,0.0,0.0,11.537,254168822.0,b3425ccc7029be3b163fc05e681f91df,69332.0,1.0,0.0,3.824,7-42,20198.0,0.0,255422.0,5683.0,0.937,3901.0,5683.0,-1.0,7340.0,0.0,591840.0,3661.0,254168822.0,24.0,2.715,3.6519999999999997,0.28,259325.0,False
300.0,10049dd55bf99f7dbc88dc007745262f.param,2.0,0.0,0.0,11.052999999999999,254168822.0,b3425ccc7029be3b163fc05e681f91df,69332.0,1.0,0.0,3.867,7-42,20198.0,0.0,255422.0,5683.0,0.9990000000000001,3901.0,5683.0,-1.0,7340.0,0.0,591840.0,3661.0,254168822.0,24.0,2.682,3.681,0.28,259325.0,False
300.0,f2209196093db16c0e1ccffc86fe7af3.param,0.0,0.0,0.0,45.36600000000001,1242281828.0,7bbee32fd8be430a6cf55e1acc1ce8e9,45974.0,1.0,0.0,7.847,7-42,5357.0,0.0,1191805.0,4634.0,4.65,20804.0,4634.0,-1.0,10472.0,0.0,998172.0,20588.0,1242281828.0,20.0,2.54,7.19,0.94,1212611.0,False
300.0,f2209196093db16c0e1ccffc86fe7af3.param,1.0,0.0,0.0,48.794,1242281828.0,7bbee32fd8be430a6cf55e1acc1ce8e9,45974.0,1.0,0.0,7.735,7-42,5357.0,0.0,1191805.0,4634.0,4.5569999999999995,20804.0,4634.0,-1.0,10472.0,0.0,998172.0,20588.0,1242281828.0,20.0,2.5269999999999997,7.084,0.94,1212611.0,False
300.0,f2209196093db16c0e1ccffc86fe7af3.param,2.0,0.0,0.0,47.473,1242281828.0,7bbee32fd8be430a6cf55e1acc1ce8e9,45974.0,1.0,0.0,7.651,7-42,5357.0,0.0,1191805.0,4634.0,4.545,20804.0,4634.0,-1.0,10472.0,0.0,998172.0,20588.0,1242281828.0,20.0,2.454,6.999,0.94,1212611.0,False
300.0,f019c54ca541e1449e1424c6aa46d35e.param,0.0,0.0,0.0,5.577000000000001,95956545.0,918eed23036b39efcb85ed3701fa3259,68016.0,1.0,0.0,2.91,16-50,22991.0,0.0,113315.0,6283.0,0.44,1168.0,6283.0,-1.0,7418.0,0.0,931067.0,1162.0,95956545.0,28.0,2.369,2.8089999999999997,0.28,114485.0,False
300.0,f019c54ca541e1449e1424c6aa46d35e.param,1.0,0.0,0.0,5.3839999999999995,95956545.0,918eed23036b39efcb85ed3701fa3259,68016.0,1.0,0.0,3.031,16-50,22991.0,0.0,113315.0,6283.0,0.428,1168.0,6283.0,-1.0,7418.0,0.0,931067.0,1162.0,95956545.0,28.0,2.478,2.906,0.28,114485.0,False
300.0,f019c54ca541e1449e1424c6aa46d35e.param,2.0,0.0,0.0,5.386,95956545.0,918eed23036b39efcb85ed3701fa3259,68016.0,1.0,0.0,2.989,16-50,22991.0,0.0,113315.0,6283.0,0.41600000000000004,1168.0,6283.0,-1.0,7418.0,0.0,931067.0,1162.0,95956545.0,28.0,2.475,2.891,0.28,114485.0,False
300.0,222abd76a7db47e3d5cbf580e108b101.param,0.0,0.0,0.0,49.24100000000001,1802391418.0,b9e57ecc037e7e55cb3be231fc369714,89035.0,1.0,0.0,9.574,7-42,39145.0,0.0,1326439.0,6237.0,5.129,20011.0,6237.0,-1.0,10564.0,0.0,1329882.0,19756.0,1802391418.0,28.0,3.62,8.749,0.63,1346452.0,False
300.0,222abd76a7db47e3d5cbf580e108b101.param,1.0,0.0,0.0,50.891999999999996,1802391418.0,b9e57ecc037e7e55cb3be231fc369714,89035.0,1.0,0.0,9.134,7-42,39145.0,0.0,1326439.0,6237.0,5.091,20011.0,6237.0,-1.0,10564.0,0.0,1329882.0,19756.0,1802391418.0,28.0,3.32,8.411,0.63,1346452.0,False
300.0,222abd76a7db47e3d5cbf580e108b101.param,2.0,0.0,0.0,51.746,1802391418.0,b9e57ecc037e7e55cb3be231fc369714,89035.0,1.0,0.0,9.101,7-42,39145.0,0.0,1326439.0,6237.0,5.09,20011.0,6237.0,-1.0,10564.0,0.0,1329882.0,19756.0,1802391418.0,28.0,3.3,8.39,0.63,1346452.0,False
300.0,94211d2a9b412d1df1f93eb8fa322afa.param,0.0,0.0,0.0,14.167,270657042.0,6bb176a04d48679bb156ac4c84314ede,95828.0,0.0,0.0,3.341,16-50,52457.0,0.0,294612.0,4893.0,1.113,3301.0,4893.0,-1.0,8488.0,0.0,564407.0,4088.0,270657042.0,22.0,2.037,3.15,0.63,297915.0,False
300.0,94211d2a9b412d1df1f93eb8fa322afa.param,1.0,0.0,0.0,13.029000000000002,270657042.0,6bb176a04d48679bb156ac4c84314ede,95828.0,0.0,0.0,3.3480000000000003,16-50,52457.0,0.0,294612.0,4893.0,1.101,3301.0,4893.0,-1.0,8488.0,0.0,564407.0,4088.0,270657042.0,22.0,2.076,3.177,0.63,297915.0,False
300.0,94211d2a9b412d1df1f93eb8fa322afa.param,2.0,0.0,0.0,12.944,270657042.0,6bb176a04d48679bb156ac4c84314ede,95828.0,0.0,0.0,3.2969999999999997,16-50,52457.0,0.0,294612.0,4893.0,1.101,3301.0,4893.0,-1.0,8488.0,0.0,564407.0,4088.0,270657042.0,22.0,2.021,3.122,0.63,297915.0,False
300.0,fc2d899db36a3003ebbcd92cad9223b0.param,0.0,0.0,0.0,26.993000000000002,1923385776.0,2781eb76d0892d3fc1ccd9cef96e5d33,70541.0,1.0,0.0,5.846,7-42,18133.0,0.0,622025.0,6242.0,2.39,9179.0,6242.0,-1.0,6016.0,0.0,1052139.0,8918.0,1923385776.0,28.0,3.093,5.483,0.42,631206.0,False
300.0,fc2d899db36a3003ebbcd92cad9223b0.param,1.0,0.0,0.0,27.979,1923385776.0,2781eb76d0892d3fc1ccd9cef96e5d33,70541.0,1.0,0.0,5.731,7-42,18133.0,0.0,622025.0,6242.0,2.3080000000000003,9179.0,6242.0,-1.0,6016.0,0.0,1052139.0,8918.0,1923385776.0,28.0,3.074,5.3820000000000014,0.42,631206.0,False
300.0,fc2d899db36a3003ebbcd92cad9223b0.param,2.0,0.0,0.0,25.475,1923385776.0,2781eb76d0892d3fc1ccd9cef96e5d33,70541.0,1.0,0.0,5.742000000000001,7-42,18133.0,0.0,622025.0,6242.0,2.404,9179.0,6242.0,-1.0,6016.0,0.0,1052139.0,8918.0,1923385776.0,28.0,3.0060000000000002,5.41,0.42,631206.0,False
300.0,f0b6a6311818b4dd8f5227b40762bd4a.param,0.0,0.0,0.0,34.125,1057470620.0,538bae02b17006cb3d96a4f29c494578,61525.0,1.0,0.0,6.184,7-42,6965.0,0.0,796037.0,4730.0,3.031,13548.0,4730.0,-1.0,10622.0,0.0,886487.0,13224.0,1057470620.0,21.0,2.699,5.73,0.63,809587.0,False
300.0,f0b6a6311818b4dd8f5227b40762bd4a.param,1.0,0.0,0.0,31.241999999999997,1057470620.0,538bae02b17006cb3d96a4f29c494578,61525.0,1.0,0.0,6.126,7-42,6965.0,0.0,796037.0,4730.0,2.972,13548.0,4730.0,-1.0,10622.0,0.0,886487.0,13224.0,1057470620.0,21.0,2.7239999999999998,5.6960000000000015,0.63,809587.0,False
300.0,f0b6a6311818b4dd8f5227b40762bd4a.param,2.0,0.0,0.0,32.766,1057470620.0,538bae02b17006cb3d96a4f29c494578,61525.0,1.0,0.0,6.465,7-42,6965.0,0.0,796037.0,4730.0,3.13,13548.0,4730.0,-1.0,10622.0,0.0,886487.0,13224.0,1057470620.0,21.0,2.8739999999999997,6.004,0.63,809587.0,False
300.0,d52ad8a9dee13cb147c0b0d6d29d8a1a.param,0.0,0.0,0.0,17.075,1257636424.0,efb37df96cd2dd8c210d3cd357fbedd6,20578.0,0.0,0.0,1.906,16-50,16890.0,0.0,342348.0,1886.0,1.281,3877.0,1886.0,-1.0,2464.0,0.0,386445.0,4808.0,1257636424.0,10.0,0.408,1.689,0.94,346227.0,False
300.0,d52ad8a9dee13cb147c0b0d6d29d8a1a.param,1.0,0.0,0.0,16.53,1257636424.0,efb37df96cd2dd8c210d3cd357fbedd6,20578.0,0.0,0.0,1.9140000000000001,16-50,16890.0,0.0,342348.0,1886.0,1.29,3877.0,1886.0,-1.0,2464.0,0.0,386445.0,4808.0,1257636424.0,10.0,0.41200000000000003,1.702,0.94,346227.0,False
300.0,d52ad8a9dee13cb147c0b0d6d29d8a1a.param,2.0,0.0,0.0,16.364,1257636424.0,efb37df96cd2dd8c210d3cd357fbedd6,20578.0,0.0,0.0,1.921,16-50,16890.0,0.0,342348.0,1886.0,1.3130000000000002,3877.0,1886.0,-1.0,2464.0,0.0,386445.0,4808.0,1257636424.0,10.0,0.397,1.71,0.94,346227.0,False
300.0,867c000858982af2c7444466a304af04.param,0.0,0.0,0.0,51.3,1057470620.0,588491bed9a0b39f779b17dc06e158dd,103432.0,1.0,0.0,11.752,7-42,14157.0,0.0,1255165.0,4795.0,4.814,20826.0,4795.0,-1.0,19069.0,0.0,1224624.0,20511.0,1057470620.0,21.0,6.233,11.047,0.63,1275993.0,False
300.0,867c000858982af2c7444466a304af04.param,1.0,0.0,0.0,49.434,1057470620.0,588491bed9a0b39f779b17dc06e158dd,103432.0,1.0,0.0,11.762,7-42,14157.0,0.0,1255165.0,4795.0,4.771,20826.0,4795.0,-1.0,19069.0,0.0,1224624.0,20511.0,1057470620.0,21.0,6.284,11.055,0.63,1275993.0,False
300.0,867c000858982af2c7444466a304af04.param,2.0,0.0,0.0,50.506,1057470620.0,588491bed9a0b39f779b17dc06e158dd,103432.0,1.0,0.0,11.862,7-42,14157.0,0.0,1255165.0,4795.0,4.795,20826.0,4795.0,-1.0,19069.0,0.0,1224624.0,20511.0,1057470620.0,21.0,6.352,11.147,0.63,1275993.0,False
300.0,85b90a483e5d2ab64757532083d99628.param,0.0,0.0,0.0,59.99100000000001,1083416308.0,228378e1274e7bdde48a912244001a25,85687.0,1.0,0.0,14.228,7-42,27655.0,0.0,1591066.0,9650.0,6.112,21785.0,9650.0,-1.0,10712.0,0.0,1054448.0,21497.0,1083416308.0,32.0,6.961,13.073,0.94,1612853.0,False
300.0,85b90a483e5d2ab64757532083d99628.param,1.0,0.0,0.0,59.56100000000001,1083416308.0,228378e1274e7bdde48a912244001a25,85687.0,1.0,0.0,13.869000000000002,7-42,27655.0,0.0,1591066.0,9650.0,6.091,21785.0,9650.0,-1.0,10712.0,0.0,1054448.0,21497.0,1083416308.0,32.0,6.903,12.994000000000002,0.94,1612853.0,False
300.0,85b90a483e5d2ab64757532083d99628.param,2.0,0.0,0.0,61.089,1083416308.0,228378e1274e7bdde48a912244001a25,85687.0,1.0,0.0,14.125,7-42,27655.0,0.0,1591066.0,9650.0,6.0829999999999975,21785.0,9650.0,-1.0,10712.0,0.0,1054448.0,21497.0,1083416308.0,32.0,6.903,12.985999999999999,0.94,1612853.0,False
300.0,d62c2a52625c21dd4bc4370bcd02db43.param,0.0,0.0,0.0,47.22,554543104.0,ba4e3b8ae40ec22f32fb047dfd8c4348,142394.0,1.0,0.0,16.105,7-42,32887.0,0.0,1129568.0,11248.0,4.457,14293.0,11248.0,-1.0,13419.0,0.0,1055545.0,13999.0,554543104.0,40.0,10.798,15.255,0.63,1143863.0,False
300.0,d62c2a52625c21dd4bc4370bcd02db43.param,1.0,0.0,0.0,46.986999999999995,554543104.0,ba4e3b8ae40ec22f32fb047dfd8c4348,142394.0,1.0,0.0,15.708,7-42,32887.0,0.0,1129568.0,11248.0,4.388,14293.0,11248.0,-1.0,13419.0,0.0,1055545.0,13999.0,554543104.0,40.0,10.687999999999999,15.075999999999999,0.63,1143863.0,False
300.0,d62c2a52625c21dd4bc4370bcd02db43.param,2.0,0.0,0.0,43.403999999999996,554543104.0,ba4e3b8ae40ec22f32fb047dfd8c4348,142394.0,1.0,0.0,15.446,7-42,32887.0,0.0,1129568.0,11248.0,4.2780000000000005,14293.0,11248.0,-1.0,13419.0,0.0,1055545.0,13999.0,554543104.0,40.0,10.317,14.595,0.63,1143863.0,False
300.0,a2bb37bd1970b7fe11a8b59cb1f3a6f3.param,0.0,0.0,0.0,38.635999999999996,1139903203.0,801475642301f924e677dd17dbee41ad,142438.0,0.0,0.0,10.918,16-50,61300.0,0.0,887283.0,10266.0,3.4219999999999997,8759.0,10266.0,-1.0,8176.0,0.0,1282186.0,11276.0,1139903203.0,36.0,7.034,10.456,1.41,896044.0,False
300.0,a2bb37bd1970b7fe11a8b59cb1f3a6f3.param,1.0,0.0,0.0,35.878,1139903203.0,801475642301f924e677dd17dbee41ad,142438.0,0.0,0.0,10.849,16-50,61300.0,0.0,887283.0,10266.0,3.3510000000000004,8759.0,10266.0,-1.0,8176.0,0.0,1282186.0,11276.0,1139903203.0,36.0,7.025,10.376,1.41,896044.0,False
300.0,a2bb37bd1970b7fe11a8b59cb1f3a6f3.param,2.0,0.0,0.0,35.551,1139903203.0,801475642301f924e677dd17dbee41ad,142438.0,0.0,0.0,10.905999999999999,16-50,61300.0,0.0,887283.0,10266.0,3.3739999999999997,8759.0,10266.0,-1.0,8176.0,0.0,1282186.0,11276.0,1139903203.0,36.0,7.045,10.419,1.41,896044.0,False
300.0,d0bc402d6d4e2f421314981899e705da.param,0.0,0.0,0.0,58.375,1057470620.0,14b8a039e298837627e1777601e3f4f2,258961.0,1.0,0.0,31.416999999999998,7-42,63234.0,0.0,1488137.0,9642.0,5.756,21251.0,9642.0,-1.0,25042.0,0.0,936275.0,20936.0,1057470620.0,32.0,24.554000000000002,30.31,0.94,1509390.0,False
300.0,d0bc402d6d4e2f421314981899e705da.param,1.0,0.0,0.0,59.907,1057470620.0,14b8a039e298837627e1777601e3f4f2,258961.0,1.0,0.0,30.386,7-42,63234.0,0.0,1488137.0,9642.0,5.803999999999999,21251.0,9642.0,-1.0,25042.0,0.0,936275.0,20936.0,1057470620.0,32.0,23.746,29.55,0.94,1509390.0,False
300.0,d0bc402d6d4e2f421314981899e705da.param,2.0,0.0,0.0,60.541000000000004,1057470620.0,14b8a039e298837627e1777601e3f4f2,258961.0,1.0,0.0,31.114,7-42,63234.0,0.0,1488137.0,9642.0,5.9979999999999976,21251.0,9642.0,-1.0,25042.0,0.0,936275.0,20936.0,1057470620.0,32.0,24.116,30.114,0.94,1509390.0,False
300.0,b24ff19d000a151b6659a6c65e6c35c6.param,0.0,0.0,0.0,39.266,590654055.0,981baef65fe8b06e219d79e2cd618548,35401.0,0.0,0.0,4.684,16-50,25417.0,0.0,916461.0,2018.0,3.58,9413.0,2018.0,-1.0,6122.0,0.0,453703.0,12099.0,590654055.0,11.0,0.626,4.206,1.41,925876.0,False
300.0,b24ff19d000a151b6659a6c65e6c35c6.param,1.0,0.0,0.0,38.119,590654055.0,981baef65fe8b06e219d79e2cd618548,35401.0,0.0,0.0,4.5489999999999995,16-50,25417.0,0.0,916461.0,2018.0,3.46,9413.0,2018.0,-1.0,6122.0,0.0,453703.0,12099.0,590654055.0,11.0,0.627,4.087,1.41,925876.0,False
300.0,b24ff19d000a151b6659a6c65e6c35c6.param,2.0,0.0,0.0,40.395,590654055.0,981baef65fe8b06e219d79e2cd618548,35401.0,0.0,0.0,4.664,16-50,25417.0,0.0,916461.0,2018.0,3.468,9413.0,2018.0,-1.0,6122.0,0.0,453703.0,12099.0,590654055.0,11.0,0.723,4.191,1.41,925876.0,False
300.0,b6b46bc646920ea1298e9f12b19fab10.param,0.0,0.0,0.0,48.355,254168822.0,2226a8952c23e16c84236bb8fd307f61,59943.0,1.0,0.0,6.973,7-42,13771.0,0.0,1192842.0,5781.0,4.5089999999999995,18201.0,5781.0,-1.0,8988.0,0.0,672659.0,17961.0,254168822.0,25.0,1.825,6.334,0.63,1211045.0,False
300.0,b6b46bc646920ea1298e9f12b19fab10.param,1.0,0.0,0.0,45.416000000000004,254168822.0,2226a8952c23e16c84236bb8fd307f61,59943.0,1.0,0.0,7.0820000000000025,7-42,13771.0,0.0,1192842.0,5781.0,4.553,18201.0,5781.0,-1.0,8988.0,0.0,672659.0,17961.0,254168822.0,25.0,1.864,6.4170000000000025,0.63,1211045.0,False
300.0,b6b46bc646920ea1298e9f12b19fab10.param,2.0,0.0,0.0,46.099,254168822.0,2226a8952c23e16c84236bb8fd307f61,59943.0,1.0,0.0,7.702000000000001,7-42,13771.0,0.0,1192842.0,5781.0,4.587,18201.0,5781.0,-1.0,8988.0,0.0,672659.0,17961.0,254168822.0,25.0,2.224,6.811,0.63,1211045.0,False
300.0,44fed91bbf02c3af539328e6662bf914.param,0.0,0.0,0.0,47.4,95956545.0,d78f6eea2a3669b1319ec741c395e41f,89258.0,1.0,0.0,8.69,7-42,23956.0,0.0,1169035.0,6240.0,4.461,17641.0,6240.0,-1.0,11596.0,0.0,1166892.0,17314.0,95956545.0,28.0,3.5669999999999997,8.027999999999999,0.63,1186678.0,False
300.0,44fed91bbf02c3af539328e6662bf914.param,1.0,0.0,0.0,45.22,95956545.0,d78f6eea2a3669b1319ec741c395e41f,89258.0,1.0,0.0,8.948,7-42,23956.0,0.0,1169035.0,6240.0,4.532,17641.0,6240.0,-1.0,11596.0,0.0,1166892.0,17314.0,95956545.0,28.0,3.721,8.253,0.63,1186678.0,False
300.0,44fed91bbf02c3af539328e6662bf914.param,2.0,0.0,0.0,45.053999999999995,95956545.0,d78f6eea2a3669b1319ec741c395e41f,89258.0,1.0,0.0,9.722000000000001,7-42,23956.0,0.0,1169035.0,6240.0,4.592,17641.0,6240.0,-1.0,11596.0,0.0,1166892.0,17314.0,95956545.0,28.0,4.262,8.854,0.63,1186678.0,False
300.0,8b3ad6188dc92a4335827c8e01628c0f.param,0.0,0.0,0.0,34.544000000000004,182366586.0,2379cecab7031e668ae5078936b4a6b8,70896.0,0.0,0.0,6.562,16-50,29995.0,0.0,799038.0,4722.0,3.1489999999999996,10609.0,4722.0,-1.0,6937.0,0.0,992759.0,13754.0,182366586.0,21.0,2.984,6.132999999999999,1.41,809649.0,False
300.0,8b3ad6188dc92a4335827c8e01628c0f.param,1.0,0.0,0.0,35.343,182366586.0,2379cecab7031e668ae5078936b4a6b8,70896.0,0.0,0.0,7.402,16-50,29995.0,0.0,799038.0,4722.0,3.13,10609.0,4722.0,-1.0,6937.0,0.0,992759.0,13754.0,182366586.0,21.0,3.699,6.829,1.41,809649.0,False
300.0,8b3ad6188dc92a4335827c8e01628c0f.param,2.0,0.0,0.0,34.714,182366586.0,2379cecab7031e668ae5078936b4a6b8,70896.0,0.0,0.0,7.405,16-50,29995.0,0.0,799038.0,4722.0,3.3369999999999997,10609.0,4722.0,-1.0,6937.0,0.0,992759.0,13754.0,182366586.0,21.0,3.508,6.845,1.41,809649.0,False
300.0,fece5a92f820b73659733b9639b82885.param,0.0,0.0,0.0,19.612000000000002,1242281828.0,e3e7aac658c571eb38f999fbbcf6025b,57944.0,0.0,0.0,2.519,16-50,33337.0,0.0,393788.0,2602.0,1.464,4131.0,2602.0,-1.0,7434.0,0.0,671553.0,5064.0,1242281828.0,14.0,0.847,2.311,0.94,397921.0,False
300.0,fece5a92f820b73659733b9639b82885.param,1.0,0.0,0.0,18.413,1242281828.0,e3e7aac658c571eb38f999fbbcf6025b,57944.0,0.0,0.0,2.5469999999999997,16-50,33337.0,0.0,393788.0,2602.0,1.472,4131.0,2602.0,-1.0,7434.0,0.0,671553.0,5064.0,1242281828.0,14.0,0.857,2.329,0.94,397921.0,False
300.0,fece5a92f820b73659733b9639b82885.param,2.0,0.0,0.0,17.825,1242281828.0,e3e7aac658c571eb38f999fbbcf6025b,57944.0,0.0,0.0,2.625,16-50,33337.0,0.0,393788.0,2602.0,1.499,4131.0,2602.0,-1.0,7434.0,0.0,671553.0,5064.0,1242281828.0,14.0,0.892,2.391,0.94,397921.0,False
300.0,5fef6050cdd12ec4963b342a00b8769f.param,0.0,0.0,0.0,52.033,335975281.0,7ae4a32ac93cc5c84262c47f88baeab1,247158.0,0.0,0.0,13.189,16-50,168849.0,0.0,1263498.0,6048.0,5.171,13989.0,6048.0,-1.0,13630.0,0.0,1399280.0,18198.0,335975281.0,27.0,7.3320000000000025,12.503,2.11,1277489.0,False
300.0,5fef6050cdd12ec4963b342a00b8769f.param,1.0,0.0,0.0,52.3,335975281.0,7ae4a32ac93cc5c84262c47f88baeab1,247158.0,0.0,0.0,11.825,16-50,168849.0,0.0,1263498.0,6048.0,4.788,13989.0,6048.0,-1.0,13630.0,0.0,1399280.0,18198.0,335975281.0,27.0,6.391,11.179,2.11,1277489.0,False
300.0,5fef6050cdd12ec4963b342a00b8769f.param,2.0,0.0,0.0,50.622,335975281.0,7ae4a32ac93cc5c84262c47f88baeab1,247158.0,0.0,0.0,11.835999999999999,16-50,168849.0,0.0,1263498.0,6048.0,4.793,13989.0,6048.0,-1.0,13630.0,0.0,1399280.0,18198.0,335975281.0,27.0,6.401,11.194,2.11,1277489.0,False
300.0,f77193d98d97a8df35aba3d3d50b907e.param,0.0,0.0,0.0,35.957,646920589.0,fb208c2c9d564652a991720380c7086e,20902.0,0.0,0.0,3.7769999999999997,16-50,13685.0,0.0,801689.0,1307.0,2.987,9621.0,1307.0,-1.0,6280.0,0.0,217415.0,12438.0,646920589.0,7.0,0.38,3.367,1.41,811312.0,False
300.0,f77193d98d97a8df35aba3d3d50b907e.param,1.0,0.0,0.0,34.257,646920589.0,fb208c2c9d564652a991720380c7086e,20902.0,0.0,0.0,3.838,16-50,13685.0,0.0,801689.0,1307.0,3.014,9621.0,1307.0,-1.0,6280.0,0.0,217415.0,12438.0,646920589.0,7.0,0.396,3.41,1.41,811312.0,False
300.0,f77193d98d97a8df35aba3d3d50b907e.param,2.0,0.0,0.0,32.184,646920589.0,fb208c2c9d564652a991720380c7086e,20902.0,0.0,0.0,3.923,16-50,13685.0,0.0,801689.0,1307.0,3.043,9621.0,1307.0,-1.0,6280.0,0.0,217415.0,12438.0,646920589.0,7.0,0.431,3.4739999999999998,1.41,811312.0,False
300.0,b7c1926b06d5191f5f23b3654f7eea8a.param,0.0,0.0,0.0,29.805999999999997,1883039101.0,75d01152043ac9ee54409e2f80663ad3,22000.0,0.0,0.0,3.647,16-50,20879.0,0.0,719505.0,513.0,2.72,10683.0,513.0,-1.0,6986.0,0.0,146469.0,13852.0,1883039101.0,3.0,0.42,3.14,1.41,730190.0,False
300.0,b7c1926b06d5191f5f23b3654f7eea8a.param,1.0,0.0,0.0,31.588,1883039101.0,75d01152043ac9ee54409e2f80663ad3,22000.0,0.0,0.0,3.404,16-50,20879.0,0.0,719505.0,513.0,2.6830000000000003,10683.0,513.0,-1.0,6986.0,0.0,146469.0,13852.0,1883039101.0,3.0,0.32299999999999995,3.0060000000000002,1.41,730190.0,False
300.0,b7c1926b06d5191f5f23b3654f7eea8a.param,2.0,0.0,0.0,31.229,1883039101.0,75d01152043ac9ee54409e2f80663ad3,22000.0,0.0,0.0,3.505,16-50,20879.0,0.0,719505.0,513.0,2.81,10683.0,513.0,-1.0,6986.0,0.0,146469.0,13852.0,1883039101.0,3.0,0.32299999999999995,3.133,1.41,730190.0,False
300.0,3df40218b019eea866b53a1349c0d0e2.param,0.0,0.0,0.0,16.558,1145031130.0,4425aaccb0a045e528c4334d23a5c012,819.0,0.0,0.0,0.299,16-50,603.0,0.0,26250.0,202.0,0.213,679.0,202.0,-1.0,54.0,0.0,15014.0,776.0,1145031130.0,1.0,0.031,0.244,0.02,26931.0,False
300.0,3df40218b019eea866b53a1349c0d0e2.param,1.0,0.0,0.0,17.180999999999994,1145031130.0,4425aaccb0a045e528c4334d23a5c012,819.0,0.0,0.0,0.294,16-50,603.0,0.0,26250.0,202.0,0.215,679.0,202.0,-1.0,54.0,0.0,15014.0,776.0,1145031130.0,1.0,0.031,0.24600000000000002,0.02,26931.0,False
300.0,3df40218b019eea866b53a1349c0d0e2.param,2.0,0.0,0.0,17.807000000000006,1145031130.0,4425aaccb0a045e528c4334d23a5c012,819.0,0.0,0.0,0.302,16-50,603.0,0.0,26250.0,202.0,0.214,679.0,202.0,-1.0,54.0,0.0,15014.0,776.0,1145031130.0,1.0,0.03,0.244,0.02,26931.0,False
300.0,a41351309b1ab4b5310538c23b8dec0e.param,0.0,0.0,0.0,64.836,1234135464.0,50fe0cd348084bf44a9bedad17d2f82c,31564.0,0.0,0.0,7.515,16-50,18721.0,0.0,1533612.0,1938.0,5.942,16081.0,1938.0,-1.0,10547.0,0.0,437078.0,20936.0,1234135464.0,10.0,0.8009999999999999,6.742999999999999,3.16,1549695.0,False
300.0,a41351309b1ab4b5310538c23b8dec0e.param,1.0,0.0,0.0,64.348,1234135464.0,50fe0cd348084bf44a9bedad17d2f82c,31564.0,0.0,0.0,7.548999999999999,16-50,18721.0,0.0,1533612.0,1938.0,5.907,16081.0,1938.0,-1.0,10547.0,0.0,437078.0,20936.0,1234135464.0,10.0,0.833,6.74,3.16,1549695.0,False
300.0,a41351309b1ab4b5310538c23b8dec0e.param,2.0,0.0,0.0,64.559,1234135464.0,50fe0cd348084bf44a9bedad17d2f82c,31564.0,0.0,0.0,7.659,16-50,18721.0,0.0,1533612.0,1938.0,6.021,16081.0,1938.0,-1.0,10547.0,0.0,437078.0,20936.0,1234135464.0,10.0,0.8440000000000001,6.865,3.16,1549695.0,False
300.0,ff29c8f9c07b239fedaec27dbf4ce49d.param,0.0,0.0,0.0,29.531,34754393.0,78c014ce22b2e743fb8a1f853a1ce33a,39255.0,0.0,0.0,4.273,16-50,18904.0,0.0,720945.0,2038.0,2.787,7721.0,2038.0,-1.0,6455.0,0.0,447951.0,9841.0,34754393.0,11.0,1.044,3.8310000000000004,1.41,728668.0,False
300.0,ff29c8f9c07b239fedaec27dbf4ce49d.param,1.0,0.0,0.0,29.991999999999997,34754393.0,78c014ce22b2e743fb8a1f853a1ce33a,39255.0,0.0,0.0,4.008,16-50,18904.0,0.0,720945.0,2038.0,2.725,7721.0,2038.0,-1.0,6455.0,0.0,447951.0,9841.0,34754393.0,11.0,0.902,3.627,1.41,728668.0,False
300.0,ff29c8f9c07b239fedaec27dbf4ce49d.param,2.0,0.0,0.0,32.162,34754393.0,78c014ce22b2e743fb8a1f853a1ce33a,39255.0,0.0,0.0,3.991,16-50,18904.0,0.0,720945.0,2038.0,2.733,7721.0,2038.0,-1.0,6455.0,0.0,447951.0,9841.0,34754393.0,11.0,0.8909999999999999,3.6239999999999997,1.41,728668.0,False
300.0,3202e56149cbd27d0de3bdbd879f81e3.param,0.0,0.0,0.0,13.979000000000001,83966730.0,29dbc85d8c38bc437573d885c578bff8,43601.0,0.0,0.0,2.325,16-50,30594.0,0.0,314636.0,4241.0,1.2309999999999999,3825.0,4241.0,-1.0,2906.0,0.0,388453.0,4808.0,83966730.0,18.0,0.8959999999999999,2.127,0.63,318463.0,False
300.0,3202e56149cbd27d0de3bdbd879f81e3.param,1.0,0.0,0.0,13.419,83966730.0,29dbc85d8c38bc437573d885c578bff8,43601.0,0.0,0.0,2.367,16-50,30594.0,0.0,314636.0,4241.0,1.2770000000000001,3825.0,4241.0,-1.0,2906.0,0.0,388453.0,4808.0,83966730.0,18.0,0.897,2.174,0.63,318463.0,False
300.0,3202e56149cbd27d0de3bdbd879f81e3.param,2.0,0.0,0.0,14.284,83966730.0,29dbc85d8c38bc437573d885c578bff8,43601.0,0.0,0.0,2.355,16-50,30594.0,0.0,314636.0,4241.0,1.232,3825.0,4241.0,-1.0,2906.0,0.0,388453.0,4808.0,83966730.0,18.0,0.9279999999999999,2.16,0.63,318463.0,False
300.0,ebfb38d0b486754d6704faf1ad393db8.param,0.0,0.0,0.0,24.364,1234135464.0,01ba121ed28f5479c67b2e4e29faa06d,60200.0,0.0,0.0,4.565,16-50,37735.0,0.0,532887.0,4318.0,2.021,5713.0,4318.0,-1.0,6963.0,0.0,444663.0,7274.0,1234135464.0,18.0,2.198,4.218999999999999,0.94,538602.0,False
300.0,ebfb38d0b486754d6704faf1ad393db8.param,1.0,0.0,0.0,23.698,1234135464.0,01ba121ed28f5479c67b2e4e29faa06d,60200.0,0.0,0.0,4.8,16-50,37735.0,0.0,532887.0,4318.0,2.113,5713.0,4318.0,-1.0,6963.0,0.0,444663.0,7274.0,1234135464.0,18.0,2.276,4.388999999999999,0.94,538602.0,False
300.0,ebfb38d0b486754d6704faf1ad393db8.param,2.0,0.0,0.0,25.796,1234135464.0,01ba121ed28f5479c67b2e4e29faa06d,60200.0,0.0,0.0,4.4510000000000005,16-50,37735.0,0.0,532887.0,4318.0,2.011,5713.0,4318.0,-1.0,6963.0,0.0,444663.0,7274.0,1234135464.0,18.0,2.153,4.164,0.94,538602.0,False
300.0,f96e501784f98c21890b02a2712e89bd.param,0.0,0.0,0.0,46.331,590654055.0,39a9bd32e98e3020f216d22f3d6019f0,19451.0,0.0,0.0,5.648,16-50,18877.0,0.0,1187445.0,406.0,4.54,13289.0,406.0,-1.0,8702.0,0.0,193280.0,17261.0,590654055.0,3.0,0.493,5.033,2.11,1200736.0,False
300.0,f96e501784f98c21890b02a2712e89bd.param,1.0,0.0,0.0,46.04,590654055.0,39a9bd32e98e3020f216d22f3d6019f0,19451.0,0.0,0.0,5.64,16-50,18877.0,0.0,1187445.0,406.0,4.57,13289.0,406.0,-1.0,8702.0,0.0,193280.0,17261.0,590654055.0,3.0,0.47700000000000004,5.047,2.11,1200736.0,False
300.0,f96e501784f98c21890b02a2712e89bd.param,2.0,0.0,0.0,51.45399999999999,590654055.0,39a9bd32e98e3020f216d22f3d6019f0,19451.0,0.0,0.0,5.7989999999999995,16-50,18877.0,0.0,1187445.0,406.0,4.65,13289.0,406.0,-1.0,8702.0,0.0,193280.0,17261.0,590654055.0,3.0,0.504,5.154,2.11,1200736.0,False
300.0,f48c0154c055dd2d9e427d94e5cc96fd.param,0.0,0.0,0.0,50.938,1098776393.0,c70cecefe877eeca816e4b375c28531e,20044.0,0.0,0.0,6.157,16-50,17901.0,0.0,1254271.0,1269.0,4.8610000000000015,12260.0,1269.0,-1.0,8022.0,0.0,309223.0,15903.0,1098776393.0,7.0,0.5579999999999999,5.419,2.11,1266533.0,False
300.0,f48c0154c055dd2d9e427d94e5cc96fd.param,1.0,0.0,0.0,53.753,1098776393.0,c70cecefe877eeca816e4b375c28531e,20044.0,0.0,0.0,6.294,16-50,17901.0,0.0,1254271.0,1269.0,4.867,12260.0,1269.0,-1.0,8022.0,0.0,309223.0,15903.0,1098776393.0,7.0,0.7120000000000001,5.579,2.11,1266533.0,False
300.0,f48c0154c055dd2d9e427d94e5cc96fd.param,2.0,0.0,0.0,48.292,1098776393.0,c70cecefe877eeca816e4b375c28531e,20044.0,0.0,0.0,6.021,16-50,17901.0,0.0,1254271.0,1269.0,4.803999999999999,12260.0,1269.0,-1.0,8022.0,0.0,309223.0,15903.0,1098776393.0,7.0,0.532,5.336,2.11,1266533.0,False
300.0,411eb8af67a987b6d330a3f7c487347c.param,0.0,0.0,0.0,14.357000000000001,1083416308.0,dbd1eb3c8f1ae11b22d1431892986163,46087.0,0.0,0.0,3.3169999999999997,16-50,12642.0,0.0,325959.0,4771.0,1.278,4217.0,4771.0,-1.0,5647.0,0.0,536845.0,5318.0,1083416308.0,21.0,1.824,3.102,0.63,330178.0,False
300.0,411eb8af67a987b6d330a3f7c487347c.param,1.0,0.0,0.0,14.276,1083416308.0,dbd1eb3c8f1ae11b22d1431892986163,46087.0,0.0,0.0,3.327,16-50,12642.0,0.0,325959.0,4771.0,1.249,4217.0,4771.0,-1.0,5647.0,0.0,536845.0,5318.0,1083416308.0,21.0,1.8459999999999999,3.095,0.63,330178.0,False
300.0,411eb8af67a987b6d330a3f7c487347c.param,2.0,0.0,0.0,14.367,1083416308.0,dbd1eb3c8f1ae11b22d1431892986163,46087.0,0.0,0.0,3.2560000000000002,16-50,12642.0,0.0,325959.0,4771.0,1.249,4217.0,4771.0,-1.0,5647.0,0.0,536845.0,5318.0,1083416308.0,21.0,1.81,3.0589999999999997,0.63,330178.0,False
300.0,f8df5f5150968e8beed02c87bc2ab666.param,0.0,0.0,0.0,60.29,1258716603.0,e7e77bb77ae7347fc94fdc053372d987,195803.0,0.0,0.0,9.646,16-50,184713.0,0.0,1407340.0,2493.0,5.523,15935.0,2493.0,-1.0,10542.0,0.0,1156823.0,20768.0,1258716603.0,14.0,3.3960000000000004,8.919,3.16,1423277.0,False
300.0,f8df5f5150968e8beed02c87bc2ab666.param,1.0,0.0,0.0,56.00899999999999,1258716603.0,e7e77bb77ae7347fc94fdc053372d987,195803.0,0.0,0.0,9.469,16-50,184713.0,0.0,1407340.0,2493.0,5.3870000000000005,15935.0,2493.0,-1.0,10542.0,0.0,1156823.0,20768.0,1258716603.0,14.0,3.335,8.722000000000001,3.16,1423277.0,False
300.0,f8df5f5150968e8beed02c87bc2ab666.param,2.0,0.0,0.0,59.15600000000001,1258716603.0,e7e77bb77ae7347fc94fdc053372d987,195803.0,0.0,0.0,10.135,16-50,184713.0,0.0,1407340.0,2493.0,5.402,15935.0,2493.0,-1.0,10542.0,0.0,1156823.0,20768.0,1258716603.0,14.0,3.7880000000000003,9.19,3.16,1423277.0,False
300.0,3c59340fb353a585970ae15583e52dc2.param,0.0,0.0,0.0,66.054,1923385776.0,760db84e24218b3ba94fe30047407a4e,74519.0,0.0,0.0,7.6560000000000015,16-50,66571.0,0.0,1573795.0,980.0,6.162999999999999,16865.0,980.0,-1.0,11072.0,0.0,395323.0,21993.0,1923385776.0,6.0,0.7120000000000001,6.875,3.16,1590662.0,False
300.0,3c59340fb353a585970ae15583e52dc2.param,1.0,0.0,0.0,62.794,1923385776.0,760db84e24218b3ba94fe30047407a4e,74519.0,0.0,0.0,7.468,16-50,66571.0,0.0,1573795.0,980.0,5.9910000000000005,16865.0,980.0,-1.0,11072.0,0.0,395323.0,21993.0,1923385776.0,6.0,0.69,6.681,3.16,1590662.0,False
300.0,3c59340fb353a585970ae15583e52dc2.param,2.0,0.0,0.0,63.645,1923385776.0,760db84e24218b3ba94fe30047407a4e,74519.0,0.0,0.0,7.49,16-50,66571.0,0.0,1573795.0,980.0,5.9879999999999995,16865.0,980.0,-1.0,11072.0,0.0,395323.0,21993.0,1923385776.0,6.0,0.7190000000000001,6.7070000000000025,3.16,1590662.0,False
300.0,be934c0585611c7f00126ccfde3651ad.param,0.0,0.0,0.0,62.79,590654055.0,5e0ca81c4122830e3aa90af28df6be04,28894.0,0.0,0.0,7.445,16-50,26816.0,0.0,1527438.0,1175.0,5.901,15523.0,1175.0,-1.0,10167.0,0.0,385786.0,20162.0,590654055.0,6.0,0.705,6.606,2.11,1542963.0,False
300.0,be934c0585611c7f00126ccfde3651ad.param,1.0,0.0,0.0,60.174,590654055.0,5e0ca81c4122830e3aa90af28df6be04,28894.0,0.0,0.0,7.9979999999999976,16-50,26816.0,0.0,1527438.0,1175.0,6.147,15523.0,1175.0,-1.0,10167.0,0.0,385786.0,20162.0,590654055.0,6.0,0.789,6.936,2.11,1542963.0,False
300.0,be934c0585611c7f00126ccfde3651ad.param,2.0,0.0,0.0,64.059,590654055.0,5e0ca81c4122830e3aa90af28df6be04,28894.0,0.0,0.0,7.297999999999999,16-50,26816.0,0.0,1527438.0,1175.0,5.812,15523.0,1175.0,-1.0,10167.0,0.0,385786.0,20162.0,590654055.0,6.0,0.648,6.46,2.11,1542963.0,False
300.0,9847d0c027bbaccb1847a48fd98a95ac.param,0.0,0.0,0.0,24.311999999999998,1405409883.0,a8e3df9386605457ceb5ceed24974256,28797.0,0.0,0.0,2.832,16-50,22128.0,0.0,528744.0,2017.0,1.98,5491.0,2017.0,-1.0,3538.0,0.0,378645.0,6956.0,1405409883.0,11.0,0.535,2.515,0.94,534237.0,False
300.0,9847d0c027bbaccb1847a48fd98a95ac.param,1.0,0.0,0.0,23.862,1405409883.0,a8e3df9386605457ceb5ceed24974256,28797.0,0.0,0.0,2.815,16-50,22128.0,0.0,528744.0,2017.0,1.994,5491.0,2017.0,-1.0,3538.0,0.0,378645.0,6956.0,1405409883.0,11.0,0.521,2.515,0.94,534237.0,False
300.0,9847d0c027bbaccb1847a48fd98a95ac.param,2.0,0.0,0.0,23.939,1405409883.0,a8e3df9386605457ceb5ceed24974256,28797.0,0.0,0.0,2.911,16-50,22128.0,0.0,528744.0,2017.0,2.024,5491.0,2017.0,-1.0,3538.0,0.0,378645.0,6956.0,1405409883.0,11.0,0.564,2.588,0.94,534237.0,False
300.0,e5fa51f4b48f9d73b966b1eb0389e73c.param,0.0,0.0,0.0,88.516,2136253402.0,abdabc6afcdd35497ca49810ad5881a2,1212087.0,1.0,0.0,51.86600000000001,7-42,849486.0,0.0,2259194.0,11248.0,8.946,28315.0,11248.0,-1.0,35502.0,0.0,2463989.0,27997.0,2136253402.0,40.0,41.276,50.222,1.41,2287511.0,False
300.0,e5fa51f4b48f9d73b966b1eb0389e73c.param,1.0,0.0,0.0,91.291,2136253402.0,abdabc6afcdd35497ca49810ad5881a2,1212087.0,1.0,0.0,52.728,7-42,849486.0,0.0,2259194.0,11248.0,9.169,28315.0,11248.0,-1.0,35502.0,0.0,2463989.0,27997.0,2136253402.0,40.0,42.05,51.218999999999994,1.41,2287511.0,False
300.0,e5fa51f4b48f9d73b966b1eb0389e73c.param,2.0,0.0,0.0,91.885,2136253402.0,abdabc6afcdd35497ca49810ad5881a2,1212087.0,1.0,0.0,51.571999999999996,7-42,849486.0,0.0,2259194.0,11248.0,8.824,28315.0,11248.0,-1.0,35502.0,0.0,2463989.0,27997.0,2136253402.0,40.0,41.1,49.924,1.41,2287511.0,False
300.0,573a8627b23c29141b9965518a1ea628.param,0.0,0.0,0.0,74.274,1057470620.0,2167f2ffd9004dfacb433c5fb2f73494,25949.0,0.0,0.0,8.882,16-50,25467.0,0.0,1834359.0,388.0,7.192,19228.0,388.0,-1.0,12627.0,0.0,258706.0,25079.0,1057470620.0,2.0,0.659,7.851,3.16,1853589.0,False
300.0,573a8627b23c29141b9965518a1ea628.param,1.0,0.0,0.0,71.066,1057470620.0,2167f2ffd9004dfacb433c5fb2f73494,25949.0,0.0,0.0,8.599,16-50,25467.0,0.0,1834359.0,388.0,7.087999999999999,19228.0,388.0,-1.0,12627.0,0.0,258706.0,25079.0,1057470620.0,2.0,0.552,7.64,3.16,1853589.0,False
300.0,573a8627b23c29141b9965518a1ea628.param,2.0,0.0,0.0,71.721,1057470620.0,2167f2ffd9004dfacb433c5fb2f73494,25949.0,0.0,0.0,8.549,16-50,25467.0,0.0,1834359.0,388.0,7.142,19228.0,388.0,-1.0,12627.0,0.0,258706.0,25079.0,1057470620.0,2.0,0.507,7.649,3.16,1853589.0,False
300.0,a1d4e09d3abf0a4eca987babbe1df4ca.param,0.0,0.0,0.0,5.392,1571287961.0,0d494a1b59df2bd6657350d70ab235e0,70822.0,1.0,0.0,2.523,16-50,44847.0,0.0,104165.0,6206.0,0.377,1042.0,6206.0,-1.0,6823.0,0.0,1021096.0,1036.0,1571287961.0,28.0,2.052,2.4290000000000003,0.28,105209.0,False
300.0,a1d4e09d3abf0a4eca987babbe1df4ca.param,1.0,0.0,0.0,5.247000000000001,1571287961.0,0d494a1b59df2bd6657350d70ab235e0,70822.0,1.0,0.0,2.4019999999999997,16-50,44847.0,0.0,104165.0,6206.0,0.375,1042.0,6206.0,-1.0,6823.0,0.0,1021096.0,1036.0,1571287961.0,28.0,1.942,2.3169999999999997,0.28,105209.0,False
300.0,a1d4e09d3abf0a4eca987babbe1df4ca.param,2.0,0.0,0.0,5.1610000000000005,1571287961.0,0d494a1b59df2bd6657350d70ab235e0,70822.0,1.0,0.0,2.4459999999999997,16-50,44847.0,0.0,104165.0,6206.0,0.366,1042.0,6206.0,-1.0,6823.0,0.0,1021096.0,1036.0,1571287961.0,28.0,1.99,2.356,0.28,105209.0,False
300.0,9feb6f2064b86f090bb3887f069a4d0d.param,0.0,0.0,0.0,70.33800000000001,1918631718.0,79cb122efe5957b9f1e86db980b2985e,212935.0,0.0,0.0,25.454,16-50,92030.0,0.0,1620396.0,10404.0,6.372000000000001,15827.0,10404.0,-1.0,14808.0,0.0,2080784.0,20572.0,1918631718.0,38.0,18.02,24.392,3.16,1636225.0,False
300.0,9feb6f2064b86f090bb3887f069a4d0d.param,1.0,0.0,0.0,68.997,1918631718.0,79cb122efe5957b9f1e86db980b2985e,212935.0,0.0,0.0,25.445,16-50,92030.0,0.0,1620396.0,10404.0,6.268,15827.0,10404.0,-1.0,14808.0,0.0,2080784.0,20572.0,1918631718.0,38.0,17.962,24.23,3.16,1636225.0,False
300.0,9feb6f2064b86f090bb3887f069a4d0d.param,2.0,0.0,0.0,65.055,1918631718.0,79cb122efe5957b9f1e86db980b2985e,212935.0,0.0,0.0,25.464000000000002,16-50,92030.0,0.0,1620396.0,10404.0,6.2379999999999995,15827.0,10404.0,-1.0,14808.0,0.0,2080784.0,20572.0,1918631718.0,38.0,18.066,24.304000000000002,3.16,1636225.0,False
300.0,964d1ae550e8b1567ec8e3803e14c5da.param,0.0,0.0,0.0,37.909,693280077.0,20fce50bc2beff6aa2f8fefc2cec251d,82300.0,0.0,0.0,7.291,16-50,47220.0,0.0,866583.0,4110.0,3.326,12481.0,4110.0,-1.0,8814.0,0.0,682110.0,16184.0,693280077.0,17.0,3.4989999999999997,6.825,1.41,879066.0,False
300.0,964d1ae550e8b1567ec8e3803e14c5da.param,1.0,0.0,0.0,36.481,693280077.0,20fce50bc2beff6aa2f8fefc2cec251d,82300.0,0.0,0.0,7.251,16-50,47220.0,0.0,866583.0,4110.0,3.3139999999999996,12481.0,4110.0,-1.0,8814.0,0.0,682110.0,16184.0,693280077.0,17.0,3.4760000000000004,6.79,1.41,879066.0,False
300.0,964d1ae550e8b1567ec8e3803e14c5da.param,2.0,0.0,0.0,34.838,693280077.0,20fce50bc2beff6aa2f8fefc2cec251d,82300.0,0.0,0.0,7.284,16-50,47220.0,0.0,866583.0,4110.0,3.327,12481.0,4110.0,-1.0,8814.0,0.0,682110.0,16184.0,693280077.0,17.0,3.503,6.83,1.41,879066.0,False
300.0,813211425de754d47420bda81be7c3af.param,0.0,0.0,0.0,28.993000000000002,2028359165.0,1d97a2f66ef388142e179c8e2b84707c,26849.0,0.0,0.0,4.869,16-50,13245.0,0.0,645366.0,1913.0,2.417,7841.0,1913.0,-1.0,5348.0,0.0,880761.0,10098.0,2028359165.0,10.0,2.08,4.497,0.94,653209.0,False
300.0,813211425de754d47420bda81be7c3af.param,1.0,0.0,0.0,29.206999999999997,2028359165.0,1d97a2f66ef388142e179c8e2b84707c,26849.0,0.0,0.0,5.122999999999998,16-50,13245.0,0.0,645366.0,1913.0,2.401,7841.0,1913.0,-1.0,5348.0,0.0,880761.0,10098.0,2028359165.0,10.0,2.266,4.667,0.94,653209.0,False
300.0,813211425de754d47420bda81be7c3af.param,2.0,0.0,0.0,26.74,2028359165.0,1d97a2f66ef388142e179c8e2b84707c,26849.0,0.0,0.0,4.9460000000000015,16-50,13245.0,0.0,645366.0,1913.0,2.431,7841.0,1913.0,-1.0,5348.0,0.0,880761.0,10098.0,2028359165.0,10.0,2.162,4.593,0.94,653209.0,False
300.0,c561707c3f0ff054acd49c4f7f7f9eae.param,0.0,0.0,0.0,81.32300000000002,590654055.0,c4e0af438331fd66bef6f1a78b8ddd6f,64656.0,0.0,0.0,9.738999999999999,16-50,54980.0,0.0,1850079.0,2071.0,7.212999999999999,18616.0,2071.0,-1.0,12223.0,0.0,533668.0,24275.0,590654055.0,11.0,1.328,8.541,3.16,1868697.0,False
300.0,c561707c3f0ff054acd49c4f7f7f9eae.param,1.0,0.0,0.0,74.873,590654055.0,c4e0af438331fd66bef6f1a78b8ddd6f,64656.0,0.0,0.0,9.715,16-50,54980.0,0.0,1850079.0,2071.0,7.439,18616.0,2071.0,-1.0,12223.0,0.0,533668.0,24275.0,590654055.0,11.0,1.092,8.531,3.16,1868697.0,False
300.0,c561707c3f0ff054acd49c4f7f7f9eae.param,2.0,0.0,0.0,78.094,590654055.0,c4e0af438331fd66bef6f1a78b8ddd6f,64656.0,0.0,0.0,9.591000000000001,16-50,54980.0,0.0,1850079.0,2071.0,7.345,18616.0,2071.0,-1.0,12223.0,0.0,533668.0,24275.0,590654055.0,11.0,1.0759999999999998,8.421,3.16,1868697.0,False
300.0,1ec21c7d8e15d35901cd608efade836b.param,0.0,0.0,0.0,8.568999999999999,1802391418.0,11bce46c2953fdbbd9ca3cdb21857fce,19061.0,0.0,0.0,1.276,16-50,10091.0,0.0,189273.0,1862.0,0.679,1989.0,1862.0,-1.0,4035.0,0.0,323853.0,2348.0,1802391418.0,10.0,0.469,1.148,0.42,191264.0,False
300.0,1ec21c7d8e15d35901cd608efade836b.param,1.0,0.0,0.0,8.833,1802391418.0,11bce46c2953fdbbd9ca3cdb21857fce,19061.0,0.0,0.0,1.3159999999999998,16-50,10091.0,0.0,189273.0,1862.0,0.716,1989.0,1862.0,-1.0,4035.0,0.0,323853.0,2348.0,1802391418.0,10.0,0.47200000000000003,1.188,0.42,191264.0,False
300.0,1ec21c7d8e15d35901cd608efade836b.param,2.0,0.0,0.0,8.237,1802391418.0,11bce46c2953fdbbd9ca3cdb21857fce,19061.0,0.0,0.0,1.381,16-50,10091.0,0.0,189273.0,1862.0,0.7659999999999999,1989.0,1862.0,-1.0,4035.0,0.0,323853.0,2348.0,1802391418.0,10.0,0.48100000000000004,1.247,0.42,191264.0,False
300.0,0faee3ca8e450721dd5b73cb48656439.param,0.0,0.0,0.0,107.064,221638566.0,786d1c14405eb9aad810ecae4c808ff9,205317.0,0.0,0.0,17.429000000000002,16-50,172051.0,0.0,2547422.0,9704.0,9.8,26427.0,9704.0,-1.0,17403.0,0.0,2123312.0,34612.0,221638566.0,33.0,6.308,16.108,4.75,2573851.0,False
300.0,0faee3ca8e450721dd5b73cb48656439.param,1.0,0.0,0.0,108.336,221638566.0,786d1c14405eb9aad810ecae4c808ff9,205317.0,0.0,0.0,18.914,16-50,172051.0,0.0,2547422.0,9704.0,10.067,26427.0,9704.0,-1.0,17403.0,0.0,2123312.0,34612.0,221638566.0,33.0,6.974,17.041,4.75,2573851.0,False
300.0,0faee3ca8e450721dd5b73cb48656439.param,2.0,0.0,0.0,107.23700000000001,221638566.0,786d1c14405eb9aad810ecae4c808ff9,205317.0,0.0,0.0,18.78,16-50,172051.0,0.0,2547422.0,9704.0,10.472999999999999,26427.0,9704.0,-1.0,17403.0,0.0,2123312.0,34612.0,221638566.0,33.0,6.895,17.368,4.75,2573851.0,False
300.0,82716a7451af0bb025940cb2be8712d2.param,0.0,0.0,0.0,14.419,1802391418.0,7397fe2794e95d361afad26ad9a15eb4,77425.0,0.0,0.0,2.622,16-50,46207.0,0.0,314745.0,5059.0,1.1640000000000001,3873.0,5059.0,-1.0,6966.0,0.0,550958.0,4869.0,1802391418.0,22.0,1.2590000000000001,2.423,0.63,318620.0,False
300.0,82716a7451af0bb025940cb2be8712d2.param,1.0,0.0,0.0,15.196,1802391418.0,7397fe2794e95d361afad26ad9a15eb4,77425.0,0.0,0.0,2.713,16-50,46207.0,0.0,314745.0,5059.0,1.207,3873.0,5059.0,-1.0,6966.0,0.0,550958.0,4869.0,1802391418.0,22.0,1.305,2.512,0.63,318620.0,False
300.0,82716a7451af0bb025940cb2be8712d2.param,2.0,0.0,0.0,15.584000000000001,1802391418.0,7397fe2794e95d361afad26ad9a15eb4,77425.0,0.0,0.0,2.645,16-50,46207.0,0.0,314745.0,5059.0,1.156,3873.0,5059.0,-1.0,6966.0,0.0,550958.0,4869.0,1802391418.0,22.0,1.2990000000000002,2.455,0.63,318620.0,False
300.0,9038037b7d7e09779716658ee51f043a.param,0.0,0.0,0.0,38.426,1470727592.0,85c9e30119da2e3ae9bd1a8ac65ef25e,16224.0,0.0,0.0,4.0889999999999995,16-50,15852.0,0.0,887115.0,330.0,3.3680000000000003,12097.0,330.0,-1.0,7920.0,0.0,151183.0,15713.0,1470727592.0,2.0,0.244,3.612,1.41,899214.0,False
300.0,9038037b7d7e09779716658ee51f043a.param,1.0,0.0,0.0,39.268,1470727592.0,85c9e30119da2e3ae9bd1a8ac65ef25e,16224.0,0.0,0.0,4.2,16-50,15852.0,0.0,887115.0,330.0,3.4819999999999998,12097.0,330.0,-1.0,7920.0,0.0,151183.0,15713.0,1470727592.0,2.0,0.248,3.73,1.41,899214.0,False
300.0,9038037b7d7e09779716658ee51f043a.param,2.0,0.0,0.0,37.484,1470727592.0,85c9e30119da2e3ae9bd1a8ac65ef25e,16224.0,0.0,0.0,4.188,16-50,15852.0,0.0,887115.0,330.0,3.428,12097.0,330.0,-1.0,7920.0,0.0,151183.0,15713.0,1470727592.0,2.0,0.255,3.6830000000000003,1.41,899214.0,False
300.0,400673ca8ff3edef3535b5791da29758.param,0.0,0.0,0.0,31.433000000000003,1139903203.0,228d8203f4589b33d963ac92568419cb,27576.0,0.0,0.0,3.511,16-50,22386.0,0.0,701512.0,1835.0,2.653,9311.0,1835.0,-1.0,6077.0,0.0,314127.0,12036.0,1139903203.0,10.0,0.48200000000000004,3.135,1.41,710825.0,False
300.0,400673ca8ff3edef3535b5791da29758.param,1.0,0.0,0.0,31.427,1139903203.0,228d8203f4589b33d963ac92568419cb,27576.0,0.0,0.0,3.9539999999999997,16-50,22386.0,0.0,701512.0,1835.0,2.91,9311.0,1835.0,-1.0,6077.0,0.0,314127.0,12036.0,1139903203.0,10.0,0.544,3.4539999999999997,1.41,710825.0,False
300.0,400673ca8ff3edef3535b5791da29758.param,2.0,0.0,0.0,31.525,1139903203.0,228d8203f4589b33d963ac92568419cb,27576.0,0.0,0.0,3.515,16-50,22386.0,0.0,701512.0,1835.0,2.6689999999999996,9311.0,1835.0,-1.0,6077.0,0.0,314127.0,12036.0,1139903203.0,10.0,0.461,3.13,1.41,710825.0,False
300.0,2389afb57cc1c7542bfddc76320706af.param,0.0,0.0,0.0,37.284,1405409883.0,805d264da09b0990c6f0df22cf72d643,67450.0,0.0,0.0,8.309,16-50,35863.0,0.0,929991.0,4170.0,3.616,13217.0,4170.0,-1.0,9051.0,0.0,1235453.0,17187.0,1405409883.0,17.0,4.2139999999999995,7.83,2.11,943210.0,False
300.0,2389afb57cc1c7542bfddc76320706af.param,1.0,0.0,0.0,38.804,1405409883.0,805d264da09b0990c6f0df22cf72d643,67450.0,0.0,0.0,8.95,16-50,35863.0,0.0,929991.0,4170.0,3.611,13217.0,4170.0,-1.0,9051.0,0.0,1235453.0,17187.0,1405409883.0,17.0,4.6930000000000005,8.304,2.11,943210.0,False
300.0,2389afb57cc1c7542bfddc76320706af.param,2.0,0.0,0.0,39.995,1405409883.0,805d264da09b0990c6f0df22cf72d643,67450.0,0.0,0.0,8.259,16-50,35863.0,0.0,929991.0,4170.0,3.5639999999999996,13217.0,4170.0,-1.0,9051.0,0.0,1235453.0,17187.0,1405409883.0,17.0,4.22,7.784,2.11,943210.0,False
300.0,8e69ece5afd42db3ce1e7ed475eaaf08.param,0.0,0.0,0.0,33.597,1979567522.0,21f29a493bb10aac0633021a54d2eff9,125472.0,0.0,0.0,10.82,16-50,63847.0,0.0,830187.0,4622.0,3.313,11311.0,4622.0,-1.0,10425.0,0.0,897666.0,14654.0,1979567522.0,20.0,6.91,10.222999999999999,1.41,841500.0,False
300.0,8e69ece5afd42db3ce1e7ed475eaaf08.param,1.0,0.0,0.0,35.299,1979567522.0,21f29a493bb10aac0633021a54d2eff9,125472.0,0.0,0.0,10.193,16-50,63847.0,0.0,830187.0,4622.0,3.2680000000000002,11311.0,4622.0,-1.0,10425.0,0.0,897666.0,14654.0,1979567522.0,20.0,6.311,9.579,1.41,841500.0,False
300.0,8e69ece5afd42db3ce1e7ed475eaaf08.param,2.0,0.0,0.0,33.826,1979567522.0,21f29a493bb10aac0633021a54d2eff9,125472.0,0.0,0.0,10.247,16-50,63847.0,0.0,830187.0,4622.0,3.205,11311.0,4622.0,-1.0,10425.0,0.0,897666.0,14654.0,1979567522.0,20.0,6.422999999999999,9.628,1.41,841500.0,False
300.0,9f516f1949bb094c061b924b07b9239e.param,0.0,0.0,0.0,26.947,1234135464.0,366e643fe3d5bffc69398335649536b9,19647.0,0.0,0.0,3.202,16-50,14377.0,0.0,617199.0,1865.0,2.303,7410.0,1865.0,-1.0,4821.0,0.0,314039.0,9533.0,1234135464.0,10.0,0.466,2.7689999999999997,0.94,624611.0,False
300.0,9f516f1949bb094c061b924b07b9239e.param,1.0,0.0,0.0,26.566,1234135464.0,366e643fe3d5bffc69398335649536b9,19647.0,0.0,0.0,3.108,16-50,14377.0,0.0,617199.0,1865.0,2.353,7410.0,1865.0,-1.0,4821.0,0.0,314039.0,9533.0,1234135464.0,10.0,0.418,2.7710000000000004,0.94,624611.0,False
300.0,9f516f1949bb094c061b924b07b9239e.param,2.0,0.0,0.0,26.076,1234135464.0,366e643fe3d5bffc69398335649536b9,19647.0,0.0,0.0,3.1510000000000002,16-50,14377.0,0.0,617199.0,1865.0,2.374,7410.0,1865.0,-1.0,4821.0,0.0,314039.0,9533.0,1234135464.0,10.0,0.433,2.807,0.94,624611.0,False
300.0,911e1a0f8b4680f2864fa59b12973cad.param,0.0,0.0,0.0,40.417,1145031130.0,ecdb2fd58705b2628014c087803c4587,27405.0,0.0,0.0,6.561,16-50,14781.0,0.0,989644.0,887.0,3.7969999999999997,14043.0,887.0,-1.0,9657.0,0.0,961718.0,18192.0,1145031130.0,6.0,2.235,6.032,2.11,1003689.0,False
300.0,911e1a0f8b4680f2864fa59b12973cad.param,1.0,0.0,0.0,41.023999999999994,1145031130.0,ecdb2fd58705b2628014c087803c4587,27405.0,0.0,0.0,7.506,16-50,14781.0,0.0,989644.0,887.0,3.904,14043.0,887.0,-1.0,9657.0,0.0,961718.0,18192.0,1145031130.0,6.0,2.906,6.81,2.11,1003689.0,False
300.0,911e1a0f8b4680f2864fa59b12973cad.param,2.0,0.0,0.0,41.309,1145031130.0,ecdb2fd58705b2628014c087803c4587,27405.0,0.0,0.0,6.566,16-50,14781.0,0.0,989644.0,887.0,3.838,14043.0,887.0,-1.0,9657.0,0.0,961718.0,18192.0,1145031130.0,6.0,2.205,6.0429999999999975,2.11,1003689.0,False
300.0,589bbf864478462408d49f56b3acebc9.param,0.0,0.0,0.0,51.88,182366586.0,97294262e3d53ab59810f410fd3bf1fc,34448.0,0.0,0.0,5.971,16-50,16887.0,0.0,1240290.0,2049.0,4.7,14203.0,2049.0,-1.0,9311.0,0.0,404010.0,18482.0,182366586.0,11.0,0.645,5.345,2.11,1254495.0,False
300.0,589bbf864478462408d49f56b3acebc9.param,1.0,0.0,0.0,53.027,182366586.0,97294262e3d53ab59810f410fd3bf1fc,34448.0,0.0,0.0,6.562,16-50,16887.0,0.0,1240290.0,2049.0,4.864,14203.0,2049.0,-1.0,9311.0,0.0,404010.0,18482.0,182366586.0,11.0,0.836,5.7,2.11,1254495.0,False
300.0,589bbf864478462408d49f56b3acebc9.param,2.0,0.0,0.0,50.132,182366586.0,97294262e3d53ab59810f410fd3bf1fc,34448.0,0.0,0.0,6.343999999999999,16-50,16887.0,0.0,1240290.0,2049.0,4.751,14203.0,2049.0,-1.0,9311.0,0.0,404010.0,18482.0,182366586.0,11.0,0.727,5.478,2.11,1254495.0,False
300.0,5c79d1d9a7223b0aa7f24b9abb13ee2f.param,0.0,0.0,0.0,76.55,1923385776.0,dd72374a89f878ba329aba518f3208ff,33711.0,0.0,0.0,11.925,16-50,15579.0,0.0,1816300.0,1532.0,7.251,19671.0,1532.0,-1.0,13161.0,0.0,855675.0,25696.0,1923385776.0,7.0,3.423,10.674000000000001,3.16,1835973.0,False
300.0,5c79d1d9a7223b0aa7f24b9abb13ee2f.param,1.0,0.0,0.0,75.263,1923385776.0,dd72374a89f878ba329aba518f3208ff,33711.0,0.0,0.0,10.83,16-50,15579.0,0.0,1816300.0,1532.0,7.24,19671.0,1532.0,-1.0,13161.0,0.0,855675.0,25696.0,1923385776.0,7.0,2.66,9.9,3.16,1835973.0,False
300.0,5c79d1d9a7223b0aa7f24b9abb13ee2f.param,2.0,0.0,0.0,71.45100000000002,1923385776.0,dd72374a89f878ba329aba518f3208ff,33711.0,0.0,0.0,11.838,16-50,15579.0,0.0,1816300.0,1532.0,7.24,19671.0,1532.0,-1.0,13161.0,0.0,855675.0,25696.0,1923385776.0,7.0,3.36,10.6,3.16,1835973.0,False
300.0,3631b5ebf342811f42ca903194874739.param,0.0,0.0,0.0,22.484,254168822.0,7d54ee63ceed6e7f0f882232664d9cd2,29363.0,0.0,0.0,2.531,16-50,23823.0,0.0,499371.0,1265.0,1.905,5721.0,1265.0,-1.0,3700.0,0.0,221561.0,7293.0,254168822.0,7.0,0.28800000000000003,2.193,0.94,505094.0,False
300.0,3631b5ebf342811f42ca903194874739.param,1.0,0.0,0.0,21.756,254168822.0,7d54ee63ceed6e7f0f882232664d9cd2,29363.0,0.0,0.0,2.508,16-50,23823.0,0.0,499371.0,1265.0,1.94,5721.0,1265.0,-1.0,3700.0,0.0,221561.0,7293.0,254168822.0,7.0,0.282,2.222,0.94,505094.0,False
300.0,3631b5ebf342811f42ca903194874739.param,2.0,0.0,0.0,21.44,254168822.0,7d54ee63ceed6e7f0f882232664d9cd2,29363.0,0.0,0.0,2.455,16-50,23823.0,0.0,499371.0,1265.0,1.883,5721.0,1265.0,-1.0,3700.0,0.0,221561.0,7293.0,254168822.0,7.0,0.28600000000000003,2.169,0.94,505094.0,False
300.0,356667c28689cc2615ddddc6ad11e53e.param,0.0,0.0,0.0,76.23100000000002,693280077.0,c6a3edb083779372195ed6baa9a77a75,188254.0,0.0,0.0,11.345999999999998,16-50,164237.0,0.0,1949644.0,4305.0,7.672999999999999,21561.0,4305.0,-1.0,16020.0,0.0,1067182.0,28160.0,693280077.0,18.0,2.685,10.357999999999999,4.75,1971207.0,False
300.0,356667c28689cc2615ddddc6ad11e53e.param,1.0,0.0,0.0,80.494,693280077.0,c6a3edb083779372195ed6baa9a77a75,188254.0,0.0,0.0,11.892999999999999,16-50,164237.0,0.0,1949644.0,4305.0,7.697999999999999,21561.0,4305.0,-1.0,16020.0,0.0,1067182.0,28160.0,693280077.0,18.0,3.0039999999999996,10.702,4.75,1971207.0,False
300.0,356667c28689cc2615ddddc6ad11e53e.param,2.0,0.0,0.0,80.985,693280077.0,c6a3edb083779372195ed6baa9a77a75,188254.0,0.0,0.0,12.21,16-50,164237.0,0.0,1949644.0,4305.0,7.897,21561.0,4305.0,-1.0,16020.0,0.0,1067182.0,28160.0,693280077.0,18.0,3.235,11.132,4.75,1971207.0,False
300.0,a37d28d43d69aa0103e8f6c03a25328d.param,0.0,0.0,0.0,10.347000000000001,1057470620.0,1e0f482c89bbc87d2b66e9b26df44e9f,99136.0,0.0,0.0,6.135,16-50,50979.0,0.0,220457.0,6969.0,0.809,2096.0,6969.0,-1.0,9941.0,0.0,1242912.0,2363.0,1057470620.0,30.0,5.178,5.987,0.42,222555.0,False
300.0,a37d28d43d69aa0103e8f6c03a25328d.param,1.0,0.0,0.0,10.459000000000001,1057470620.0,1e0f482c89bbc87d2b66e9b26df44e9f,99136.0,0.0,0.0,6.303999999999999,16-50,50979.0,0.0,220457.0,6969.0,0.843,2096.0,6969.0,-1.0,9941.0,0.0,1242912.0,2363.0,1057470620.0,30.0,5.315,6.1579999999999995,0.42,222555.0,False
300.0,a37d28d43d69aa0103e8f6c03a25328d.param,2.0,0.0,0.0,10.138,1057470620.0,1e0f482c89bbc87d2b66e9b26df44e9f,99136.0,0.0,0.0,6.372000000000001,16-50,50979.0,0.0,220457.0,6969.0,0.898,2096.0,6969.0,-1.0,9941.0,0.0,1242912.0,2363.0,1057470620.0,30.0,5.273,6.171,0.42,222555.0,False
300.0,7ee038a2d306328bf29f3cc3ddd33ea0.param,0.0,0.0,0.0,64.97399999999999,2050821110.0,e2fd1f40934269c3f1e4e1fac342062e,188642.0,0.0,0.0,13.415,16-50,138743.0,0.0,1605821.0,10228.0,6.476,16329.0,10228.0,-1.0,12856.0,0.0,1804424.0,21273.0,2050821110.0,36.0,6.0120000000000005,12.488,3.16,1622152.0,False
300.0,7ee038a2d306328bf29f3cc3ddd33ea0.param,1.0,0.0,0.0,69.322,2050821110.0,e2fd1f40934269c3f1e4e1fac342062e,188642.0,0.0,0.0,13.517999999999999,16-50,138743.0,0.0,1605821.0,10228.0,6.42,16329.0,10228.0,-1.0,12856.0,0.0,1804424.0,21273.0,2050821110.0,36.0,5.937,12.357000000000001,3.16,1622152.0,False
300.0,7ee038a2d306328bf29f3cc3ddd33ea0.param,2.0,0.0,0.0,66.811,2050821110.0,e2fd1f40934269c3f1e4e1fac342062e,188642.0,0.0,0.0,12.832,16-50,138743.0,0.0,1605821.0,10228.0,6.3610000000000015,16329.0,10228.0,-1.0,12856.0,0.0,1804424.0,21273.0,2050821110.0,36.0,5.516,11.877,3.16,1622152.0,False
300.0,a38985b17ca7f54344b29181a8584654.param,0.0,0.0,0.0,43.18600000000001,221638566.0,02f9e3f7eb59b640b6e0329ddb57b9d1,95139.0,0.0,0.0,13.185,16-50,42232.0,0.0,1020203.0,4020.0,3.892,15581.0,4020.0,-1.0,12617.0,0.0,1217511.0,20250.0,221638566.0,16.0,8.779,12.671,2.11,1035786.0,False
300.0,a38985b17ca7f54344b29181a8584654.param,1.0,0.0,0.0,43.708,221638566.0,02f9e3f7eb59b640b6e0329ddb57b9d1,95139.0,0.0,0.0,14.104000000000001,16-50,42232.0,0.0,1020203.0,4020.0,4.1080000000000005,15581.0,4020.0,-1.0,12617.0,0.0,1217511.0,20250.0,221638566.0,16.0,9.363999999999999,13.472000000000001,2.11,1035786.0,False
300.0,a38985b17ca7f54344b29181a8584654.param,2.0,0.0,0.0,44.428000000000004,221638566.0,02f9e3f7eb59b640b6e0329ddb57b9d1,95139.0,0.0,0.0,14.152999999999999,16-50,42232.0,0.0,1020203.0,4020.0,3.926,15581.0,4020.0,-1.0,12617.0,0.0,1217511.0,20250.0,221638566.0,16.0,9.5,13.425999999999998,2.11,1035786.0,False
300.0,6074526f967671a9c7cc808bdb4dbadb.param,0.0,0.0,0.0,74.899,1470727592.0,77aa99dcbbd04c6408c79bb4515395a0,142597.0,0.0,0.0,13.649000000000001,16-50,106325.0,0.0,1926690.0,9712.0,7.903,19597.0,9712.0,-1.0,12881.0,0.0,1432577.0,25598.0,1470727592.0,33.0,4.7139999999999995,12.617,3.16,1946289.0,False
300.0,6074526f967671a9c7cc808bdb4dbadb.param,1.0,0.0,0.0,79.652,1470727592.0,77aa99dcbbd04c6408c79bb4515395a0,142597.0,0.0,0.0,12.8,16-50,106325.0,0.0,1926690.0,9712.0,7.532,19597.0,9712.0,-1.0,12881.0,0.0,1432577.0,25598.0,1470727592.0,33.0,4.263999999999999,11.796,3.16,1946289.0,False
300.0,6074526f967671a9c7cc808bdb4dbadb.param,2.0,0.0,0.0,73.907,1470727592.0,77aa99dcbbd04c6408c79bb4515395a0,142597.0,0.0,0.0,12.720999999999998,16-50,106325.0,0.0,1926690.0,9712.0,7.431,19597.0,9712.0,-1.0,12881.0,0.0,1432577.0,25598.0,1470727592.0,33.0,4.262,11.693,3.16,1946289.0,False
300.0,bebd2cfe5e0562ebe11dc365507fd898.param,0.0,0.0,0.0,32.316,372553220.0,e958569f04c99f34fdcebe7be2d71465,118038.0,0.0,0.0,8.356,16-50,68793.0,0.0,773445.0,9908.0,2.925,7414.0,9908.0,-1.0,8880.0,0.0,1217850.0,9461.0,372553220.0,34.0,4.993,7.9179999999999975,1.41,780861.0,False
300.0,bebd2cfe5e0562ebe11dc365507fd898.param,1.0,0.0,0.0,32.641,372553220.0,e958569f04c99f34fdcebe7be2d71465,118038.0,0.0,0.0,8.402999999999999,16-50,68793.0,0.0,773445.0,9908.0,2.958,7414.0,9908.0,-1.0,8880.0,0.0,1217850.0,9461.0,372553220.0,34.0,4.999,7.9570000000000025,1.41,780861.0,False
300.0,bebd2cfe5e0562ebe11dc365507fd898.param,2.0,0.0,0.0,34.271,372553220.0,e958569f04c99f34fdcebe7be2d71465,118038.0,0.0,0.0,8.789,16-50,68793.0,0.0,773445.0,9908.0,2.9610000000000003,7414.0,9908.0,-1.0,8880.0,0.0,1217850.0,9461.0,372553220.0,34.0,5.255,8.216000000000001,1.41,780861.0,False
300.0,d0799a9d39f0850315a55b0ab4917638.param,0.0,0.0,0.0,48.13399999999999,1918631718.0,99c2290d975df981941015c028efdc2b,59341.0,0.0,0.0,8.209,16-50,38726.0,0.0,1137858.0,3502.0,4.3210000000000015,13489.0,3502.0,-1.0,9208.0,0.0,1224915.0,17534.0,1918631718.0,15.0,3.295,7.6160000000000005,2.11,1151349.0,False
300.0,d0799a9d39f0850315a55b0ab4917638.param,1.0,0.0,0.0,47.818999999999996,1918631718.0,99c2290d975df981941015c028efdc2b,59341.0,0.0,0.0,8.594,16-50,38726.0,0.0,1137858.0,3502.0,4.516,13489.0,3502.0,-1.0,9208.0,0.0,1224915.0,17534.0,1918631718.0,15.0,3.492,8.008,2.11,1151349.0,False
300.0,d0799a9d39f0850315a55b0ab4917638.param,2.0,0.0,0.0,47.118,1918631718.0,99c2290d975df981941015c028efdc2b,59341.0,0.0,0.0,9.562999999999999,16-50,38726.0,0.0,1137858.0,3502.0,4.453,13489.0,3502.0,-1.0,9208.0,0.0,1224915.0,17534.0,1918631718.0,15.0,4.317,8.77,2.11,1151349.0,False
300.0,9d8011d62fbdace0c9682b0a56eb9c1a.param,0.0,0.0,0.0,15.89,475179535.0,2be9bfeca359c41e5bc980b907921cc0,10449.0,0.0,0.0,2.838,16-50,9935.0,0.0,354806.0,450.0,1.375,4019.0,450.0,-1.0,2662.0,0.0,360346.0,5026.0,475179535.0,3.0,1.245,2.62,0.94,358827.0,False
300.0,9d8011d62fbdace0c9682b0a56eb9c1a.param,1.0,0.0,0.0,16.583,475179535.0,2be9bfeca359c41e5bc980b907921cc0,10449.0,0.0,0.0,2.565,16-50,9935.0,0.0,354806.0,450.0,1.314,4019.0,450.0,-1.0,2662.0,0.0,360346.0,5026.0,475179535.0,3.0,1.042,2.356,0.94,358827.0,False
300.0,9d8011d62fbdace0c9682b0a56eb9c1a.param,2.0,0.0,0.0,16.28,475179535.0,2be9bfeca359c41e5bc980b907921cc0,10449.0,0.0,0.0,2.6489999999999996,16-50,9935.0,0.0,354806.0,450.0,1.3219999999999998,4019.0,450.0,-1.0,2662.0,0.0,360346.0,5026.0,475179535.0,3.0,1.12,2.4419999999999997,0.94,358827.0,False
300.0,1a9658e08918a7701123bae3cad3fdfa.param,0.0,0.0,0.0,23.47300000000001,2136253402.0,3ca5fcec3b7a63023c8419ad901c8de7,24049.0,0.0,0.0,2.917,16-50,17848.0,0.0,550539.0,1926.0,2.116,5545.0,1926.0,-1.0,3572.0,0.0,378850.0,7025.0,2136253402.0,10.0,0.494,2.61,0.94,556086.0,False
300.0,1a9658e08918a7701123bae3cad3fdfa.param,1.0,0.0,0.0,23.825,2136253402.0,3ca5fcec3b7a63023c8419ad901c8de7,24049.0,0.0,0.0,2.898,16-50,17848.0,0.0,550539.0,1926.0,2.079,5545.0,1926.0,-1.0,3572.0,0.0,378850.0,7025.0,2136253402.0,10.0,0.494,2.573,0.94,556086.0,False
300.0,1a9658e08918a7701123bae3cad3fdfa.param,2.0,0.0,0.0,24.816999999999997,2136253402.0,3ca5fcec3b7a63023c8419ad901c8de7,24049.0,0.0,0.0,2.93,16-50,17848.0,0.0,550539.0,1926.0,2.131,5545.0,1926.0,-1.0,3572.0,0.0,378850.0,7025.0,2136253402.0,10.0,0.494,2.625,0.94,556086.0,False
300.0,c0ddd6d536dd36939b31e12d969323ca.param,0.0,0.0,0.0,16.94,1405409883.0,afd02dc6693a81286320b07a6ec5406e,93343.0,0.0,0.0,5.317,16-50,43123.0,0.0,339978.0,5920.0,1.381,3231.0,5920.0,-1.0,8423.0,0.0,804862.0,3954.0,1405409883.0,26.0,3.741,5.122000000000001,0.63,343211.0,False
300.0,c0ddd6d536dd36939b31e12d969323ca.param,1.0,0.0,0.0,15.42,1405409883.0,afd02dc6693a81286320b07a6ec5406e,93343.0,0.0,0.0,5.5020000000000024,16-50,43123.0,0.0,339978.0,5920.0,1.2570000000000001,3231.0,5920.0,-1.0,8423.0,0.0,804862.0,3954.0,1405409883.0,26.0,3.9939999999999998,5.251,0.63,343211.0,False
300.0,c0ddd6d536dd36939b31e12d969323ca.param,2.0,0.0,0.0,15.434000000000001,1405409883.0,afd02dc6693a81286320b07a6ec5406e,93343.0,0.0,0.0,5.317,16-50,43123.0,0.0,339978.0,5920.0,1.306,3231.0,5920.0,-1.0,8423.0,0.0,804862.0,3954.0,1405409883.0,26.0,3.815,5.121,0.63,343211.0,False
300.0,8918e76cfcec0657c7d7950a1794604c.param,0.0,0.0,0.0,38.07,34754393.0,58ce36a0afe478e20134edcd186374b8,51877.0,0.0,0.0,5.271,16-50,39951.0,0.0,928664.0,3407.0,3.585,10053.0,3407.0,-1.0,6548.0,0.0,775129.0,12948.0,34754393.0,15.0,1.166,4.751,1.41,938719.0,False
300.0,8918e76cfcec0657c7d7950a1794604c.param,1.0,0.0,0.0,37.31,34754393.0,58ce36a0afe478e20134edcd186374b8,51877.0,0.0,0.0,5.275,16-50,39951.0,0.0,928664.0,3407.0,3.577,10053.0,3407.0,-1.0,6548.0,0.0,775129.0,12948.0,34754393.0,15.0,1.2,4.777,1.41,938719.0,False
300.0,8918e76cfcec0657c7d7950a1794604c.param,2.0,0.0,0.0,37.729,34754393.0,58ce36a0afe478e20134edcd186374b8,51877.0,0.0,0.0,5.255,16-50,39951.0,0.0,928664.0,3407.0,3.592,10053.0,3407.0,-1.0,6548.0,0.0,775129.0,12948.0,34754393.0,15.0,1.155,4.747,1.41,938719.0,False
300.0,8ee114f3baa9833ce2ff8acd1c2f17dc.param,0.0,0.0,0.0,38.515,1242281828.0,97b0cb2a86547748704e583f2a85cbbe,35241.0,0.0,0.0,4.739,16-50,25337.0,0.0,905135.0,2041.0,3.557,11409.0,2041.0,-1.0,7464.0,0.0,328532.0,14801.0,1242281828.0,11.0,0.539,4.096,1.41,916546.0,False
300.0,8ee114f3baa9833ce2ff8acd1c2f17dc.param,1.0,0.0,0.0,39.648,1242281828.0,97b0cb2a86547748704e583f2a85cbbe,35241.0,0.0,0.0,4.37,16-50,25337.0,0.0,905135.0,2041.0,3.458,11409.0,2041.0,-1.0,7464.0,0.0,328532.0,14801.0,1242281828.0,11.0,0.456,3.9139999999999997,1.41,916546.0,False
300.0,8ee114f3baa9833ce2ff8acd1c2f17dc.param,2.0,0.0,0.0,39.518,1242281828.0,97b0cb2a86547748704e583f2a85cbbe,35241.0,0.0,0.0,4.369,16-50,25337.0,0.0,905135.0,2041.0,3.435,11409.0,2041.0,-1.0,7464.0,0.0,328532.0,14801.0,1242281828.0,11.0,0.465,3.9,1.41,916546.0,False
300.0,3d9e7b6df6df75811f47376afe3f163c.param,0.0,0.0,0.0,19.406,1918631718.0,2ca268f011f316ba74efeea7fff24f5d,50285.0,0.0,0.0,2.298,16-50,33957.0,0.0,406535.0,2072.0,1.51,4551.0,2072.0,-1.0,5050.0,0.0,440318.0,5676.0,1918631718.0,11.0,0.565,2.075,0.94,411088.0,False
300.0,3d9e7b6df6df75811f47376afe3f163c.param,1.0,0.0,0.0,19.415,1918631718.0,2ca268f011f316ba74efeea7fff24f5d,50285.0,0.0,0.0,2.2640000000000002,16-50,33957.0,0.0,406535.0,2072.0,1.5019999999999998,4551.0,2072.0,-1.0,5050.0,0.0,440318.0,5676.0,1918631718.0,11.0,0.5479999999999999,2.05,0.94,411088.0,False
300.0,3d9e7b6df6df75811f47376afe3f163c.param,2.0,0.0,0.0,19.605,1918631718.0,2ca268f011f316ba74efeea7fff24f5d,50285.0,0.0,0.0,2.295,16-50,33957.0,0.0,406535.0,2072.0,1.5190000000000001,4551.0,2072.0,-1.0,5050.0,0.0,440318.0,5676.0,1918631718.0,11.0,0.5529999999999999,2.072,0.94,411088.0,False
300.0,880c13fc9e1ae18f82e743ba707577a8.param,0.0,0.0,0.0,44.652,1923385776.0,c73dc3303722a4aedcaec774bd0e9228,90344.0,0.0,0.0,7.2970000000000015,16-50,68700.0,0.0,1133038.0,4114.0,4.333,15885.0,4114.0,-1.0,10421.0,0.0,1290898.0,20698.0,1923385776.0,17.0,2.351,6.684,2.11,1148925.0,False
300.0,880c13fc9e1ae18f82e743ba707577a8.param,1.0,0.0,0.0,47.583,1923385776.0,c73dc3303722a4aedcaec774bd0e9228,90344.0,0.0,0.0,7.523,16-50,68700.0,0.0,1133038.0,4114.0,4.3919999999999995,15885.0,4114.0,-1.0,10421.0,0.0,1290898.0,20698.0,1923385776.0,17.0,2.503,6.895,2.11,1148925.0,False
300.0,880c13fc9e1ae18f82e743ba707577a8.param,2.0,0.0,0.0,47.747,1923385776.0,c73dc3303722a4aedcaec774bd0e9228,90344.0,0.0,0.0,7.354,16-50,68700.0,0.0,1133038.0,4114.0,4.388999999999999,15885.0,4114.0,-1.0,10421.0,0.0,1290898.0,20698.0,1923385776.0,17.0,2.365,6.754,2.11,1148925.0,False
300.0,f607d46ec11afe04a6635e1e747bca97.param,0.0,0.0,0.0,7.593,823094821.0,fd4272be5c86beae24dae45a2f58777c,15034.0,0.0,0.0,0.9359999999999999,16-50,9687.0,0.0,155346.0,1244.0,0.568,2011.0,1244.0,-1.0,3685.0,0.0,229567.0,2330.0,823094821.0,7.0,0.247,0.815,0.42,157359.0,False
300.0,f607d46ec11afe04a6635e1e747bca97.param,1.0,0.0,0.0,7.541,823094821.0,fd4272be5c86beae24dae45a2f58777c,15034.0,0.0,0.0,0.9279999999999999,16-50,9687.0,0.0,155346.0,1244.0,0.57,2011.0,1244.0,-1.0,3685.0,0.0,229567.0,2330.0,823094821.0,7.0,0.244,0.8140000000000001,0.42,157359.0,False
300.0,f607d46ec11afe04a6635e1e747bca97.param,2.0,0.0,0.0,7.519,823094821.0,fd4272be5c86beae24dae45a2f58777c,15034.0,0.0,0.0,1.02,16-50,9687.0,0.0,155346.0,1244.0,0.617,2011.0,1244.0,-1.0,3685.0,0.0,229567.0,2330.0,823094821.0,7.0,0.257,0.8740000000000001,0.42,157359.0,False
300.0,982f07b05aa788dcb221cf0f46a98a28.param,0.0,0.0,0.0,19.296,1242281828.0,4868c7195c3e7af9fe57595dce7f794f,51255.0,0.0,0.0,4.976,16-50,25846.0,0.0,404293.0,3325.0,1.579,4629.0,3325.0,-1.0,6409.0,0.0,556917.0,5774.0,1242281828.0,15.0,3.116,4.695,0.94,408924.0,False
300.0,982f07b05aa788dcb221cf0f46a98a28.param,1.0,0.0,0.0,17.808,1242281828.0,4868c7195c3e7af9fe57595dce7f794f,51255.0,0.0,0.0,4.721,16-50,25846.0,0.0,404293.0,3325.0,1.4980000000000002,4629.0,3325.0,-1.0,6409.0,0.0,556917.0,5774.0,1242281828.0,15.0,2.9930000000000003,4.4910000000000005,0.94,408924.0,False
300.0,982f07b05aa788dcb221cf0f46a98a28.param,2.0,0.0,0.0,18.215999999999998,1242281828.0,4868c7195c3e7af9fe57595dce7f794f,51255.0,0.0,0.0,4.89,16-50,25846.0,0.0,404293.0,3325.0,1.4909999999999999,4629.0,3325.0,-1.0,6409.0,0.0,556917.0,5774.0,1242281828.0,15.0,3.096,4.587,0.94,408924.0,False
300.0,a6ff37b0cef2bdd5134de774a2ccfcdd.param,0.0,0.0,0.0,6.984,1571287961.0,f60ff5c297c7869263cfa00889069b11,27532.0,0.0,0.0,1.3619999999999999,16-50,17767.0,0.0,148108.0,2741.0,0.5870000000000001,1541.0,2741.0,-1.0,3960.0,0.0,549435.0,1734.0,1571287961.0,14.0,0.6659999999999999,1.253,0.42,149651.0,False
300.0,a6ff37b0cef2bdd5134de774a2ccfcdd.param,1.0,0.0,0.0,7.526,1571287961.0,f60ff5c297c7869263cfa00889069b11,27532.0,0.0,0.0,1.33,16-50,17767.0,0.0,148108.0,2741.0,0.574,1541.0,2741.0,-1.0,3960.0,0.0,549435.0,1734.0,1571287961.0,14.0,0.652,1.226,0.42,149651.0,False
300.0,a6ff37b0cef2bdd5134de774a2ccfcdd.param,2.0,0.0,0.0,6.9110000000000005,1571287961.0,f60ff5c297c7869263cfa00889069b11,27532.0,0.0,0.0,1.2670000000000001,16-50,17767.0,0.0,148108.0,2741.0,0.525,1541.0,2741.0,-1.0,3960.0,0.0,549435.0,1734.0,1571287961.0,14.0,0.637,1.162,0.42,149651.0,False
300.0,b55bae1f323148019db34cc9c08d6b4b.param,0.0,0.0,0.0,28.162,693280077.0,e5d73abf8687ba13f5531ee0655b9639,47280.0,0.0,0.0,4.2,16-50,31989.0,0.0,591669.0,2077.0,2.302,8401.0,2077.0,-1.0,5731.0,0.0,814060.0,10769.0,693280077.0,11.0,1.587,3.889,1.41,600072.0,False
300.0,b55bae1f323148019db34cc9c08d6b4b.param,1.0,0.0,0.0,25.783,693280077.0,e5d73abf8687ba13f5531ee0655b9639,47280.0,0.0,0.0,4.203,16-50,31989.0,0.0,591669.0,2077.0,2.235,8401.0,2077.0,-1.0,5731.0,0.0,814060.0,10769.0,693280077.0,11.0,1.649,3.884,1.41,600072.0,False
300.0,b55bae1f323148019db34cc9c08d6b4b.param,2.0,0.0,0.0,26.048000000000002,693280077.0,e5d73abf8687ba13f5531ee0655b9639,47280.0,0.0,0.0,4.3210000000000015,16-50,31989.0,0.0,591669.0,2077.0,2.208,8401.0,2077.0,-1.0,5731.0,0.0,814060.0,10769.0,693280077.0,11.0,1.7890000000000001,3.997,1.41,600072.0,False
300.0,ecf255cfa79dc1390125d72e88196842.param,0.0,0.0,0.0,30.789,2050821110.0,ccdc2f518debe356902272596a724389,164234.0,0.0,0.0,21.581999999999997,16-50,22714.0,0.0,705299.0,10304.0,2.9589999999999996,7176.0,10304.0,-1.0,13581.0,0.0,1251524.0,9195.0,2050821110.0,37.0,18.259,21.218000000000004,1.41,712477.0,False
300.0,ecf255cfa79dc1390125d72e88196842.param,1.0,0.0,0.0,31.862,2050821110.0,ccdc2f518debe356902272596a724389,164234.0,0.0,0.0,21.471,16-50,22714.0,0.0,705299.0,10304.0,2.7089999999999996,7176.0,10304.0,-1.0,13581.0,0.0,1251524.0,9195.0,2050821110.0,37.0,18.257,20.965999999999998,1.41,712477.0,False
300.0,ecf255cfa79dc1390125d72e88196842.param,2.0,0.0,0.0,29.038,2050821110.0,ccdc2f518debe356902272596a724389,164234.0,0.0,0.0,21.603,16-50,22714.0,0.0,705299.0,10304.0,2.638,7176.0,10304.0,-1.0,13581.0,0.0,1251524.0,9195.0,2050821110.0,37.0,18.449,21.087,1.41,712477.0,False
300.0,928666ecc0a7811fd6c441352737063c.param,0.0,0.0,0.0,85.24700000000001,823094821.0,f58ff8ac2fafc6da6e252e369c0fa4f1,196756.0,0.0,0.0,13.637,16-50,143187.0,0.0,2193399.0,6501.0,8.685,21230.0,6501.0,-1.0,13961.0,0.0,1275468.0,27753.0,823094821.0,30.0,3.8089999999999997,12.494000000000002,3.16,2214631.0,False
300.0,928666ecc0a7811fd6c441352737063c.param,1.0,0.0,0.0,91.961,823094821.0,f58ff8ac2fafc6da6e252e369c0fa4f1,196756.0,0.0,0.0,13.334000000000001,16-50,143187.0,0.0,2193399.0,6501.0,8.465,21230.0,6501.0,-1.0,13961.0,0.0,1275468.0,27753.0,823094821.0,30.0,3.7060000000000004,12.171,3.16,2214631.0,False
300.0,928666ecc0a7811fd6c441352737063c.param,2.0,0.0,0.0,93.193,823094821.0,f58ff8ac2fafc6da6e252e369c0fa4f1,196756.0,0.0,0.0,13.540999999999999,16-50,143187.0,0.0,2193399.0,6501.0,8.658,21230.0,6501.0,-1.0,13961.0,0.0,1275468.0,27753.0,823094821.0,30.0,3.761,12.419,3.16,2214631.0,False
300.0,a6fb6cef21abb3da58a08c431abe1820.param,0.0,0.0,0.0,39.563,83966730.0,fa5d64028a7b47d8accfb654a667111e,50794.0,0.0,0.0,5.379,16-50,45361.0,0.0,1026864.0,2552.0,3.987,13111.0,2552.0,-1.0,8591.0,0.0,446953.0,17048.0,83966730.0,14.0,0.792,4.779,2.11,1039977.0,False
300.0,a6fb6cef21abb3da58a08c431abe1820.param,1.0,0.0,0.0,41.963,83966730.0,fa5d64028a7b47d8accfb654a667111e,50794.0,0.0,0.0,5.371,16-50,45361.0,0.0,1026864.0,2552.0,4.012,13111.0,2552.0,-1.0,8591.0,0.0,446953.0,17048.0,83966730.0,14.0,0.773,4.785,2.11,1039977.0,False
300.0,a6fb6cef21abb3da58a08c431abe1820.param,2.0,0.0,0.0,44.343999999999994,83966730.0,fa5d64028a7b47d8accfb654a667111e,50794.0,0.0,0.0,5.807,16-50,45361.0,0.0,1026864.0,2552.0,4.065,13111.0,2552.0,-1.0,8591.0,0.0,446953.0,17048.0,83966730.0,14.0,0.946,5.011,2.11,1039977.0,False
300.0,b366bbc99f4b12f6958260432db8f433.param,0.0,0.0,0.0,48.32,600810857.0,ff6bb540b04ffecf81364958ca056d4a,84739.0,0.0,0.0,6.398,16-50,70531.0,0.0,1165964.0,3421.0,4.551,14505.0,3421.0,-1.0,9509.0,0.0,560045.0,18870.0,600810857.0,15.0,1.207,5.757999999999999,2.11,1180471.0,False
300.0,b366bbc99f4b12f6958260432db8f433.param,1.0,0.0,0.0,46.011,600810857.0,ff6bb540b04ffecf81364958ca056d4a,84739.0,0.0,0.0,6.433,16-50,70531.0,0.0,1165964.0,3421.0,4.559,14505.0,3421.0,-1.0,9509.0,0.0,560045.0,18870.0,600810857.0,15.0,1.244,5.803,2.11,1180471.0,False
300.0,b366bbc99f4b12f6958260432db8f433.param,2.0,0.0,0.0,48.11600000000001,600810857.0,ff6bb540b04ffecf81364958ca056d4a,84739.0,0.0,0.0,6.3770000000000024,16-50,70531.0,0.0,1165964.0,3421.0,4.4430000000000005,14505.0,3421.0,-1.0,9509.0,0.0,560045.0,18870.0,600810857.0,15.0,1.2770000000000001,5.72,2.11,1180471.0,False
300.0,5a074a62937cbcb2e921ae7f17a0123b.param,0.0,0.0,0.0,75.572,2028359165.0,fa408e3ad63e5cd2ae85af9e77f680ee,102056.0,0.0,0.0,15.562999999999999,16-50,65643.0,0.0,1842469.0,3296.0,7.1560000000000015,21846.0,3296.0,-1.0,14708.0,0.0,1921054.0,28565.0,2028359165.0,15.0,7.4529999999999985,14.609000000000002,3.16,1864317.0,False
300.0,5a074a62937cbcb2e921ae7f17a0123b.param,1.0,0.0,0.0,75.328,2028359165.0,fa408e3ad63e5cd2ae85af9e77f680ee,102056.0,0.0,0.0,17.085,16-50,65643.0,0.0,1842469.0,3296.0,7.093999999999999,21846.0,3296.0,-1.0,14708.0,0.0,1921054.0,28565.0,2028359165.0,15.0,8.722000000000001,15.815999999999999,3.16,1864317.0,False
300.0,5a074a62937cbcb2e921ae7f17a0123b.param,2.0,0.0,0.0,73.08800000000002,2028359165.0,fa408e3ad63e5cd2ae85af9e77f680ee,102056.0,0.0,0.0,16.735,16-50,65643.0,0.0,1842469.0,3296.0,7.1560000000000015,21846.0,3296.0,-1.0,14708.0,0.0,1921054.0,28565.0,2028359165.0,15.0,8.289,15.445,3.16,1864317.0,False
300.0,55af68f15fe32e43da610c5d90806a4a.param,0.0,0.0,0.0,68.882,862094683.0,dc2ddee34e0ac9e32ebb96834bba12cf,22679.0,0.0,0.0,8.388,16-50,22244.0,0.0,1733355.0,363.0,6.815,17106.0,363.0,-1.0,11229.0,0.0,206517.0,22301.0,862094683.0,2.0,0.6609999999999999,7.476,3.16,1750463.0,False
300.0,55af68f15fe32e43da610c5d90806a4a.param,1.0,0.0,0.0,74.334,862094683.0,dc2ddee34e0ac9e32ebb96834bba12cf,22679.0,0.0,0.0,8.636000000000001,16-50,22244.0,0.0,1733355.0,363.0,6.973,17106.0,363.0,-1.0,11229.0,0.0,206517.0,22301.0,862094683.0,2.0,0.528,7.501,3.16,1750463.0,False
300.0,55af68f15fe32e43da610c5d90806a4a.param,2.0,0.0,0.0,69.578,862094683.0,dc2ddee34e0ac9e32ebb96834bba12cf,22679.0,0.0,0.0,8.245,16-50,22244.0,0.0,1733355.0,363.0,6.74,17106.0,363.0,-1.0,11229.0,0.0,206517.0,22301.0,862094683.0,2.0,0.616,7.356,3.16,1750463.0,False
300.0,5aa281057d97f045673ea5f22f4a03c2.param,0.0,0.0,0.0,12.525,2050821110.0,bda01546d484afcbf3fcaa7c5c3dcf09,26474.0,0.0,0.0,1.7530000000000001,16-50,15052.0,0.0,273125.0,2454.0,1.055,2961.0,2454.0,-1.0,3699.0,0.0,519282.0,3621.0,2050821110.0,14.0,0.523,1.578,0.63,276088.0,False
300.0,5aa281057d97f045673ea5f22f4a03c2.param,1.0,0.0,0.0,12.639000000000001,2050821110.0,bda01546d484afcbf3fcaa7c5c3dcf09,26474.0,0.0,0.0,1.709,16-50,15052.0,0.0,273125.0,2454.0,1.005,2961.0,2454.0,-1.0,3699.0,0.0,519282.0,3621.0,2050821110.0,14.0,0.525,1.53,0.63,276088.0,False
300.0,5aa281057d97f045673ea5f22f4a03c2.param,2.0,0.0,0.0,12.77,2050821110.0,bda01546d484afcbf3fcaa7c5c3dcf09,26474.0,0.0,0.0,1.722,16-50,15052.0,0.0,273125.0,2454.0,1.03,2961.0,2454.0,-1.0,3699.0,0.0,519282.0,3621.0,2050821110.0,14.0,0.516,1.546,0.63,276088.0,False
300.0,05e1a93acf56766caa36729883ed69ed.param,0.0,0.0,0.0,110.641,1571287961.0,5d9f59a1a3798ab5c25a538c54eb2756,280669.0,0.0,0.0,18.218,16-50,200586.0,0.0,2528379.0,6573.0,9.986,25430.0,6573.0,-1.0,18058.0,0.0,1676727.0,33265.0,1571287961.0,30.0,6.48,16.465999999999998,4.75,2553811.0,False
300.0,05e1a93acf56766caa36729883ed69ed.param,1.0,0.0,0.0,101.196,1571287961.0,5d9f59a1a3798ab5c25a538c54eb2756,280669.0,0.0,0.0,17.239,16-50,200586.0,0.0,2528379.0,6573.0,9.922,25430.0,6573.0,-1.0,18058.0,0.0,1676727.0,33265.0,1571287961.0,30.0,5.546,15.468,4.75,2553811.0,False
300.0,05e1a93acf56766caa36729883ed69ed.param,2.0,0.0,0.0,107.34700000000001,1571287961.0,5d9f59a1a3798ab5c25a538c54eb2756,280669.0,0.0,0.0,17.749000000000006,16-50,200586.0,0.0,2528379.0,6573.0,10.280999999999999,25430.0,6573.0,-1.0,18058.0,0.0,1676727.0,33265.0,1571287961.0,30.0,5.9510000000000005,16.232,4.75,2553811.0,False
300.0,099cc4db78f534b541e03b3d21476677.param,0.0,0.0,0.0,10.626,693280077.0,e3ebb20118774f4dbc0505adc9f818e5,28792.0,0.0,0.0,1.795,16-50,17989.0,0.0,241449.0,1878.0,0.904,2705.0,1878.0,-1.0,4730.0,0.0,393592.0,3245.0,693280077.0,10.0,0.74,1.6440000000000001,0.42,244156.0,False
300.0,099cc4db78f534b541e03b3d21476677.param,1.0,0.0,0.0,10.935,693280077.0,e3ebb20118774f4dbc0505adc9f818e5,28792.0,0.0,0.0,1.86,16-50,17989.0,0.0,241449.0,1878.0,0.934,2705.0,1878.0,-1.0,4730.0,0.0,393592.0,3245.0,693280077.0,10.0,0.752,1.686,0.42,244156.0,False
300.0,099cc4db78f534b541e03b3d21476677.param,2.0,0.0,0.0,11.300999999999998,693280077.0,e3ebb20118774f4dbc0505adc9f818e5,28792.0,0.0,0.0,1.984,16-50,17989.0,0.0,241449.0,1878.0,1.015,2705.0,1878.0,-1.0,4730.0,0.0,393592.0,3245.0,693280077.0,10.0,0.772,1.787,0.42,244156.0,False
300.0,23179b628ad596b0808644865ee42008.param,0.0,0.0,0.0,19.719,1083416308.0,1dbb86df2bf632ea985921cf245f9b7a,55974.0,0.0,0.0,3.685,16-50,31403.0,0.0,435967.0,5279.0,1.642,5498.0,5279.0,-1.0,3576.0,0.0,649652.0,7013.0,1083416308.0,23.0,1.786,3.428,0.63,441467.0,False
300.0,23179b628ad596b0808644865ee42008.param,1.0,0.0,0.0,19.997,1083416308.0,1dbb86df2bf632ea985921cf245f9b7a,55974.0,0.0,0.0,3.661,16-50,31403.0,0.0,435967.0,5279.0,1.7480000000000002,5498.0,5279.0,-1.0,3576.0,0.0,649652.0,7013.0,1083416308.0,23.0,1.6680000000000001,3.4160000000000004,0.63,441467.0,False
300.0,23179b628ad596b0808644865ee42008.param,2.0,0.0,0.0,19.508,1083416308.0,1dbb86df2bf632ea985921cf245f9b7a,55974.0,0.0,0.0,3.617,16-50,31403.0,0.0,435967.0,5279.0,1.645,5498.0,5279.0,-1.0,3576.0,0.0,649652.0,7013.0,1083416308.0,23.0,1.713,3.358,0.63,441467.0,False
300.0,3cadb3807e2a210325a234888d281fbd.param,0.0,0.0,0.0,7.6770000000000005,1242281828.0,c15a29d0cdd40b66f1135df8c03b7cc2,6918.0,0.0,0.0,0.8440000000000001,16-50,6369.0,0.0,170811.0,443.0,0.628,2301.0,443.0,-1.0,1447.0,0.0,92463.0,2807.0,1242281828.0,3.0,0.08900000000000001,0.7170000000000001,0.42,173114.0,False
300.0,3cadb3807e2a210325a234888d281fbd.param,1.0,0.0,0.0,8.097999999999999,1242281828.0,c15a29d0cdd40b66f1135df8c03b7cc2,6918.0,0.0,0.0,0.847,16-50,6369.0,0.0,170811.0,443.0,0.648,2301.0,443.0,-1.0,1447.0,0.0,92463.0,2807.0,1242281828.0,3.0,0.083,0.731,0.42,173114.0,False
300.0,3cadb3807e2a210325a234888d281fbd.param,2.0,0.0,0.0,7.615,1242281828.0,c15a29d0cdd40b66f1135df8c03b7cc2,6918.0,0.0,0.0,0.851,16-50,6369.0,0.0,170811.0,443.0,0.633,2301.0,443.0,-1.0,1447.0,0.0,92463.0,2807.0,1242281828.0,3.0,0.087,0.72,0.42,173114.0,False
300.0,86aef175e49750375aaf5bf4f54ac0c2.param,0.0,0.0,0.0,73.084,95956545.0,375a337415ba72086e646d33ae719c03,151293.0,0.0,0.0,15.357000000000001,16-50,134803.0,0.0,1773563.0,4696.0,6.885,20076.0,4696.0,-1.0,13291.0,0.0,2260502.0,26231.0,95956545.0,20.0,7.52,14.405,3.16,1793641.0,False
300.0,86aef175e49750375aaf5bf4f54ac0c2.param,1.0,0.0,0.0,71.561,95956545.0,375a337415ba72086e646d33ae719c03,151293.0,0.0,0.0,15.442,16-50,134803.0,0.0,1773563.0,4696.0,7.053,20076.0,4696.0,-1.0,13291.0,0.0,2260502.0,26231.0,95956545.0,20.0,7.447999999999999,14.501,3.16,1793641.0,False
300.0,86aef175e49750375aaf5bf4f54ac0c2.param,2.0,0.0,0.0,73.867,95956545.0,375a337415ba72086e646d33ae719c03,151293.0,0.0,0.0,17.244,16-50,134803.0,0.0,1773563.0,4696.0,6.992000000000001,20076.0,4696.0,-1.0,13291.0,0.0,2260502.0,26231.0,95956545.0,20.0,7.97,14.962,3.16,1793641.0,False
300.0,53a3b10a6d39a1f0633d42a0b8cc93a7.param,0.0,0.0,0.0,15.985,1405409883.0,66933de95abfdaad6e1a5b5ff9875d41,76905.0,0.0,0.0,4.33,16-50,52113.0,0.0,341994.0,4391.0,1.262,3517.0,4391.0,-1.0,7829.0,0.0,610193.0,4358.0,1405409883.0,18.0,2.8569999999999998,4.119,0.94,345513.0,False
300.0,53a3b10a6d39a1f0633d42a0b8cc93a7.param,1.0,0.0,0.0,15.19,1405409883.0,66933de95abfdaad6e1a5b5ff9875d41,76905.0,0.0,0.0,4.36,16-50,52113.0,0.0,341994.0,4391.0,1.275,3517.0,4391.0,-1.0,7829.0,0.0,610193.0,4358.0,1405409883.0,18.0,2.87,4.145,0.94,345513.0,False
300.0,53a3b10a6d39a1f0633d42a0b8cc93a7.param,2.0,0.0,0.0,16.155,1405409883.0,66933de95abfdaad6e1a5b5ff9875d41,76905.0,0.0,0.0,4.436,16-50,52113.0,0.0,341994.0,4391.0,1.266,3517.0,4391.0,-1.0,7829.0,0.0,610193.0,4358.0,1405409883.0,18.0,2.957,4.223,0.94,345513.0,False
300.0,38650beb2ce576c812a3ef6ac5621787.param,0.0,0.0,0.0,9.796,83966730.0,6852fe7639db32a78fede286a2079956,14502.0,0.0,0.0,1.2209999999999999,16-50,8073.0,0.0,207295.0,1846.0,0.7490000000000001,2273.0,1846.0,-1.0,2828.0,0.0,327773.0,2723.0,83966730.0,10.0,0.33299999999999996,1.082,0.42,209570.0,False
300.0,38650beb2ce576c812a3ef6ac5621787.param,1.0,0.0,0.0,9.972999999999999,83966730.0,6852fe7639db32a78fede286a2079956,14502.0,0.0,0.0,2.269,16-50,8073.0,0.0,207295.0,1846.0,0.759,2273.0,1846.0,-1.0,2828.0,0.0,327773.0,2723.0,83966730.0,10.0,0.34600000000000003,1.105,0.42,209570.0,False
300.0,38650beb2ce576c812a3ef6ac5621787.param,2.0,0.0,0.0,10.251,83966730.0,6852fe7639db32a78fede286a2079956,14502.0,0.0,0.0,1.197,16-50,8073.0,0.0,207295.0,1846.0,0.7509999999999999,2273.0,1846.0,-1.0,2828.0,0.0,327773.0,2723.0,83966730.0,10.0,0.32299999999999995,1.074,0.42,209570.0,False
300.0,af0a6d4f3f8e41dd411ac993d1c5e5ad.param,0.0,0.0,0.0,22.754,34754393.0,a347d33a89b43047a50f09ab274236f4,86027.0,0.0,0.0,6.075,16-50,50774.0,0.0,458406.0,4495.0,1.8030000000000002,4525.0,4495.0,-1.0,9562.0,0.0,761102.0,5618.0,34754393.0,19.0,4.004,5.807,1.41,462933.0,False
300.0,af0a6d4f3f8e41dd411ac993d1c5e5ad.param,1.0,0.0,0.0,21.538,34754393.0,a347d33a89b43047a50f09ab274236f4,86027.0,0.0,0.0,6.1229999999999976,16-50,50774.0,0.0,458406.0,4495.0,1.712,4525.0,4495.0,-1.0,9562.0,0.0,761102.0,5618.0,34754393.0,19.0,4.154,5.8660000000000005,1.41,462933.0,False
300.0,af0a6d4f3f8e41dd411ac993d1c5e5ad.param,2.0,0.0,0.0,20.006,34754393.0,a347d33a89b43047a50f09ab274236f4,86027.0,0.0,0.0,5.9179999999999975,16-50,50774.0,0.0,458406.0,4495.0,1.7719999999999998,4525.0,4495.0,-1.0,9562.0,0.0,761102.0,5618.0,34754393.0,19.0,3.895,5.6670000000000025,1.41,462933.0,False
300.0,947c519055ac35bb731937204fc0d266.param,0.0,0.0,0.0,57.736999999999995,1979567522.0,41905f700c163342c0bf2f69a2ef4160,78244.0,0.0,0.0,8.621,16-50,57941.0,0.0,1361199.0,5037.0,5.32,13300.0,5037.0,-1.0,9563.0,0.0,907369.0,17255.0,1979567522.0,22.0,2.549,7.869,3.16,1374501.0,False
300.0,947c519055ac35bb731937204fc0d266.param,1.0,0.0,0.0,53.593,1979567522.0,41905f700c163342c0bf2f69a2ef4160,78244.0,0.0,0.0,8.533,16-50,57941.0,0.0,1361199.0,5037.0,5.229,13300.0,5037.0,-1.0,9563.0,0.0,907369.0,17255.0,1979567522.0,22.0,2.553,7.782,3.16,1374501.0,False
300.0,947c519055ac35bb731937204fc0d266.param,2.0,0.0,0.0,57.678000000000004,1979567522.0,41905f700c163342c0bf2f69a2ef4160,78244.0,0.0,0.0,9.191,16-50,57941.0,0.0,1361199.0,5037.0,5.3210000000000015,13300.0,5037.0,-1.0,9563.0,0.0,907369.0,17255.0,1979567522.0,22.0,2.8680000000000003,8.189,3.16,1374501.0,False
300.0,f6a9922fc219371dd62d3d64f513f435.param,0.0,0.0,0.0,31.866999999999997,1923385776.0,ebfcc55996317a808925cf6efe6b5060,23390.0,0.0,0.0,3.9330000000000003,16-50,18938.0,0.0,769923.0,1532.0,2.977,8341.0,1532.0,-1.0,5431.0,0.0,268862.0,10739.0,1923385776.0,7.0,0.515,3.492,1.41,778266.0,False
300.0,f6a9922fc219371dd62d3d64f513f435.param,1.0,0.0,0.0,34.803000000000004,1923385776.0,ebfcc55996317a808925cf6efe6b5060,23390.0,0.0,0.0,4.121,16-50,18938.0,0.0,769923.0,1532.0,3.031,8341.0,1532.0,-1.0,5431.0,0.0,268862.0,10739.0,1923385776.0,7.0,0.5870000000000001,3.6180000000000003,1.41,778266.0,False
300.0,f6a9922fc219371dd62d3d64f513f435.param,2.0,0.0,0.0,32.569,1923385776.0,ebfcc55996317a808925cf6efe6b5060,23390.0,0.0,0.0,4.601,16-50,18938.0,0.0,769923.0,1532.0,2.9610000000000003,8341.0,1532.0,-1.0,5431.0,0.0,268862.0,10739.0,1923385776.0,7.0,0.49,3.451,1.41,778266.0,False
300.0,2b9f5024001a051a59314cacbe0b17e8.param,0.0,0.0,0.0,56.946999999999996,1235388569.0,52b0d335f3f8a5f8011c2dc4396d6515,139322.0,0.0,0.0,8.794,16-50,112689.0,0.0,1331861.0,5622.0,5.091,16166.0,5622.0,-1.0,10608.0,0.0,1203472.0,21061.0,1235388569.0,24.0,2.986,8.077,2.11,1348029.0,False
300.0,2b9f5024001a051a59314cacbe0b17e8.param,1.0,0.0,0.0,53.762,1235388569.0,52b0d335f3f8a5f8011c2dc4396d6515,139322.0,0.0,0.0,8.779,16-50,112689.0,0.0,1331861.0,5622.0,5.063,16166.0,5622.0,-1.0,10608.0,0.0,1203472.0,21061.0,1235388569.0,24.0,2.988,8.051,2.11,1348029.0,False
300.0,2b9f5024001a051a59314cacbe0b17e8.param,2.0,0.0,0.0,56.298,1235388569.0,52b0d335f3f8a5f8011c2dc4396d6515,139322.0,0.0,0.0,8.923,16-50,112689.0,0.0,1331861.0,5622.0,5.251,16166.0,5622.0,-1.0,10608.0,0.0,1203472.0,21061.0,1235388569.0,24.0,2.9410000000000003,8.192,2.11,1348029.0,False
300.0,5acf53328f53703eb5ee3288a3efea11.param,0.0,0.0,0.0,28.46,590654055.0,c15806df69a344d98d91b339046b6138,24728.0,0.0,0.0,5.2379999999999995,16-50,22763.0,0.0,675591.0,1130.0,2.559,6733.0,1130.0,-1.0,4470.0,0.0,762973.0,8543.0,590654055.0,6.0,2.31,4.869,1.41,682326.0,False
300.0,5acf53328f53703eb5ee3288a3efea11.param,1.0,0.0,0.0,29.737,590654055.0,c15806df69a344d98d91b339046b6138,24728.0,0.0,0.0,5.212999999999999,16-50,22763.0,0.0,675591.0,1130.0,2.5540000000000003,6733.0,1130.0,-1.0,4470.0,0.0,762973.0,8543.0,590654055.0,6.0,2.281,4.835,1.41,682326.0,False
300.0,5acf53328f53703eb5ee3288a3efea11.param,2.0,0.0,0.0,28.366,590654055.0,c15806df69a344d98d91b339046b6138,24728.0,0.0,0.0,5.303,16-50,22763.0,0.0,675591.0,1130.0,2.714,6733.0,1130.0,-1.0,4470.0,0.0,762973.0,8543.0,590654055.0,6.0,2.224,4.938,1.41,682326.0,False
300.0,62e0a8d6f7569c04cf8f5f709636e77e.param,0.0,0.0,0.0,28.706,1057470620.0,814ccd64c54351ba7c2dc966c2aa6b0c,11001.0,0.0,0.0,3.0039999999999996,16-50,10671.0,0.0,655530.0,232.0,2.512,6665.0,232.0,-1.0,4293.0,0.0,141638.0,8438.0,1057470620.0,2.0,0.136,2.648,1.41,662197.0,False
300.0,62e0a8d6f7569c04cf8f5f709636e77e.param,1.0,0.0,0.0,27.41800000000001,1057470620.0,814ccd64c54351ba7c2dc966c2aa6b0c,11001.0,0.0,0.0,2.938,16-50,10671.0,0.0,655530.0,232.0,2.467,6665.0,232.0,-1.0,4293.0,0.0,141638.0,8438.0,1057470620.0,2.0,0.131,2.5980000000000003,1.41,662197.0,False
300.0,62e0a8d6f7569c04cf8f5f709636e77e.param,2.0,0.0,0.0,29.63300000000001,1057470620.0,814ccd64c54351ba7c2dc966c2aa6b0c,11001.0,0.0,0.0,2.9619999999999997,16-50,10671.0,0.0,655530.0,232.0,2.49,6665.0,232.0,-1.0,4293.0,0.0,141638.0,8438.0,1057470620.0,2.0,0.127,2.617,1.41,662197.0,False
300.0,85c2d2f2fd6238e8bf0bbcfd97821631.param,0.0,0.0,0.0,51.136,1979567522.0,a482585b1b8f947865aaff47e6e2a53d,250946.0,0.0,0.0,13.18,16-50,121016.0,0.0,1215675.0,10261.0,4.649,12481.0,10261.0,-1.0,21617.0,0.0,1373246.0,16121.0,1979567522.0,36.0,7.915,12.564,3.16,1228158.0,False
300.0,85c2d2f2fd6238e8bf0bbcfd97821631.param,1.0,0.0,0.0,52.683,1979567522.0,a482585b1b8f947865aaff47e6e2a53d,250946.0,0.0,0.0,13.764000000000001,16-50,121016.0,0.0,1215675.0,10261.0,4.782,12481.0,10261.0,-1.0,21617.0,0.0,1373246.0,16121.0,1979567522.0,36.0,8.169,12.950999999999999,3.16,1228158.0,False
300.0,85c2d2f2fd6238e8bf0bbcfd97821631.param,2.0,0.0,0.0,49.223,1979567522.0,a482585b1b8f947865aaff47e6e2a53d,250946.0,0.0,0.0,13.860999999999999,16-50,121016.0,0.0,1215675.0,10261.0,4.678,12481.0,10261.0,-1.0,21617.0,0.0,1373246.0,16121.0,1979567522.0,36.0,8.285,12.963,3.16,1228158.0,False
300.0,5270155d690360dab58e1b470ef17ea7.param,0.0,0.0,0.0,37.779,270657042.0,0c5253d37f596d911e06755853db7650,24857.0,0.0,0.0,4.39,16-50,19318.0,0.0,901727.0,1856.0,3.47,11361.0,1856.0,-1.0,7428.0,0.0,388747.0,14723.0,270657042.0,10.0,0.439,3.909,1.41,913090.0,False
300.0,5270155d690360dab58e1b470ef17ea7.param,1.0,0.0,0.0,38.446,270657042.0,0c5253d37f596d911e06755853db7650,24857.0,0.0,0.0,4.8389999999999995,16-50,19318.0,0.0,901727.0,1856.0,3.467,11361.0,1856.0,-1.0,7428.0,0.0,388747.0,14723.0,270657042.0,10.0,0.444,3.911,1.41,913090.0,False
300.0,5270155d690360dab58e1b470ef17ea7.param,2.0,0.0,0.0,36.324,270657042.0,0c5253d37f596d911e06755853db7650,24857.0,0.0,0.0,4.961,16-50,19318.0,0.0,901727.0,1856.0,3.72,11361.0,1856.0,-1.0,7428.0,0.0,388747.0,14723.0,270657042.0,10.0,0.596,4.316,1.41,913090.0,False
300.0,7c8d5058b5b148685018d3330ac42f68.param,0.0,0.0,0.0,49.832,1258716603.0,b16ec5639a80fa86068ed4677bfaf45e,103992.0,0.0,0.0,7.601,16-50,75356.0,0.0,1205502.0,6292.0,4.757,12781.0,6292.0,-1.0,8369.0,0.0,1229594.0,16598.0,1258716603.0,28.0,2.187,6.944,2.11,1218285.0,False
300.0,7c8d5058b5b148685018d3330ac42f68.param,1.0,0.0,0.0,48.33,1258716603.0,b16ec5639a80fa86068ed4677bfaf45e,103992.0,0.0,0.0,7.604,16-50,75356.0,0.0,1205502.0,6292.0,4.638999999999999,12781.0,6292.0,-1.0,8369.0,0.0,1229594.0,16598.0,1258716603.0,28.0,2.3040000000000003,6.943,2.11,1218285.0,False
300.0,7c8d5058b5b148685018d3330ac42f68.param,2.0,0.0,0.0,50.675,1258716603.0,b16ec5639a80fa86068ed4677bfaf45e,103992.0,0.0,0.0,7.947,16-50,75356.0,0.0,1205502.0,6292.0,4.9,12781.0,6292.0,-1.0,8369.0,0.0,1229594.0,16598.0,1258716603.0,28.0,2.358,7.257999999999999,2.11,1218285.0,False
300.0,d8e0991db153700fc6f942a70d96d0d8.param,0.0,0.0,0.0,10.434000000000001,270657042.0,d7a602df823a6ddc6cb3282bacd238e7,3309.0,0.0,0.0,1.092,16-50,2918.0,0.0,226805.0,335.0,0.845,2661.0,335.0,-1.0,1674.0,0.0,108418.0,3251.0,270657042.0,2.0,0.11,0.955,0.42,229468.0,False
300.0,d8e0991db153700fc6f942a70d96d0d8.param,1.0,0.0,0.0,10.967,270657042.0,d7a602df823a6ddc6cb3282bacd238e7,3309.0,0.0,0.0,1.141,16-50,2918.0,0.0,226805.0,335.0,0.867,2661.0,335.0,-1.0,1674.0,0.0,108418.0,3251.0,270657042.0,2.0,0.11800000000000001,0.985,0.42,229468.0,False
300.0,d8e0991db153700fc6f942a70d96d0d8.param,2.0,0.0,0.0,10.19,270657042.0,d7a602df823a6ddc6cb3282bacd238e7,3309.0,0.0,0.0,1.0959999999999999,16-50,2918.0,0.0,226805.0,335.0,0.8370000000000001,2661.0,335.0,-1.0,1674.0,0.0,108418.0,3251.0,270657042.0,2.0,0.11199999999999999,0.9490000000000001,0.42,229468.0,False
300.0,80402835d130022a9820ca0328640cdb.param,0.0,0.0,0.0,29.545,554543104.0,ecee6f4aff0be150538cf7a6093d407d,166294.0,0.0,0.0,5.233,16-50,136763.0,0.0,683433.0,3257.0,2.71,9304.0,3257.0,-1.0,12765.0,0.0,645640.0,11891.0,554543104.0,15.0,2.046,4.756,1.41,692739.0,False
300.0,80402835d130022a9820ca0328640cdb.param,1.0,0.0,0.0,30.649,554543104.0,ecee6f4aff0be150538cf7a6093d407d,166294.0,0.0,0.0,5.295,16-50,136763.0,0.0,683433.0,3257.0,2.762,9304.0,3257.0,-1.0,12765.0,0.0,645640.0,11891.0,554543104.0,15.0,2.068,4.83,1.41,692739.0,False
300.0,80402835d130022a9820ca0328640cdb.param,2.0,0.0,0.0,30.726,554543104.0,ecee6f4aff0be150538cf7a6093d407d,166294.0,0.0,0.0,5.072,16-50,136763.0,0.0,683433.0,3257.0,2.73,9304.0,3257.0,-1.0,12765.0,0.0,645640.0,11891.0,554543104.0,15.0,1.9609999999999999,4.691,1.41,692739.0,False
300.0,45f3b2d841eff242a2cd183a0c58dc4d.param,0.0,0.0,0.0,13.811,1257636424.0,38e336675536942a012ffd5f1c192cdd,85713.0,0.0,0.0,3.758,16-50,41932.0,0.0,292978.0,4303.0,1.178,3209.0,4303.0,-1.0,9998.0,0.0,709727.0,3854.0,1257636424.0,18.0,2.394,3.572,0.63,296189.0,False
300.0,45f3b2d841eff242a2cd183a0c58dc4d.param,1.0,0.0,0.0,13.794,1257636424.0,38e336675536942a012ffd5f1c192cdd,85713.0,0.0,0.0,3.6210000000000004,16-50,41932.0,0.0,292978.0,4303.0,1.079,3209.0,4303.0,-1.0,9998.0,0.0,709727.0,3854.0,1257636424.0,18.0,2.366,3.445,0.63,296189.0,False
300.0,45f3b2d841eff242a2cd183a0c58dc4d.param,2.0,0.0,0.0,14.620999999999999,1257636424.0,38e336675536942a012ffd5f1c192cdd,85713.0,0.0,0.0,3.62,16-50,41932.0,0.0,292978.0,4303.0,1.094,3209.0,4303.0,-1.0,9998.0,0.0,709727.0,3854.0,1257636424.0,18.0,2.353,3.447,0.63,296189.0,False
300.0,638c867046eca01fa57da212f4a82591.param,0.0,0.0,0.0,27.229,83966730.0,fcd716a2513923f6d87976fe69ce682a,38211.0,0.0,0.0,3.5989999999999998,16-50,24017.0,0.0,614103.0,2140.0,2.345,8859.0,2140.0,-1.0,5782.0,0.0,427016.0,11454.0,83966730.0,11.0,0.9179999999999999,3.263,0.94,622964.0,False
300.0,638c867046eca01fa57da212f4a82591.param,1.0,0.0,0.0,26.381,83966730.0,fcd716a2513923f6d87976fe69ce682a,38211.0,0.0,0.0,3.555,16-50,24017.0,0.0,614103.0,2140.0,2.319,8859.0,2140.0,-1.0,5782.0,0.0,427016.0,11454.0,83966730.0,11.0,0.899,3.218,0.94,622964.0,False
300.0,638c867046eca01fa57da212f4a82591.param,2.0,0.0,0.0,28.494,83966730.0,fcd716a2513923f6d87976fe69ce682a,38211.0,0.0,0.0,3.523,16-50,24017.0,0.0,614103.0,2140.0,2.371,8859.0,2140.0,-1.0,5782.0,0.0,427016.0,11454.0,83966730.0,11.0,0.807,3.178,0.94,622964.0,False
300.0,b1fed41c662b810a67f17347ca208a34.param,0.0,0.0,0.0,43.693999999999996,1145031130.0,1fe8f6ceb67a550c3017d4ea0d42d70b,71896.0,0.0,0.0,6.233,16-50,65451.0,0.0,998555.0,2104.0,3.8089999999999997,11181.0,2104.0,-1.0,7312.0,0.0,516970.0,14496.0,1145031130.0,11.0,0.9059999999999999,4.715,2.11,1009738.0,False
300.0,b1fed41c662b810a67f17347ca208a34.param,1.0,0.0,0.0,41.135,1145031130.0,1fe8f6ceb67a550c3017d4ea0d42d70b,71896.0,0.0,0.0,5.162000000000001,16-50,65451.0,0.0,998555.0,2104.0,3.802,11181.0,2104.0,-1.0,7312.0,0.0,516970.0,14496.0,1145031130.0,11.0,0.847,4.649,2.11,1009738.0,False
300.0,b1fed41c662b810a67f17347ca208a34.param,2.0,0.0,0.0,42.136,1145031130.0,1fe8f6ceb67a550c3017d4ea0d42d70b,71896.0,0.0,0.0,5.477,16-50,65451.0,0.0,998555.0,2104.0,3.926,11181.0,2104.0,-1.0,7312.0,0.0,516970.0,14496.0,1145031130.0,11.0,0.8590000000000001,4.785,2.11,1009738.0,False
300.0,9c8685614d2fcc8ed75e3df0b278a590.param,0.0,0.0,0.0,32.188,506016928.0,f99d17f0d4a77eeb0d82f3cacf9addec,52436.0,0.0,0.0,4.561,16-50,29493.0,0.0,677952.0,4776.0,2.597,7503.0,4776.0,-1.0,4979.0,0.0,915073.0,9588.0,506016928.0,21.0,1.538,4.135,1.41,685457.0,False
300.0,9c8685614d2fcc8ed75e3df0b278a590.param,1.0,0.0,0.0,29.816,506016928.0,f99d17f0d4a77eeb0d82f3cacf9addec,52436.0,0.0,0.0,4.958,16-50,29493.0,0.0,677952.0,4776.0,2.758,7503.0,4776.0,-1.0,4979.0,0.0,915073.0,9588.0,506016928.0,21.0,1.6840000000000002,4.442,1.41,685457.0,False
300.0,9c8685614d2fcc8ed75e3df0b278a590.param,2.0,0.0,0.0,29.307,506016928.0,f99d17f0d4a77eeb0d82f3cacf9addec,52436.0,0.0,0.0,4.428999999999999,16-50,29493.0,0.0,677952.0,4776.0,2.582,7503.0,4776.0,-1.0,4979.0,0.0,915073.0,9588.0,506016928.0,21.0,1.46,4.042,1.41,685457.0,False
300.0,96344359b1d56ff7726ed1408e74685f.param,0.0,0.0,0.0,39.314,746355495.0,5280f71d4adb0e3c640f1b4ed48d1044,56241.0,0.0,0.0,6.122000000000001,16-50,41343.0,0.0,951217.0,1927.0,3.605,13146.0,1927.0,-1.0,8893.0,0.0,930723.0,17093.0,746355495.0,10.0,2.003,5.608,1.41,964365.0,False
300.0,96344359b1d56ff7726ed1408e74685f.param,1.0,0.0,0.0,39.332,746355495.0,5280f71d4adb0e3c640f1b4ed48d1044,56241.0,0.0,0.0,6.202999999999999,16-50,41343.0,0.0,951217.0,1927.0,3.627,13146.0,1927.0,-1.0,8893.0,0.0,930723.0,17093.0,746355495.0,10.0,2.069,5.6960000000000015,1.41,964365.0,False
300.0,96344359b1d56ff7726ed1408e74685f.param,2.0,0.0,0.0,43.075,746355495.0,5280f71d4adb0e3c640f1b4ed48d1044,56241.0,0.0,0.0,6.209,16-50,41343.0,0.0,951217.0,1927.0,3.665,13146.0,1927.0,-1.0,8893.0,0.0,930723.0,17093.0,746355495.0,10.0,2.059,5.724,1.41,964365.0,False
300.0,40381a7c5087f4ca968ce41333deeb15.param,0.0,0.0,0.0,26.491,746355495.0,a41d17c20b044827a1f8950ac779eb4e,25494.0,0.0,0.0,4.644,16-50,12476.0,0.0,639116.0,1278.0,2.395,8601.0,1278.0,-1.0,5722.0,0.0,754594.0,11112.0,746355495.0,7.0,1.899,4.294,0.94,647719.0,False
300.0,40381a7c5087f4ca968ce41333deeb15.param,1.0,0.0,0.0,29.65,746355495.0,a41d17c20b044827a1f8950ac779eb4e,25494.0,0.0,0.0,4.664,16-50,12476.0,0.0,639116.0,1278.0,2.499,8601.0,1278.0,-1.0,5722.0,0.0,754594.0,11112.0,746355495.0,7.0,1.82,4.319,0.94,647719.0,False
300.0,40381a7c5087f4ca968ce41333deeb15.param,2.0,0.0,0.0,26.408,746355495.0,a41d17c20b044827a1f8950ac779eb4e,25494.0,0.0,0.0,5.04,16-50,12476.0,0.0,639116.0,1278.0,2.494,8601.0,1278.0,-1.0,5722.0,0.0,754594.0,11112.0,746355495.0,7.0,2.122,4.6160000000000005,0.94,647719.0,False
300.0,a14c00732fcd60d2f8416079c6315cd5.param,0.0,0.0,0.0,18.371,95956545.0,0624c434bba790e28bb051378194952d,70832.0,0.0,0.0,3.988,16-50,41654.0,0.0,386619.0,5588.0,1.57,4145.0,5588.0,-1.0,7297.0,0.0,747557.0,5185.0,95956545.0,23.0,2.126,3.696,0.94,390766.0,False
300.0,a14c00732fcd60d2f8416079c6315cd5.param,1.0,0.0,0.0,17.105,95956545.0,0624c434bba790e28bb051378194952d,70832.0,0.0,0.0,3.8360000000000003,16-50,41654.0,0.0,386619.0,5588.0,1.535,4145.0,5588.0,-1.0,7297.0,0.0,747557.0,5185.0,95956545.0,23.0,2.079,3.614,0.94,390766.0,False
300.0,a14c00732fcd60d2f8416079c6315cd5.param,2.0,0.0,0.0,17.474,95956545.0,0624c434bba790e28bb051378194952d,70832.0,0.0,0.0,3.707,16-50,41654.0,0.0,386619.0,5588.0,1.493,4145.0,5588.0,-1.0,7297.0,0.0,747557.0,5185.0,95956545.0,23.0,1.992,3.485,0.94,390766.0,False
300.0,291d875a60416791f305122ac9d8b34d.param,0.0,0.0,0.0,24.19,1923385776.0,cbd92df5ad6effeb76c09d4bf295baf6,108956.0,0.0,0.0,4.187,16-50,67621.0,0.0,570178.0,5854.0,2.165,5861.0,5854.0,-1.0,6921.0,0.0,829706.0,7454.0,1923385776.0,26.0,1.7180000000000002,3.883,1.41,576041.0,False
300.0,291d875a60416791f305122ac9d8b34d.param,1.0,0.0,0.0,24.826999999999998,1923385776.0,cbd92df5ad6effeb76c09d4bf295baf6,108956.0,0.0,0.0,4.335,16-50,67621.0,0.0,570178.0,5854.0,2.248,5861.0,5854.0,-1.0,6921.0,0.0,829706.0,7454.0,1923385776.0,26.0,1.768,4.016,1.41,576041.0,False
300.0,291d875a60416791f305122ac9d8b34d.param,2.0,0.0,0.0,27.361,1923385776.0,cbd92df5ad6effeb76c09d4bf295baf6,108956.0,0.0,0.0,4.238,16-50,67621.0,0.0,570178.0,5854.0,2.1319999999999997,5861.0,5854.0,-1.0,6921.0,0.0,829706.0,7454.0,1923385776.0,26.0,1.7890000000000001,3.9210000000000003,1.41,576041.0,False
300.0,da23055718a39734c4c353a6c30d342b.param,0.0,0.0,0.0,46.31100000000001,1405409883.0,0ed44cf0dfc682959ababce0dbbbdf0d,21718.0,0.0,0.0,6.3,16-50,21303.0,0.0,1179255.0,367.0,4.546,15247.0,367.0,-1.0,10002.0,0.0,182517.0,19862.0,1405409883.0,2.0,0.941,5.487,2.11,1194504.0,False
300.0,da23055718a39734c4c353a6c30d342b.param,1.0,0.0,0.0,47.425,1405409883.0,0ed44cf0dfc682959ababce0dbbbdf0d,21718.0,0.0,0.0,5.806,16-50,21303.0,0.0,1179255.0,367.0,4.62,15247.0,367.0,-1.0,10002.0,0.0,182517.0,19862.0,1405409883.0,2.0,0.58,5.2,2.11,1194504.0,False
300.0,da23055718a39734c4c353a6c30d342b.param,2.0,0.0,0.0,47.34,1405409883.0,0ed44cf0dfc682959ababce0dbbbdf0d,21718.0,0.0,0.0,5.752999999999999,16-50,21303.0,0.0,1179255.0,367.0,4.564,15247.0,367.0,-1.0,10002.0,0.0,182517.0,19862.0,1405409883.0,2.0,0.56,5.124,2.11,1194504.0,False
300.0,ea7bd7600bcbe337da419744986a2765.param,0.0,0.0,0.0,70.083,1057470620.0,971de4b953b1dd33d4eea1039064b79e,128683.0,0.0,0.0,12.725999999999999,16-50,45156.0,0.0,1586296.0,6896.0,6.153,15801.0,6896.0,-1.0,13619.0,0.0,1634159.0,20532.0,1057470620.0,30.0,5.722,11.875,3.16,1602099.0,False
300.0,ea7bd7600bcbe337da419744986a2765.param,1.0,0.0,0.0,66.76100000000001,1057470620.0,971de4b953b1dd33d4eea1039064b79e,128683.0,0.0,0.0,13.626,16-50,45156.0,0.0,1586296.0,6896.0,6.28,15801.0,6896.0,-1.0,13619.0,0.0,1634159.0,20532.0,1057470620.0,30.0,6.447,12.727,3.16,1602099.0,False
300.0,ea7bd7600bcbe337da419744986a2765.param,2.0,0.0,0.0,64.958,1057470620.0,971de4b953b1dd33d4eea1039064b79e,128683.0,0.0,0.0,12.940999999999999,16-50,45156.0,0.0,1586296.0,6896.0,6.095,15801.0,6896.0,-1.0,13619.0,0.0,1634159.0,20532.0,1057470620.0,30.0,5.733,11.828,3.16,1602099.0,False
300.0,62b5368b71f5a58af6d0df94093218da.param,0.0,0.0,0.0,46.786,590654055.0,05dc0ccb283ae32cff395f48fd1e3b54,202502.0,0.0,0.0,12.024000000000001,16-50,91448.0,0.0,1171076.0,6336.0,4.567,13401.0,6336.0,-1.0,17722.0,0.0,1264309.0,17392.0,590654055.0,29.0,6.597,11.164000000000001,2.11,1184479.0,False
300.0,62b5368b71f5a58af6d0df94093218da.param,1.0,0.0,0.0,51.543,590654055.0,05dc0ccb283ae32cff395f48fd1e3b54,202502.0,0.0,0.0,11.687000000000001,16-50,91448.0,0.0,1171076.0,6336.0,4.579,13401.0,6336.0,-1.0,17722.0,0.0,1264309.0,17392.0,590654055.0,29.0,6.479,11.058,2.11,1184479.0,False
300.0,62b5368b71f5a58af6d0df94093218da.param,2.0,0.0,0.0,46.468999999999994,590654055.0,05dc0ccb283ae32cff395f48fd1e3b54,202502.0,0.0,0.0,12.214,16-50,91448.0,0.0,1171076.0,6336.0,4.468,13401.0,6336.0,-1.0,17722.0,0.0,1264309.0,17392.0,590654055.0,29.0,6.93,11.398,2.11,1184479.0,False
300.0,e3acebf7a8b1b7baee676b2504100871.param,0.0,0.0,0.0,9.821,600810857.0,53ab673c1b0fbf58a7d3754b6038eb42,43790.0,0.0,0.0,1.6580000000000001,16-50,28043.0,0.0,205923.0,3238.0,0.731,2209.0,3238.0,-1.0,3889.0,0.0,636586.0,2561.0,600810857.0,15.0,0.799,1.53,0.28,208134.0,False
300.0,e3acebf7a8b1b7baee676b2504100871.param,1.0,0.0,0.0,9.501,600810857.0,53ab673c1b0fbf58a7d3754b6038eb42,43790.0,0.0,0.0,1.7469999999999999,16-50,28043.0,0.0,205923.0,3238.0,0.755,2209.0,3238.0,-1.0,3889.0,0.0,636586.0,2561.0,600810857.0,15.0,0.845,1.6,0.28,208134.0,False
300.0,e3acebf7a8b1b7baee676b2504100871.param,2.0,0.0,0.0,10.494000000000002,600810857.0,53ab673c1b0fbf58a7d3754b6038eb42,43790.0,0.0,0.0,1.726,16-50,28043.0,0.0,205923.0,3238.0,0.742,2209.0,3238.0,-1.0,3889.0,0.0,636586.0,2561.0,600810857.0,15.0,0.838,1.58,0.28,208134.0,False
300.0,902f37d04b6af4dd50620fbce6af0b97.param,0.0,0.0,0.0,52.629,1258716603.0,636e34898d3838144faa4e185f647788,98260.0,0.0,0.0,7.881,16-50,72706.0,0.0,1206273.0,5627.0,4.593999999999999,14650.0,5627.0,-1.0,9608.0,0.0,1094045.0,19073.0,1258716603.0,24.0,2.5810000000000004,7.175,2.11,1220925.0,False
300.0,902f37d04b6af4dd50620fbce6af0b97.param,1.0,0.0,0.0,50.976000000000006,1258716603.0,636e34898d3838144faa4e185f647788,98260.0,0.0,0.0,7.575,16-50,72706.0,0.0,1206273.0,5627.0,4.582,14650.0,5627.0,-1.0,9608.0,0.0,1094045.0,19073.0,1258716603.0,24.0,2.356,6.938,2.11,1220925.0,False
300.0,902f37d04b6af4dd50620fbce6af0b97.param,2.0,0.0,0.0,50.84,1258716603.0,636e34898d3838144faa4e185f647788,98260.0,0.0,0.0,7.987,16-50,72706.0,0.0,1206273.0,5627.0,4.877,14650.0,5627.0,-1.0,9608.0,0.0,1094045.0,19073.0,1258716603.0,24.0,2.438,7.315,2.11,1220925.0,False
300.0,7b5860221ac4bf880739e34b36b6d1fb.param,0.0,0.0,0.0,49.08600000000001,95956545.0,7f25a6d61e3605aae32838e4dccac888,198818.0,0.0,0.0,14.474,16-50,140671.0,0.0,1123786.0,10035.0,4.47,11201.0,10035.0,-1.0,9968.0,0.0,1733380.0,14492.0,95956545.0,35.0,9.177,13.647,2.11,1134989.0,False
300.0,7b5860221ac4bf880739e34b36b6d1fb.param,1.0,0.0,0.0,44.68600000000001,95956545.0,7f25a6d61e3605aae32838e4dccac888,198818.0,0.0,0.0,13.129000000000001,16-50,140671.0,0.0,1123786.0,10035.0,4.2860000000000005,11201.0,10035.0,-1.0,9968.0,0.0,1733380.0,14492.0,95956545.0,35.0,8.248,12.534,2.11,1134989.0,False
300.0,7b5860221ac4bf880739e34b36b6d1fb.param,2.0,0.0,0.0,49.417,95956545.0,7f25a6d61e3605aae32838e4dccac888,198818.0,0.0,0.0,13.21,16-50,140671.0,0.0,1123786.0,10035.0,4.351,11201.0,10035.0,-1.0,9968.0,0.0,1733380.0,14492.0,95956545.0,35.0,8.076,12.427,2.11,1134989.0,False
300.0,2c863ef862f94f5be37b35a0e4c17156.param,0.0,0.0,0.0,43.878,1235388569.0,547bd25292a8c6f9229543514b7218cc,67446.0,0.0,0.0,6.382999999999999,16-50,50492.0,0.0,1018714.0,4896.0,4.023,10575.0,4896.0,-1.0,6904.0,0.0,798608.0,13670.0,1235388569.0,22.0,1.8019999999999998,5.825,2.11,1029291.0,False
300.0,2c863ef862f94f5be37b35a0e4c17156.param,1.0,0.0,0.0,43.271,1235388569.0,547bd25292a8c6f9229543514b7218cc,67446.0,0.0,0.0,6.311,16-50,50492.0,0.0,1018714.0,4896.0,3.912,10575.0,4896.0,-1.0,6904.0,0.0,798608.0,13670.0,1235388569.0,22.0,1.848,5.76,2.11,1029291.0,False
300.0,2c863ef862f94f5be37b35a0e4c17156.param,2.0,0.0,0.0,43.401,1235388569.0,547bd25292a8c6f9229543514b7218cc,67446.0,0.0,0.0,6.329,16-50,50492.0,0.0,1018714.0,4896.0,3.867,10575.0,4896.0,-1.0,6904.0,0.0,798608.0,13670.0,1235388569.0,22.0,1.881,5.7479999999999976,2.11,1029291.0,False
300.0,53797da70b0cf5f28e45644f5fda249f.param,0.0,0.0,0.0,9.443999999999999,1923385776.0,6bf35cf38af629ec626852dd0364ddc3,29758.0,0.0,0.0,1.3259999999999998,16-50,16432.0,0.0,199998.0,2013.0,0.7190000000000001,1939.0,2013.0,-1.0,4339.0,0.0,348529.0,2246.0,1923385776.0,11.0,0.479,1.198,0.42,201939.0,False
300.0,53797da70b0cf5f28e45644f5fda249f.param,1.0,0.0,0.0,8.935,1923385776.0,6bf35cf38af629ec626852dd0364ddc3,29758.0,0.0,0.0,1.369,16-50,16432.0,0.0,199998.0,2013.0,0.757,1939.0,2013.0,-1.0,4339.0,0.0,348529.0,2246.0,1923385776.0,11.0,0.48200000000000004,1.239,0.42,201939.0,False
300.0,53797da70b0cf5f28e45644f5fda249f.param,2.0,0.0,0.0,9.184,1923385776.0,6bf35cf38af629ec626852dd0364ddc3,29758.0,0.0,0.0,1.359,16-50,16432.0,0.0,199998.0,2013.0,0.75,1939.0,2013.0,-1.0,4339.0,0.0,348529.0,2246.0,1923385776.0,11.0,0.478,1.228,0.42,201939.0,False
300.0,ceb1794b37ee7a46798c6a75e6be96ab.param,0.0,0.0,0.0,19.211,590654055.0,a43c3fe290a60339c5fe84785ca1ad34,45899.0,0.0,0.0,2.5340000000000003,16-50,32440.0,0.0,409401.0,2489.0,1.5430000000000001,4082.0,2489.0,-1.0,5845.0,0.0,575038.0,5037.0,590654055.0,14.0,0.7509999999999999,2.294,0.94,413485.0,False
300.0,ceb1794b37ee7a46798c6a75e6be96ab.param,1.0,0.0,0.0,18.775,590654055.0,a43c3fe290a60339c5fe84785ca1ad34,45899.0,0.0,0.0,2.799,16-50,32440.0,0.0,409401.0,2489.0,1.715,4082.0,2489.0,-1.0,5845.0,0.0,575038.0,5037.0,590654055.0,14.0,0.8009999999999999,2.516,0.94,413485.0,False
300.0,ceb1794b37ee7a46798c6a75e6be96ab.param,2.0,0.0,0.0,20.134,590654055.0,a43c3fe290a60339c5fe84785ca1ad34,45899.0,0.0,0.0,2.559,16-50,32440.0,0.0,409401.0,2489.0,1.541,4082.0,2489.0,-1.0,5845.0,0.0,575038.0,5037.0,590654055.0,14.0,0.77,2.311,0.94,413485.0,False
300.0,f3f514a91e7728b0df10399e56f94206.param,0.0,0.0,0.0,18.394000000000002,590654055.0,2597bf816c4ab6610f1765b7bb259d32,54354.0,0.0,0.0,3.6830000000000003,16-50,33733.0,0.0,421842.0,2071.0,1.6,4473.0,2071.0,-1.0,7658.0,0.0,599735.0,5578.0,590654055.0,11.0,1.844,3.444,0.63,426317.0,False
300.0,f3f514a91e7728b0df10399e56f94206.param,1.0,0.0,0.0,18.59,590654055.0,2597bf816c4ab6610f1765b7bb259d32,54354.0,0.0,0.0,3.908,16-50,33733.0,0.0,421842.0,2071.0,1.84,4473.0,2071.0,-1.0,7658.0,0.0,599735.0,5578.0,590654055.0,11.0,1.8419999999999999,3.682,0.63,426317.0,False
300.0,f3f514a91e7728b0df10399e56f94206.param,2.0,0.0,0.0,18.964000000000002,590654055.0,2597bf816c4ab6610f1765b7bb259d32,54354.0,0.0,0.0,3.642,16-50,33733.0,0.0,421842.0,2071.0,1.62,4473.0,2071.0,-1.0,7658.0,0.0,599735.0,5578.0,590654055.0,11.0,1.7930000000000001,3.4130000000000003,0.63,426317.0,False
300.0,86d0a459cbac55d6b0ecb8de1373f318.param,0.0,0.0,0.0,47.31100000000001,34754393.0,d98d659c5d053cfd0918b1720d91cfdb,84882.0,0.0,0.0,7.035,16-50,64578.0,0.0,1152427.0,1828.0,4.461,16592.0,1828.0,-1.0,10883.0,0.0,718369.0,21603.0,34754393.0,10.0,1.964,6.425,2.11,1169021.0,False
300.0,86d0a459cbac55d6b0ecb8de1373f318.param,1.0,0.0,0.0,49.465,34754393.0,d98d659c5d053cfd0918b1720d91cfdb,84882.0,0.0,0.0,6.9460000000000015,16-50,64578.0,0.0,1152427.0,1828.0,4.356,16592.0,1828.0,-1.0,10883.0,0.0,718369.0,21603.0,34754393.0,10.0,1.986,6.3420000000000005,2.11,1169021.0,False
300.0,86d0a459cbac55d6b0ecb8de1373f318.param,2.0,0.0,0.0,49.183,34754393.0,d98d659c5d053cfd0918b1720d91cfdb,84882.0,0.0,0.0,6.919,16-50,64578.0,0.0,1152427.0,1828.0,4.38,16592.0,1828.0,-1.0,10883.0,0.0,718369.0,21603.0,34754393.0,10.0,1.9280000000000002,6.308,2.11,1169021.0,False
300.0,55b26376914ebad092e2e305df354383.param,0.0,0.0,0.0,26.219,1470727592.0,02fe4675f0ab943fe554d296bcaab2ab,126347.0,0.0,0.0,4.697,16-50,86852.0,0.0,589539.0,5289.0,2.266,6529.0,5289.0,-1.0,9515.0,0.0,710637.0,8351.0,1470727592.0,23.0,2.106,4.372,1.41,596070.0,False
300.0,55b26376914ebad092e2e305df354383.param,1.0,0.0,0.0,26.749000000000002,1470727592.0,02fe4675f0ab943fe554d296bcaab2ab,126347.0,0.0,0.0,4.751,16-50,86852.0,0.0,589539.0,5289.0,2.2769999999999997,6529.0,5289.0,-1.0,9515.0,0.0,710637.0,8351.0,1470727592.0,23.0,2.1390000000000002,4.416,1.41,596070.0,False
300.0,55b26376914ebad092e2e305df354383.param,2.0,0.0,0.0,27.56900000000001,1470727592.0,02fe4675f0ab943fe554d296bcaab2ab,126347.0,0.0,0.0,4.9430000000000005,16-50,86852.0,0.0,589539.0,5289.0,2.4659999999999997,6529.0,5289.0,-1.0,9515.0,0.0,710637.0,8351.0,1470727592.0,23.0,2.138,4.604,1.41,596070.0,False
300.0,e132556b0d38151640e92d05691dbdbe.param,0.0,0.0,0.0,78.315,1918631718.0,23744dc5a317d783186ad89b24358ceb,47905.0,0.0,0.0,9.342,16-50,37079.0,0.0,1857771.0,2108.0,7.245,19075.0,2108.0,-1.0,12526.0,0.0,528922.0,24878.0,1918631718.0,11.0,1.131,8.376,3.16,1876848.0,False
300.0,e132556b0d38151640e92d05691dbdbe.param,1.0,0.0,0.0,73.63600000000002,1918631718.0,23744dc5a317d783186ad89b24358ceb,47905.0,0.0,0.0,9.433,16-50,37079.0,0.0,1857771.0,2108.0,7.2,19075.0,2108.0,-1.0,12526.0,0.0,528922.0,24878.0,1918631718.0,11.0,1.238,8.437999999999999,3.16,1876848.0,False
300.0,e132556b0d38151640e92d05691dbdbe.param,2.0,0.0,0.0,77.078,1918631718.0,23744dc5a317d783186ad89b24358ceb,47905.0,0.0,0.0,9.057,16-50,37079.0,0.0,1857771.0,2108.0,7.2010000000000005,19075.0,2108.0,-1.0,12526.0,0.0,528922.0,24878.0,1918631718.0,11.0,0.9420000000000001,8.142999999999999,3.16,1876848.0,False
300.0,7c50c2c12e2aac2541da57a3aad7ca55.param,0.0,0.0,0.0,73.847,182366586.0,4485accb23c1c20ad71dfade74ac1090,114090.0,0.0,0.0,10.537,16-50,84971.0,0.0,1768017.0,4967.0,6.791,18353.0,4967.0,-1.0,12057.0,0.0,858215.0,23953.0,182366586.0,22.0,2.452,9.243,3.16,1786372.0,False
300.0,7c50c2c12e2aac2541da57a3aad7ca55.param,1.0,0.0,0.0,72.858,182366586.0,4485accb23c1c20ad71dfade74ac1090,114090.0,0.0,0.0,10.634,16-50,84971.0,0.0,1768017.0,4967.0,7.103,18353.0,4967.0,-1.0,12057.0,0.0,858215.0,23953.0,182366586.0,22.0,2.495,9.597999999999999,3.16,1786372.0,False
300.0,7c50c2c12e2aac2541da57a3aad7ca55.param,2.0,0.0,0.0,73.763,182366586.0,4485accb23c1c20ad71dfade74ac1090,114090.0,0.0,0.0,10.844000000000001,16-50,84971.0,0.0,1768017.0,4967.0,7.0,18353.0,4967.0,-1.0,12057.0,0.0,858215.0,23953.0,182366586.0,22.0,2.588,9.588,3.16,1786372.0,False
300.0,c73e9bafac569591c4ea47d45cfac20c.param,0.0,0.0,0.0,33.721,1918631718.0,54d605efca55b5ade1c71b6a967045d3,179972.0,0.0,0.0,9.745,16-50,99659.0,0.0,700379.0,10339.0,2.633,7050.0,10339.0,-1.0,12089.0,0.0,1345371.0,8965.0,1918631718.0,37.0,6.622000000000001,9.255,1.41,707431.0,False
300.0,c73e9bafac569591c4ea47d45cfac20c.param,1.0,0.0,0.0,33.016,1918631718.0,54d605efca55b5ade1c71b6a967045d3,179972.0,0.0,0.0,9.849,16-50,99659.0,0.0,700379.0,10339.0,2.678,7050.0,10339.0,-1.0,12089.0,0.0,1345371.0,8965.0,1918631718.0,37.0,6.6610000000000005,9.339,1.41,707431.0,False
300.0,c73e9bafac569591c4ea47d45cfac20c.param,2.0,0.0,0.0,29.916,1918631718.0,54d605efca55b5ade1c71b6a967045d3,179972.0,0.0,0.0,9.788,16-50,99659.0,0.0,700379.0,10339.0,2.702,7050.0,10339.0,-1.0,12089.0,0.0,1345371.0,8965.0,1918631718.0,37.0,6.593,9.295,1.41,707431.0,False
300.0,3a224236b6b589e9f8161cb41fb64421.param,0.0,0.0,0.0,41.106,2028359165.0,c0d7b6b94e6b00b8eddd859016b743b3,376952.0,0.0,0.0,12.437000000000001,16-50,273469.0,0.0,936703.0,9620.0,3.6210000000000004,10256.0,9620.0,-1.0,10794.0,0.0,1338995.0,13259.0,2028359165.0,32.0,8.023,11.644,1.41,946961.0,False
300.0,3a224236b6b589e9f8161cb41fb64421.param,1.0,0.0,0.0,37.885,2028359165.0,c0d7b6b94e6b00b8eddd859016b743b3,376952.0,0.0,0.0,11.895,16-50,273469.0,0.0,936703.0,9620.0,3.659,10256.0,9620.0,-1.0,10794.0,0.0,1338995.0,13259.0,2028359165.0,32.0,7.702000000000001,11.360999999999999,1.41,946961.0,False
300.0,3a224236b6b589e9f8161cb41fb64421.param,2.0,0.0,0.0,39.01300000000001,2028359165.0,c0d7b6b94e6b00b8eddd859016b743b3,376952.0,0.0,0.0,12.204,16-50,273469.0,0.0,936703.0,9620.0,3.5380000000000003,10256.0,9620.0,-1.0,10794.0,0.0,1338995.0,13259.0,2028359165.0,32.0,7.997000000000001,11.535,1.41,946961.0,False
300.0,f09afe8bb1fa94a49596406bf88166c9.param,0.0,0.0,0.0,46.669,1918631718.0,1bcf4ca1d9bd7aa0f08e86c75917f43e,93939.0,0.0,0.0,15.399000000000001,16-50,25666.0,0.0,1147737.0,4244.0,4.5169999999999995,12840.0,4244.0,-1.0,14993.0,0.0,650629.0,16643.0,1918631718.0,18.0,10.308,14.825,2.11,1160579.0,False
300.0,f09afe8bb1fa94a49596406bf88166c9.param,1.0,0.0,0.0,47.393,1918631718.0,1bcf4ca1d9bd7aa0f08e86c75917f43e,93939.0,0.0,0.0,15.462,16-50,25666.0,0.0,1147737.0,4244.0,4.525,12840.0,4244.0,-1.0,14993.0,0.0,650629.0,16643.0,1918631718.0,18.0,10.18,14.705,2.11,1160579.0,False
300.0,f09afe8bb1fa94a49596406bf88166c9.param,2.0,0.0,0.0,47.273,1918631718.0,1bcf4ca1d9bd7aa0f08e86c75917f43e,93939.0,0.0,0.0,15.269,16-50,25666.0,0.0,1147737.0,4244.0,4.503,12840.0,4244.0,-1.0,14993.0,0.0,650629.0,16643.0,1918631718.0,18.0,10.125,14.628,2.11,1160579.0,False
300.0,971e5d247ffd98140d5d9199460cd7b4.param,0.0,0.0,0.0,33.366,1257636424.0,ef6b44a3f58a7e3b519c4eb224d17ba8,73036.0,0.0,0.0,5.481,16-50,53728.0,0.0,759650.0,2657.0,2.8930000000000002,8051.0,2657.0,-1.0,6081.0,0.0,1052554.0,10306.0,1257636424.0,14.0,2.18,5.073,2.11,767703.0,False
300.0,971e5d247ffd98140d5d9199460cd7b4.param,1.0,0.0,0.0,32.991,1257636424.0,ef6b44a3f58a7e3b519c4eb224d17ba8,73036.0,0.0,0.0,6.272,16-50,53728.0,0.0,759650.0,2657.0,3.009,8051.0,2657.0,-1.0,6081.0,0.0,1052554.0,10306.0,1257636424.0,14.0,2.716,5.725,2.11,767703.0,False
300.0,971e5d247ffd98140d5d9199460cd7b4.param,2.0,0.0,0.0,33.044000000000004,1257636424.0,ef6b44a3f58a7e3b519c4eb224d17ba8,73036.0,0.0,0.0,6.019,16-50,53728.0,0.0,759650.0,2657.0,3.11,8051.0,2657.0,-1.0,6081.0,0.0,1052554.0,10306.0,1257636424.0,14.0,2.476,5.586,2.11,767703.0,False
300.0,9fea3b5fddf357019f10d5f61fc8a74b.param,0.0,0.0,0.0,40.504,693280077.0,14753cd9482174381ba6d95e4f053be8,32160.0,0.0,0.0,4.65,16-50,26643.0,0.0,951613.0,1898.0,3.6639999999999997,13329.0,1898.0,-1.0,8732.0,0.0,365028.0,17326.0,693280077.0,10.0,0.49,4.154,1.41,964944.0,False
300.0,9fea3b5fddf357019f10d5f61fc8a74b.param,1.0,0.0,0.0,39.129,693280077.0,14753cd9482174381ba6d95e4f053be8,32160.0,0.0,0.0,4.967,16-50,26643.0,0.0,951613.0,1898.0,3.804,13329.0,1898.0,-1.0,8732.0,0.0,365028.0,17326.0,693280077.0,10.0,0.539,4.343,1.41,964944.0,False
300.0,9fea3b5fddf357019f10d5f61fc8a74b.param,2.0,0.0,0.0,38.266999999999996,693280077.0,14753cd9482174381ba6d95e4f053be8,32160.0,0.0,0.0,4.9,16-50,26643.0,0.0,951613.0,1898.0,3.8160000000000003,13329.0,1898.0,-1.0,8732.0,0.0,365028.0,17326.0,693280077.0,10.0,0.519,4.335,1.41,964944.0,False
300.0,c7380516182e520bfda807e4d9ed529d.param,0.0,0.0,0.0,10.776,1057470620.0,bbaecb3af1408c77831395c73371c96d,20397.0,0.0,0.0,2.021,16-50,9811.0,0.0,231672.0,2047.0,0.892,2335.0,2047.0,-1.0,4733.0,0.0,471414.0,2708.0,1057470620.0,11.0,0.98,1.8719999999999999,0.42,234009.0,False
300.0,c7380516182e520bfda807e4d9ed529d.param,1.0,0.0,0.0,10.835999999999999,1057470620.0,bbaecb3af1408c77831395c73371c96d,20397.0,0.0,0.0,2.0069999999999997,16-50,9811.0,0.0,231672.0,2047.0,0.867,2335.0,2047.0,-1.0,4733.0,0.0,471414.0,2708.0,1057470620.0,11.0,0.961,1.828,0.42,234009.0,False
300.0,c7380516182e520bfda807e4d9ed529d.param,2.0,0.0,0.0,11.036,1057470620.0,bbaecb3af1408c77831395c73371c96d,20397.0,0.0,0.0,1.945,16-50,9811.0,0.0,231672.0,2047.0,0.862,2335.0,2047.0,-1.0,4733.0,0.0,471414.0,2708.0,1057470620.0,11.0,0.934,1.796,0.42,234009.0,False
300.0,d77b1e8e85636e2a8e697f0467151b32.param,0.0,0.0,0.0,10.91,590654055.0,d7543eaf1fcab570102908688a02cabc,3461.0,0.0,0.0,1.0290000000000001,16-50,3145.0,0.0,222252.0,222.0,0.845,2263.0,222.0,-1.0,1378.0,0.0,123543.0,2624.0,590654055.0,2.0,0.052000000000000005,0.897,0.42,224517.0,False
300.0,d77b1e8e85636e2a8e697f0467151b32.param,1.0,0.0,0.0,10.602,590654055.0,d7543eaf1fcab570102908688a02cabc,3461.0,0.0,0.0,1.022,16-50,3145.0,0.0,222252.0,222.0,0.833,2263.0,222.0,-1.0,1378.0,0.0,123543.0,2624.0,590654055.0,2.0,0.052000000000000005,0.885,0.42,224517.0,False
300.0,d77b1e8e85636e2a8e697f0467151b32.param,2.0,0.0,0.0,10.741,590654055.0,d7543eaf1fcab570102908688a02cabc,3461.0,0.0,0.0,0.99,16-50,3145.0,0.0,222252.0,222.0,0.8079999999999999,2263.0,222.0,-1.0,1378.0,0.0,123543.0,2624.0,590654055.0,2.0,0.052000000000000005,0.86,0.42,224517.0,False
300.0,accc739b7443ee6f6c986b29106d30b2.param,0.0,0.0,0.0,69.028,1057470620.0,7a7b221e502578554684c6fcb9b74874,22037.0,0.0,0.0,8.191,16-50,21573.0,0.0,1731126.0,384.0,6.75,16751.0,384.0,-1.0,10991.0,0.0,237801.0,21822.0,1057470620.0,2.0,0.547,7.2970000000000015,3.16,1747879.0,False
300.0,accc739b7443ee6f6c986b29106d30b2.param,1.0,0.0,0.0,73.70100000000002,1057470620.0,7a7b221e502578554684c6fcb9b74874,22037.0,0.0,0.0,8.24,16-50,21573.0,0.0,1731126.0,384.0,6.745,16751.0,384.0,-1.0,10991.0,0.0,237801.0,21822.0,1057470620.0,2.0,0.585,7.33,3.16,1747879.0,False
300.0,accc739b7443ee6f6c986b29106d30b2.param,2.0,0.0,0.0,76.186,1057470620.0,7a7b221e502578554684c6fcb9b74874,22037.0,0.0,0.0,8.346,16-50,21573.0,0.0,1731126.0,384.0,6.803,16751.0,384.0,-1.0,10991.0,0.0,237801.0,21822.0,1057470620.0,2.0,0.621,7.423999999999999,3.16,1747879.0,False
300.0,5f169f8946c848c062a4dd468eb064c1.param,0.0,0.0,0.0,79.656,2136253402.0,e35f11cf7f215d3daf610e4cf85795d2,25387.0,0.0,0.0,8.842,16-50,24785.0,0.0,1818639.0,406.0,7.026,17265.0,406.0,-1.0,11332.0,0.0,235090.0,22503.0,2136253402.0,3.0,0.589,7.615,3.16,1835906.0,False
300.0,5f169f8946c848c062a4dd468eb064c1.param,1.0,0.0,0.0,72.88600000000002,2136253402.0,e35f11cf7f215d3daf610e4cf85795d2,25387.0,0.0,0.0,8.545,16-50,24785.0,0.0,1818639.0,406.0,7.026,17265.0,406.0,-1.0,11332.0,0.0,235090.0,22503.0,2136253402.0,3.0,0.607,7.632999999999999,3.16,1835906.0,False
300.0,5f169f8946c848c062a4dd468eb064c1.param,2.0,0.0,0.0,76.569,2136253402.0,e35f11cf7f215d3daf610e4cf85795d2,25387.0,0.0,0.0,9.288,16-50,24785.0,0.0,1818639.0,406.0,7.194,17265.0,406.0,-1.0,11332.0,0.0,235090.0,22503.0,2136253402.0,3.0,0.857,8.051,3.16,1835906.0,False
300.0,bb83bd2588db308f9da59945e9f53761.param,0.0,0.0,0.0,37.128,823094821.0,ff9d8a38eb0f55bdd84bec1a863be16f,98038.0,0.0,0.0,6.188,16-50,65754.0,0.0,888593.0,5779.0,3.366,10538.0,5779.0,-1.0,7152.0,0.0,940209.0,13649.0,823094821.0,25.0,2.2969999999999997,5.662999999999999,1.41,899133.0,False
300.0,bb83bd2588db308f9da59945e9f53761.param,1.0,0.0,0.0,36.846,823094821.0,ff9d8a38eb0f55bdd84bec1a863be16f,98038.0,0.0,0.0,6.671,16-50,65754.0,0.0,888593.0,5779.0,3.4160000000000004,10538.0,5779.0,-1.0,7152.0,0.0,940209.0,13649.0,823094821.0,25.0,2.5810000000000004,5.997000000000001,1.41,899133.0,False
300.0,bb83bd2588db308f9da59945e9f53761.param,2.0,0.0,0.0,36.421,823094821.0,ff9d8a38eb0f55bdd84bec1a863be16f,98038.0,0.0,0.0,6.225,16-50,65754.0,0.0,888593.0,5779.0,3.3789999999999996,10538.0,5779.0,-1.0,7152.0,0.0,940209.0,13649.0,823094821.0,25.0,2.327,5.706,1.41,899133.0,False
300.0,3516b948e6368c1e04e766cb3dbf658f.param,0.0,0.0,0.0,101.13600000000001,1235388569.0,ef9b99337ff82939c9f24c71b1282775,52024.0,0.0,0.0,12.703,16-50,45795.0,0.0,2399271.0,1906.0,9.392000000000001,24651.0,1906.0,-1.0,16226.0,0.0,482538.0,32272.0,1235388569.0,10.0,1.689,11.081,3.16,2423924.0,False
300.0,3516b948e6368c1e04e766cb3dbf658f.param,1.0,0.0,0.0,93.964,1235388569.0,ef9b99337ff82939c9f24c71b1282775,52024.0,0.0,0.0,12.315,16-50,45795.0,0.0,2399271.0,1906.0,9.577,24651.0,1906.0,-1.0,16226.0,0.0,482538.0,32272.0,1235388569.0,10.0,1.5419999999999998,11.119000000000002,3.16,2423924.0,False
300.0,3516b948e6368c1e04e766cb3dbf658f.param,2.0,0.0,0.0,98.78,1235388569.0,ef9b99337ff82939c9f24c71b1282775,52024.0,0.0,0.0,12.067,16-50,45795.0,0.0,2399271.0,1906.0,9.455,24651.0,1906.0,-1.0,16226.0,0.0,482538.0,32272.0,1235388569.0,10.0,1.361,10.815999999999999,3.16,2423924.0,False
300.0,2cf01039b19cea84eef8c942aea32605.param,0.0,0.0,0.0,76.544,1057470620.0,195214d04889d3e679351f70cac7095c,24373.0,0.0,0.0,9.224,16-50,23879.0,0.0,1834722.0,400.0,7.43,18097.0,400.0,-1.0,11877.0,0.0,250170.0,23582.0,1057470620.0,2.0,0.752,8.182,3.16,1852821.0,False
300.0,2cf01039b19cea84eef8c942aea32605.param,1.0,0.0,0.0,72.96600000000002,1057470620.0,195214d04889d3e679351f70cac7095c,24373.0,0.0,0.0,8.798,16-50,23879.0,0.0,1834722.0,400.0,7.193,18097.0,400.0,-1.0,11877.0,0.0,250170.0,23582.0,1057470620.0,2.0,0.6409999999999999,7.834,3.16,1852821.0,False
300.0,2cf01039b19cea84eef8c942aea32605.param,2.0,0.0,0.0,74.696,1057470620.0,195214d04889d3e679351f70cac7095c,24373.0,0.0,0.0,9.11,16-50,23879.0,0.0,1834722.0,400.0,7.3020000000000005,18097.0,400.0,-1.0,11877.0,0.0,250170.0,23582.0,1057470620.0,2.0,0.584,7.886,3.16,1852821.0,False
300.0,61f5f3058b749cd913e33ba1bf9fcead.param,0.0,0.0,0.0,6.2589999999999995,693280077.0,bcf84b5e51ac19a1ac9bbafe31a01b1b,1977.0,0.0,0.0,0.55,16-50,1632.0,0.0,117873.0,261.0,0.42,1401.0,261.0,-1.0,814.0,0.0,121981.0,1509.0,693280077.0,2.0,0.046,0.466,0.28,119276.0,False
300.0,61f5f3058b749cd913e33ba1bf9fcead.param,1.0,0.0,0.0,6.273,693280077.0,bcf84b5e51ac19a1ac9bbafe31a01b1b,1977.0,0.0,0.0,0.552,16-50,1632.0,0.0,117873.0,261.0,0.419,1401.0,261.0,-1.0,814.0,0.0,121981.0,1509.0,693280077.0,2.0,0.045,0.46399999999999997,0.28,119276.0,False
300.0,61f5f3058b749cd913e33ba1bf9fcead.param,2.0,0.0,0.0,6.081,693280077.0,bcf84b5e51ac19a1ac9bbafe31a01b1b,1977.0,0.0,0.0,0.633,16-50,1632.0,0.0,117873.0,261.0,0.483,1401.0,261.0,-1.0,814.0,0.0,121981.0,1509.0,693280077.0,2.0,0.047,0.53,0.28,119276.0,False
300.0,36fc98d1195ddc35e5ef9eb80f9a3178.param,0.0,0.0,0.0,13.909,270657042.0,a76d8ec2110afbbadf5eedd4fd7790cd,111204.0,0.0,0.0,3.861,16-50,73972.0,0.0,280722.0,4707.0,1.128,3729.0,4707.0,-1.0,6837.0,0.0,504242.0,4686.0,270657042.0,21.0,2.548,3.676,0.63,284453.0,False
300.0,36fc98d1195ddc35e5ef9eb80f9a3178.param,1.0,0.0,0.0,12.46,270657042.0,a76d8ec2110afbbadf5eedd4fd7790cd,111204.0,0.0,0.0,3.762,16-50,73972.0,0.0,280722.0,4707.0,1.047,3729.0,4707.0,-1.0,6837.0,0.0,504242.0,4686.0,270657042.0,21.0,2.541,3.588,0.63,284453.0,False
300.0,36fc98d1195ddc35e5ef9eb80f9a3178.param,2.0,0.0,0.0,12.467,270657042.0,a76d8ec2110afbbadf5eedd4fd7790cd,111204.0,0.0,0.0,3.955,16-50,73972.0,0.0,280722.0,4707.0,1.196,3729.0,4707.0,-1.0,6837.0,0.0,504242.0,4686.0,270657042.0,21.0,2.572,3.7680000000000002,0.63,284453.0,False
300.0,97b29b11b39e49b80f3ff828f7a4f470.param,0.0,0.0,0.0,25.218000000000004,372553220.0,05c0ac14cd3eca417ec3944ef11353b4,24134.0,0.0,0.0,3.057,16-50,18200.0,0.0,585505.0,1858.0,2.2680000000000002,7026.0,1858.0,-1.0,4559.0,0.0,353532.0,9001.0,372553220.0,10.0,0.47600000000000003,2.7439999999999998,0.94,592533.0,False
300.0,97b29b11b39e49b80f3ff828f7a4f470.param,1.0,0.0,0.0,27.775,372553220.0,05c0ac14cd3eca417ec3944ef11353b4,24134.0,0.0,0.0,3.062,16-50,18200.0,0.0,585505.0,1858.0,2.261,7026.0,1858.0,-1.0,4559.0,0.0,353532.0,9001.0,372553220.0,10.0,0.46799999999999997,2.7289999999999996,0.94,592533.0,False
300.0,97b29b11b39e49b80f3ff828f7a4f470.param,2.0,0.0,0.0,27.468000000000004,372553220.0,05c0ac14cd3eca417ec3944ef11353b4,24134.0,0.0,0.0,2.935,16-50,18200.0,0.0,585505.0,1858.0,2.188,7026.0,1858.0,-1.0,4559.0,0.0,353532.0,9001.0,372553220.0,10.0,0.446,2.634,0.94,592533.0,False
300.0,d6dbb131b6c4096427e3cdbc24174d58.param,0.0,0.0,0.0,17.253,254168822.0,f4b9f60c5c107a488a795ab31559ed84,31105.0,0.0,0.0,2.168,16-50,19573.0,0.0,351741.0,2524.0,1.3130000000000002,3693.0,2524.0,-1.0,3446.0,0.0,489418.0,4598.0,254168822.0,14.0,0.6459999999999999,1.959,0.63,355436.0,False
300.0,d6dbb131b6c4096427e3cdbc24174d58.param,1.0,0.0,0.0,15.293,254168822.0,f4b9f60c5c107a488a795ab31559ed84,31105.0,0.0,0.0,2.169,16-50,19573.0,0.0,351741.0,2524.0,1.32,3693.0,2524.0,-1.0,3446.0,0.0,489418.0,4598.0,254168822.0,14.0,0.649,1.969,0.63,355436.0,False
300.0,d6dbb131b6c4096427e3cdbc24174d58.param,2.0,0.0,0.0,17.225,254168822.0,f4b9f60c5c107a488a795ab31559ed84,31105.0,0.0,0.0,2.185,16-50,19573.0,0.0,351741.0,2524.0,1.3030000000000002,3693.0,2524.0,-1.0,3446.0,0.0,489418.0,4598.0,254168822.0,14.0,0.667,1.97,0.63,355436.0,False
300.0,92f07d9616904178c202cd6d7e0ae97d.param,0.0,0.0,0.0,28.744,1098776393.0,e77f0fa1a203d9ed5bab31bbbd98e69a,67728.0,0.0,0.0,5.016,16-50,37183.0,0.0,688837.0,4188.0,2.741,7229.0,4188.0,-1.0,7283.0,0.0,905390.0,9271.0,1098776393.0,17.0,1.805,4.546,1.41,696068.0,False
300.0,92f07d9616904178c202cd6d7e0ae97d.param,1.0,0.0,0.0,30.767,1098776393.0,e77f0fa1a203d9ed5bab31bbbd98e69a,67728.0,0.0,0.0,4.73,16-50,37183.0,0.0,688837.0,4188.0,2.6439999999999997,7229.0,4188.0,-1.0,7283.0,0.0,905390.0,9271.0,1098776393.0,17.0,1.703,4.3469999999999995,1.41,696068.0,False
300.0,92f07d9616904178c202cd6d7e0ae97d.param,2.0,0.0,0.0,28.642,1098776393.0,e77f0fa1a203d9ed5bab31bbbd98e69a,67728.0,0.0,0.0,4.765,16-50,37183.0,0.0,688837.0,4188.0,2.635,7229.0,4188.0,-1.0,7283.0,0.0,905390.0,9271.0,1098776393.0,17.0,1.7480000000000002,4.383,1.41,696068.0,False
300.0,ea9e2588afe4504c0be19561db25ccfd.param,0.0,0.0,0.0,34.915,2050821110.0,e6e47965c151b19a9b858ae71c86bda6,40408.0,0.0,0.0,4.675,16-50,31502.0,0.0,867264.0,3426.0,3.35,10795.0,3426.0,-1.0,7058.0,0.0,472045.0,13988.0,2050821110.0,15.0,0.8140000000000001,4.164,1.41,878061.0,False
300.0,ea9e2588afe4504c0be19561db25ccfd.param,1.0,0.0,0.0,34.559,2050821110.0,e6e47965c151b19a9b858ae71c86bda6,40408.0,0.0,0.0,4.546,16-50,31502.0,0.0,867264.0,3426.0,3.2739999999999996,10795.0,3426.0,-1.0,7058.0,0.0,472045.0,13988.0,2050821110.0,15.0,0.7829999999999999,4.0569999999999995,1.41,878061.0,False
300.0,ea9e2588afe4504c0be19561db25ccfd.param,2.0,0.0,0.0,36.21,2050821110.0,e6e47965c151b19a9b858ae71c86bda6,40408.0,0.0,0.0,4.875,16-50,31502.0,0.0,867264.0,3426.0,3.34,10795.0,3426.0,-1.0,7058.0,0.0,472045.0,13988.0,2050821110.0,15.0,0.894,4.234,1.41,878061.0,False
300.0,8dbc47c71dc08cbc8ffa4bf3b92aa057.param,0.0,0.0,0.0,21.866999999999997,1571287961.0,48ca9256185bfd61af9f6314bdbd32bb,27906.0,0.0,0.0,2.634,16-50,22762.0,0.0,460834.0,1936.0,1.7730000000000001,6195.0,1936.0,-1.0,3999.0,0.0,342483.0,7870.0,1571287961.0,10.0,0.535,2.3080000000000003,0.94,467031.0,False
300.0,8dbc47c71dc08cbc8ffa4bf3b92aa057.param,1.0,0.0,0.0,20.227,1571287961.0,48ca9256185bfd61af9f6314bdbd32bb,27906.0,0.0,0.0,2.589,16-50,22762.0,0.0,460834.0,1936.0,1.787,6195.0,1936.0,-1.0,3999.0,0.0,342483.0,7870.0,1571287961.0,10.0,0.531,2.318,0.94,467031.0,False
300.0,8dbc47c71dc08cbc8ffa4bf3b92aa057.param,2.0,0.0,0.0,21.13,1571287961.0,48ca9256185bfd61af9f6314bdbd32bb,27906.0,0.0,0.0,2.519,16-50,22762.0,0.0,460834.0,1936.0,1.7380000000000002,6195.0,1936.0,-1.0,3999.0,0.0,342483.0,7870.0,1571287961.0,10.0,0.519,2.2569999999999997,0.94,467031.0,False
300.0,056d65a7bb6760a4c29fabc08869fd2b.param,0.0,0.0,0.0,106.79799999999999,160742207.0,56109a7e0499d40556f813493df7345e,57186.0,0.0,0.0,12.87,16-50,48084.0,0.0,2499225.0,2027.0,9.999,25161.0,2027.0,-1.0,16564.0,0.0,499295.0,32946.0,160742207.0,11.0,1.595,11.594000000000001,4.75,2524388.0,False
300.0,056d65a7bb6760a4c29fabc08869fd2b.param,1.0,0.0,0.0,98.616,160742207.0,56109a7e0499d40556f813493df7345e,57186.0,0.0,0.0,13.564,16-50,48084.0,0.0,2499225.0,2027.0,9.891,25161.0,2027.0,-1.0,16564.0,0.0,499295.0,32946.0,160742207.0,11.0,1.913,11.804,4.75,2524388.0,False
300.0,056d65a7bb6760a4c29fabc08869fd2b.param,2.0,0.0,0.0,105.566,160742207.0,56109a7e0499d40556f813493df7345e,57186.0,0.0,0.0,14.056,16-50,48084.0,0.0,2499225.0,2027.0,10.022,25161.0,2027.0,-1.0,16564.0,0.0,499295.0,32946.0,160742207.0,11.0,2.355,12.377,4.75,2524388.0,False
300.0,37f39e77e4ab35860e338849791d985b.param,0.0,0.0,0.0,60.99100000000001,1057470620.0,064d4725180a8832fa7af97089233216,22130.0,0.0,0.0,7.6770000000000005,16-50,21689.0,0.0,1445543.0,351.0,5.989,13985.0,351.0,-1.0,9152.0,0.0,233214.0,18145.0,1057470620.0,2.0,0.8740000000000001,6.8629999999999995,2.11,1459530.0,False
300.0,37f39e77e4ab35860e338849791d985b.param,1.0,0.0,0.0,63.668,1057470620.0,064d4725180a8832fa7af97089233216,22130.0,0.0,0.0,7.051,16-50,21689.0,0.0,1445543.0,351.0,5.5020000000000024,13985.0,351.0,-1.0,9152.0,0.0,233214.0,18145.0,1057470620.0,2.0,0.797,6.2989999999999995,2.11,1459530.0,False
300.0,37f39e77e4ab35860e338849791d985b.param,2.0,0.0,0.0,59.805,1057470620.0,064d4725180a8832fa7af97089233216,22130.0,0.0,0.0,7.4,16-50,21689.0,0.0,1445543.0,351.0,5.62,13985.0,351.0,-1.0,9152.0,0.0,233214.0,18145.0,1057470620.0,2.0,0.945,6.565,2.11,1459530.0,False
300.0,a78197c32b5c06c92ee4f6e438ee3962.param,0.0,0.0,0.0,73.372,506016928.0,5b2175a889edaa304d9d525d7417dcf8,28940.0,0.0,0.0,8.66,16-50,28486.0,0.0,1805961.0,398.0,7.232,20217.0,398.0,-1.0,13290.0,0.0,215568.0,26417.0,506016928.0,2.0,0.513,7.745,3.16,1826180.0,False
300.0,a78197c32b5c06c92ee4f6e438ee3962.param,1.0,0.0,0.0,73.89,506016928.0,5b2175a889edaa304d9d525d7417dcf8,28940.0,0.0,0.0,8.845,16-50,28486.0,0.0,1805961.0,398.0,7.2810000000000015,20217.0,398.0,-1.0,13290.0,0.0,215568.0,26417.0,506016928.0,2.0,0.654,7.935,3.16,1826180.0,False
300.0,a78197c32b5c06c92ee4f6e438ee3962.param,2.0,0.0,0.0,75.609,506016928.0,5b2175a889edaa304d9d525d7417dcf8,28940.0,0.0,0.0,9.26,16-50,28486.0,0.0,1805961.0,398.0,7.247000000000001,20217.0,398.0,-1.0,13290.0,0.0,215568.0,26417.0,506016928.0,2.0,0.754,8.001,3.16,1826180.0,False
300.0,9a031fb141138ee9bc8fad2cc059ee0e.param,0.0,0.0,0.0,17.747,95956545.0,a673bf5cf7eab755217538c3f4900838,53716.0,0.0,0.0,2.759,16-50,31243.0,0.0,405405.0,3296.0,1.561,4441.0,3296.0,-1.0,7054.0,0.0,532098.0,5576.0,95956545.0,15.0,0.968,2.529,0.94,409848.0,False
300.0,9a031fb141138ee9bc8fad2cc059ee0e.param,1.0,0.0,0.0,17.795,95956545.0,a673bf5cf7eab755217538c3f4900838,53716.0,0.0,0.0,2.843,16-50,31243.0,0.0,405405.0,3296.0,1.631,4441.0,3296.0,-1.0,7054.0,0.0,532098.0,5576.0,95956545.0,15.0,0.975,2.6060000000000003,0.94,409848.0,False
300.0,9a031fb141138ee9bc8fad2cc059ee0e.param,2.0,0.0,0.0,18.73,95956545.0,a673bf5cf7eab755217538c3f4900838,53716.0,0.0,0.0,2.773,16-50,31243.0,0.0,405405.0,3296.0,1.518,4441.0,3296.0,-1.0,7054.0,0.0,532098.0,5576.0,95956545.0,15.0,1.01,2.528,0.94,409848.0,False
300.0,ffb2d731edec22edde6bc403f6c68136.param,0.0,0.0,0.0,33.51,1470727592.0,ffe700622784a798e83dfa47977ddb3d,87271.0,0.0,0.0,5.535,16-50,42841.0,0.0,806895.0,5683.0,3.0269999999999997,9923.0,5683.0,-1.0,8366.0,0.0,947087.0,12844.0,1470727592.0,24.0,2.081,5.1080000000000005,1.41,816820.0,False
300.0,ffb2d731edec22edde6bc403f6c68136.param,1.0,0.0,0.0,32.508,1470727592.0,ffe700622784a798e83dfa47977ddb3d,87271.0,0.0,0.0,5.688,16-50,42841.0,0.0,806895.0,5683.0,3.088,9923.0,5683.0,-1.0,8366.0,0.0,947087.0,12844.0,1470727592.0,24.0,2.1590000000000003,5.247000000000001,1.41,816820.0,False
300.0,ffb2d731edec22edde6bc403f6c68136.param,2.0,0.0,0.0,34.794000000000004,1470727592.0,ffe700622784a798e83dfa47977ddb3d,87271.0,0.0,0.0,5.7079999999999975,16-50,42841.0,0.0,806895.0,5683.0,3.034,9923.0,5683.0,-1.0,8366.0,0.0,947087.0,12844.0,1470727592.0,24.0,2.23,5.263999999999999,1.41,816820.0,False
300.0,ba4c3b35debdf0cbd1cf9beea46e68ac.param,0.0,0.0,0.0,15.883,1083416308.0,f02c4b476f7a1946a1f5454117a693f7,30392.0,0.0,0.0,2.194,16-50,20980.0,0.0,358801.0,2505.0,1.413,4257.0,2505.0,-1.0,2827.0,0.0,430547.0,5357.0,1083416308.0,14.0,0.5579999999999999,1.9709999999999999,0.63,363060.0,False
300.0,ba4c3b35debdf0cbd1cf9beea46e68ac.param,1.0,0.0,0.0,17.373,1083416308.0,f02c4b476f7a1946a1f5454117a693f7,30392.0,0.0,0.0,2.045,16-50,20980.0,0.0,358801.0,2505.0,1.314,4257.0,2505.0,-1.0,2827.0,0.0,430547.0,5357.0,1083416308.0,14.0,0.518,1.8319999999999999,0.63,363060.0,False
300.0,ba4c3b35debdf0cbd1cf9beea46e68ac.param,2.0,0.0,0.0,16.135,1083416308.0,f02c4b476f7a1946a1f5454117a693f7,30392.0,0.0,0.0,2.079,16-50,20980.0,0.0,358801.0,2505.0,1.318,4257.0,2505.0,-1.0,2827.0,0.0,430547.0,5357.0,1083416308.0,14.0,0.541,1.859,0.63,363060.0,False
300.0,73a51090daaf16aa8d614ff285bfb6e4.param,0.0,0.0,0.0,80.971,221638566.0,28a71b35f7976129df11a867c0c94d08,55492.0,0.0,0.0,10.793,16-50,34934.0,0.0,1869867.0,1294.0,7.2860000000000005,21148.0,1294.0,-1.0,14544.0,0.0,973919.0,27623.0,221638566.0,7.0,2.516,9.802,3.16,1891017.0,False
300.0,73a51090daaf16aa8d614ff285bfb6e4.param,1.0,0.0,0.0,79.33,221638566.0,28a71b35f7976129df11a867c0c94d08,55492.0,0.0,0.0,10.579,16-50,34934.0,0.0,1869867.0,1294.0,7.266,21148.0,1294.0,-1.0,14544.0,0.0,973919.0,27623.0,221638566.0,7.0,2.375,9.641,3.16,1891017.0,False
300.0,73a51090daaf16aa8d614ff285bfb6e4.param,2.0,0.0,0.0,74.962,221638566.0,28a71b35f7976129df11a867c0c94d08,55492.0,0.0,0.0,11.379000000000001,16-50,34934.0,0.0,1869867.0,1294.0,7.5820000000000025,21148.0,1294.0,-1.0,14544.0,0.0,973919.0,27623.0,221638566.0,7.0,2.7430000000000003,10.325,3.16,1891017.0,False
300.0,21ba7bf1bed51e1d4137a5d2b4095413.param,0.0,0.0,0.0,48.095,753387864.0,a5281962d73da17179b8ce2c32356d14,73036.0,0.0,0.0,6.902,16-50,61703.0,0.0,1160961.0,2393.0,4.439,15210.0,2393.0,-1.0,9978.0,0.0,1068576.0,19813.0,753387864.0,13.0,1.839,6.278,2.11,1176173.0,False
300.0,21ba7bf1bed51e1d4137a5d2b4095413.param,1.0,0.0,0.0,47.909,753387864.0,a5281962d73da17179b8ce2c32356d14,73036.0,0.0,0.0,7.006,16-50,61703.0,0.0,1160961.0,2393.0,4.475,15210.0,2393.0,-1.0,9978.0,0.0,1068576.0,19813.0,753387864.0,13.0,1.8880000000000001,6.3629999999999995,2.11,1176173.0,False
300.0,21ba7bf1bed51e1d4137a5d2b4095413.param,2.0,0.0,0.0,49.75899999999999,753387864.0,a5281962d73da17179b8ce2c32356d14,73036.0,0.0,0.0,7.062,16-50,61703.0,0.0,1160961.0,2393.0,4.442,15210.0,2393.0,-1.0,9978.0,0.0,1068576.0,19813.0,753387864.0,13.0,1.9509999999999998,6.393,2.11,1176173.0,False
300.0,d8b978c6119710e61692eb0c8ed59509.param,0.0,0.0,0.0,47.153,1571287961.0,9fd3df50c6909b9c4ea3ace1c552aabe,74064.0,0.0,0.0,7.974,16-50,47765.0,0.0,1084904.0,4825.0,4.175,12003.0,4825.0,-1.0,8903.0,0.0,736147.0,15532.0,1571287961.0,22.0,2.98,7.155,2.11,1096909.0,False
300.0,d8b978c6119710e61692eb0c8ed59509.param,1.0,0.0,0.0,46.135,1571287961.0,9fd3df50c6909b9c4ea3ace1c552aabe,74064.0,0.0,0.0,7.895,16-50,47765.0,0.0,1084904.0,4825.0,4.197,12003.0,4825.0,-1.0,8903.0,0.0,736147.0,15532.0,1571287961.0,22.0,2.904,7.101,2.11,1096909.0,False
300.0,d8b978c6119710e61692eb0c8ed59509.param,2.0,0.0,0.0,47.451,1571287961.0,9fd3df50c6909b9c4ea3ace1c552aabe,74064.0,0.0,0.0,7.532999999999999,16-50,47765.0,0.0,1084904.0,4825.0,4.223,12003.0,4825.0,-1.0,8903.0,0.0,736147.0,15532.0,1571287961.0,22.0,2.7460000000000004,6.968999999999999,2.11,1096909.0,False
300.0,4fb489f83300339f94af01b969c1f325.param,0.0,0.0,0.0,56.853,1098776393.0,7ed6187c74f5ac0f14a1f47cc1e0e336,50848.0,0.0,0.0,7.55,16-50,34818.0,0.0,1330021.0,3290.0,5.1979999999999995,12998.0,3290.0,-1.0,8508.0,0.0,609500.0,16869.0,1098776393.0,15.0,1.631,6.829,3.16,1343021.0,False
300.0,4fb489f83300339f94af01b969c1f325.param,1.0,0.0,0.0,52.651,1098776393.0,7ed6187c74f5ac0f14a1f47cc1e0e336,50848.0,0.0,0.0,7.4179999999999975,16-50,34818.0,0.0,1330021.0,3290.0,5.144,12998.0,3290.0,-1.0,8508.0,0.0,609500.0,16869.0,1098776393.0,15.0,1.5619999999999998,6.706,3.16,1343021.0,False
300.0,4fb489f83300339f94af01b969c1f325.param,2.0,0.0,0.0,58.739,1098776393.0,7ed6187c74f5ac0f14a1f47cc1e0e336,50848.0,0.0,0.0,7.382999999999999,16-50,34818.0,0.0,1330021.0,3290.0,5.0889999999999995,12998.0,3290.0,-1.0,8508.0,0.0,609500.0,16869.0,1098776393.0,15.0,1.5630000000000002,6.652,3.16,1343021.0,False
300.0,ba49f12ab41d4271c475e4948758589d.param,0.0,0.0,0.0,27.749000000000002,83966730.0,e6967f3fd7b8e1b7ca779d15a0d1c96e,10960.0,0.0,0.0,2.765,16-50,10593.0,0.0,575283.0,325.0,2.239,8065.0,325.0,-1.0,5256.0,0.0,123543.0,10403.0,83966730.0,2.0,0.207,2.4459999999999997,0.94,583350.0,False
300.0,ba49f12ab41d4271c475e4948758589d.param,1.0,0.0,0.0,26.076,83966730.0,e6967f3fd7b8e1b7ca779d15a0d1c96e,10960.0,0.0,0.0,2.602,16-50,10593.0,0.0,575283.0,325.0,2.147,8065.0,325.0,-1.0,5256.0,0.0,123543.0,10403.0,83966730.0,2.0,0.166,2.313,0.94,583350.0,False
300.0,ba49f12ab41d4271c475e4948758589d.param,2.0,0.0,0.0,24.98,83966730.0,e6967f3fd7b8e1b7ca779d15a0d1c96e,10960.0,0.0,0.0,2.715,16-50,10593.0,0.0,575283.0,325.0,2.17,8065.0,325.0,-1.0,5256.0,0.0,123543.0,10403.0,83966730.0,2.0,0.215,2.385,0.94,583350.0,False
300.0,4ee13ffb8d0ec1ceaf1bb37447281f58.param,0.0,0.0,0.0,31.218000000000004,506016928.0,b6fc8d410012b8965d3ba61c94c250b3,30033.0,0.0,0.0,3.333,16-50,26793.0,0.0,685575.0,1578.0,2.565,9881.0,1578.0,-1.0,6452.0,0.0,255517.0,12781.0,506016928.0,7.0,0.39799999999999996,2.963,0.94,695458.0,False
300.0,4ee13ffb8d0ec1ceaf1bb37447281f58.param,1.0,0.0,0.0,29.829,506016928.0,b6fc8d410012b8965d3ba61c94c250b3,30033.0,0.0,0.0,3.3280000000000003,16-50,26793.0,0.0,685575.0,1578.0,2.573,9881.0,1578.0,-1.0,6452.0,0.0,255517.0,12781.0,506016928.0,7.0,0.39799999999999996,2.971,0.94,695458.0,False
300.0,4ee13ffb8d0ec1ceaf1bb37447281f58.param,2.0,0.0,0.0,30.124000000000002,506016928.0,b6fc8d410012b8965d3ba61c94c250b3,30033.0,0.0,0.0,3.728,16-50,26793.0,0.0,685575.0,1578.0,2.7430000000000003,9881.0,1578.0,-1.0,6452.0,0.0,255517.0,12781.0,506016928.0,7.0,0.5,3.2430000000000003,0.94,695458.0,False
300.0,62e2738034d51eb1ca2518ead10bb1b8.param,0.0,0.0,0.0,15.849,270657042.0,855720caf8e406853c16489f54dc1180,38147.0,0.0,0.0,2.904,16-50,11722.0,0.0,333180.0,4773.0,1.2690000000000001,4257.0,4773.0,-1.0,3308.0,0.0,752196.0,5388.0,270657042.0,21.0,1.452,2.721,0.63,337439.0,False
300.0,62e2738034d51eb1ca2518ead10bb1b8.param,1.0,0.0,0.0,14.64,270657042.0,855720caf8e406853c16489f54dc1180,38147.0,0.0,0.0,2.9210000000000003,16-50,11722.0,0.0,333180.0,4773.0,1.225,4257.0,4773.0,-1.0,3308.0,0.0,752196.0,5388.0,270657042.0,21.0,1.515,2.74,0.63,337439.0,False
300.0,62e2738034d51eb1ca2518ead10bb1b8.param,2.0,0.0,0.0,14.932,270657042.0,855720caf8e406853c16489f54dc1180,38147.0,0.0,0.0,3.0039999999999996,16-50,11722.0,0.0,333180.0,4773.0,1.236,4257.0,4773.0,-1.0,3308.0,0.0,752196.0,5388.0,270657042.0,21.0,1.575,2.8110000000000004,0.63,337439.0,False
300.0,f2209196093db16c0e1ccffc86fe7af3.param,0.0,0.0,0.0,47.943999999999996,1242281828.0,9b857e4c8070b222e7e7de00d52d5ebc,85096.0,0.0,0.0,8.25,16-50,71192.0,0.0,1166391.0,4182.0,4.5969999999999995,15692.0,4182.0,-1.0,10296.0,0.0,1120424.0,20447.0,1242281828.0,17.0,2.7439999999999998,7.341,2.11,1182085.0,False
300.0,f2209196093db16c0e1ccffc86fe7af3.param,1.0,0.0,0.0,47.843,1242281828.0,9b857e4c8070b222e7e7de00d52d5ebc,85096.0,0.0,0.0,8.087,16-50,71192.0,0.0,1166391.0,4182.0,4.5,15692.0,4182.0,-1.0,10296.0,0.0,1120424.0,20447.0,1242281828.0,17.0,2.7569999999999997,7.2570000000000014,2.11,1182085.0,False
300.0,f2209196093db16c0e1ccffc86fe7af3.param,2.0,0.0,0.0,46.075,1242281828.0,9b857e4c8070b222e7e7de00d52d5ebc,85096.0,0.0,0.0,7.35,16-50,71192.0,0.0,1166391.0,4182.0,4.457,15692.0,4182.0,-1.0,10296.0,0.0,1120424.0,20447.0,1242281828.0,17.0,2.214,6.671,2.11,1182085.0,False
300.0,876c6467204e8ca8aabecbfbd3b45139.param,0.0,0.0,0.0,63.352,1257636424.0,634df79d4f3dfcbc04787506c84556c9,33649.0,0.0,0.0,7.147,16-50,22228.0,0.0,1484889.0,1280.0,5.7070000000000025,16985.0,1280.0,-1.0,11138.0,0.0,343537.0,22105.0,1257636424.0,7.0,0.679,6.386,3.16,1501876.0,False
300.0,876c6467204e8ca8aabecbfbd3b45139.param,1.0,0.0,0.0,62.398999999999994,1257636424.0,634df79d4f3dfcbc04787506c84556c9,33649.0,0.0,0.0,7.171,16-50,22228.0,0.0,1484889.0,1280.0,5.711,16985.0,1280.0,-1.0,11138.0,0.0,343537.0,22105.0,1257636424.0,7.0,0.677,6.388,3.16,1501876.0,False
300.0,876c6467204e8ca8aabecbfbd3b45139.param,2.0,0.0,0.0,60.125,1257636424.0,634df79d4f3dfcbc04787506c84556c9,33649.0,0.0,0.0,7.079,16-50,22228.0,0.0,1484889.0,1280.0,5.651,16985.0,1280.0,-1.0,11138.0,0.0,343537.0,22105.0,1257636424.0,7.0,0.675,6.3260000000000005,3.16,1501876.0,False
300.0,c0cc3cb80752c8cae8a567aa7598d4aa.param,0.0,0.0,0.0,52.555,506016928.0,1e55a62632850e0e7c54eb389dd7b0df,59926.0,0.0,0.0,6.1110000000000015,16-50,58398.0,0.0,1225296.0,485.0,4.726,14353.0,485.0,-1.0,9407.0,0.0,226195.0,18668.0,506016928.0,3.0,0.7240000000000001,5.45,2.11,1239651.0,False
300.0,c0cc3cb80752c8cae8a567aa7598d4aa.param,1.0,0.0,0.0,51.363,506016928.0,1e55a62632850e0e7c54eb389dd7b0df,59926.0,0.0,0.0,5.995,16-50,58398.0,0.0,1225296.0,485.0,4.6610000000000005,14353.0,485.0,-1.0,9407.0,0.0,226195.0,18668.0,506016928.0,3.0,0.7070000000000001,5.367999999999999,2.11,1239651.0,False
300.0,c0cc3cb80752c8cae8a567aa7598d4aa.param,2.0,0.0,0.0,52.54600000000001,506016928.0,1e55a62632850e0e7c54eb389dd7b0df,59926.0,0.0,0.0,6.025,16-50,58398.0,0.0,1225296.0,485.0,4.69,14353.0,485.0,-1.0,9407.0,0.0,226195.0,18668.0,506016928.0,3.0,0.696,5.386,2.11,1239651.0,False
300.0,c1fde8776f334c859cdb281cb0bed488.param,0.0,0.0,0.0,13.398,506016928.0,ed850b806cd8e2b65051fcc6625b3801,15384.0,0.0,0.0,1.537,16-50,12389.0,0.0,308069.0,1251.0,1.126,4319.0,1251.0,-1.0,2774.0,0.0,209808.0,5448.0,506016928.0,7.0,0.228,1.354,0.63,312390.0,False
300.0,c1fde8776f334c859cdb281cb0bed488.param,1.0,0.0,0.0,14.686,506016928.0,ed850b806cd8e2b65051fcc6625b3801,15384.0,0.0,0.0,1.682,16-50,12389.0,0.0,308069.0,1251.0,1.24,4319.0,1251.0,-1.0,2774.0,0.0,209808.0,5448.0,506016928.0,7.0,0.243,1.483,0.63,312390.0,False
300.0,c1fde8776f334c859cdb281cb0bed488.param,2.0,0.0,0.0,14.931,506016928.0,ed850b806cd8e2b65051fcc6625b3801,15384.0,0.0,0.0,1.909,16-50,12389.0,0.0,308069.0,1251.0,1.4269999999999998,4319.0,1251.0,-1.0,2774.0,0.0,209808.0,5448.0,506016928.0,7.0,0.24600000000000002,1.673,0.63,312390.0,False
300.0,10049dd55bf99f7dbc88dc007745262f.param,0.0,0.0,0.0,11.725999999999999,254168822.0,3f87fe44dbd4ccb91b35001419338b8c,29644.0,0.0,0.0,1.489,16-50,18192.0,0.0,250650.0,2442.0,0.914,2941.0,2442.0,-1.0,4110.0,0.0,390001.0,3638.0,254168822.0,14.0,0.409,1.3230000000000002,0.63,253593.0,False
300.0,10049dd55bf99f7dbc88dc007745262f.param,1.0,0.0,0.0,11.404000000000002,254168822.0,3f87fe44dbd4ccb91b35001419338b8c,29644.0,0.0,0.0,1.5430000000000001,16-50,18192.0,0.0,250650.0,2442.0,0.9740000000000001,2941.0,2442.0,-1.0,4110.0,0.0,390001.0,3638.0,254168822.0,14.0,0.40399999999999997,1.3780000000000001,0.63,253593.0,False
300.0,10049dd55bf99f7dbc88dc007745262f.param,2.0,0.0,0.0,11.55,254168822.0,3f87fe44dbd4ccb91b35001419338b8c,29644.0,0.0,0.0,1.466,16-50,18192.0,0.0,250650.0,2442.0,0.907,2941.0,2442.0,-1.0,4110.0,0.0,390001.0,3638.0,254168822.0,14.0,0.405,1.3119999999999998,0.63,253593.0,False
300.0,f019c54ca541e1449e1424c6aa46d35e.param,0.0,0.0,0.0,5.409,95956545.0,270b30d502e3b5b43033c2fd9b525dcd,190441.0,1.0,0.0,8.583,15-41,129627.0,0.0,115250.0,9658.0,0.413,1555.0,9658.0,-1.0,13398.0,0.0,1147280.0,1168.0,95956545.0,32.0,8.074,8.487,0.42,116807.0,False
300.0,f019c54ca541e1449e1424c6aa46d35e.param,1.0,0.0,0.0,5.5329999999999995,95956545.0,270b30d502e3b5b43033c2fd9b525dcd,190441.0,1.0,0.0,8.711,15-41,129627.0,0.0,115250.0,9658.0,0.43,1555.0,9658.0,-1.0,13398.0,0.0,1147280.0,1168.0,95956545.0,32.0,8.158999999999999,8.589,0.42,116807.0,False
300.0,f019c54ca541e1449e1424c6aa46d35e.param,2.0,0.0,0.0,5.439,95956545.0,270b30d502e3b5b43033c2fd9b525dcd,190441.0,1.0,0.0,8.441,15-41,129627.0,0.0,115250.0,9658.0,0.40700000000000003,1555.0,9658.0,-1.0,13398.0,0.0,1147280.0,1168.0,95956545.0,32.0,7.944,8.351,0.42,116807.0,False
300.0,8fafcc4984fc93de8a9182509b2a0a65.param,0.0,0.0,0.0,71.135,1057470620.0,3563d24467a16e4286fa3d810e3aad83,250732.0,0.0,0.0,30.412,16-50,93732.0,0.0,1651966.0,11225.0,6.6720000000000015,15827.0,11225.0,-1.0,22500.0,0.0,2268035.0,20572.0,1057470620.0,40.0,22.63,29.302,3.16,1667795.0,False
300.0,8fafcc4984fc93de8a9182509b2a0a65.param,1.0,0.0,0.0,67.806,1057470620.0,3563d24467a16e4286fa3d810e3aad83,250732.0,0.0,0.0,29.743000000000002,16-50,93732.0,0.0,1651966.0,11225.0,6.603,15827.0,11225.0,-1.0,22500.0,0.0,2268035.0,20572.0,1057470620.0,40.0,21.965999999999998,28.56900000000001,3.16,1667795.0,False
300.0,8fafcc4984fc93de8a9182509b2a0a65.param,2.0,0.0,0.0,69.395,1057470620.0,3563d24467a16e4286fa3d810e3aad83,250732.0,0.0,0.0,28.721999999999998,16-50,93732.0,0.0,1651966.0,11225.0,6.615,15827.0,11225.0,-1.0,22500.0,0.0,2268035.0,20572.0,1057470620.0,40.0,21.256,27.871,3.16,1667795.0,False
300.0,94211d2a9b412d1df1f93eb8fa322afa.param,0.0,0.0,0.0,13.224,270657042.0,c77fd080c3aa4c1a926ee5f5a812a682,46749.0,1.0,0.0,2.918,15-41,14830.0,0.0,300068.0,6200.0,1.181,4393.0,6200.0,-1.0,4044.0,0.0,603587.0,4111.0,270657042.0,28.0,1.536,2.717,0.19,304463.0,False
300.0,94211d2a9b412d1df1f93eb8fa322afa.param,1.0,0.0,0.0,13.774000000000001,270657042.0,c77fd080c3aa4c1a926ee5f5a812a682,46749.0,1.0,0.0,3.003,15-41,14830.0,0.0,300068.0,6200.0,1.179,4393.0,6200.0,-1.0,4044.0,0.0,603587.0,4111.0,270657042.0,28.0,1.581,2.76,0.19,304463.0,False
300.0,94211d2a9b412d1df1f93eb8fa322afa.param,2.0,0.0,0.0,13.229000000000001,270657042.0,c77fd080c3aa4c1a926ee5f5a812a682,46749.0,1.0,0.0,2.8310000000000004,15-41,14830.0,0.0,300068.0,6200.0,1.099,4393.0,6200.0,-1.0,4044.0,0.0,603587.0,4111.0,270657042.0,28.0,1.5319999999999998,2.6310000000000002,0.19,304463.0,False
300.0,222abd76a7db47e3d5cbf580e108b101.param,0.0,0.0,0.0,56.604,1802391418.0,7581fc52440138a92dcc44d1b70ebd79,95979.0,0.0,0.0,9.152000000000001,16-50,69390.0,0.0,1301909.0,4732.0,5.199,15081.0,4732.0,-1.0,9893.0,0.0,1241709.0,19641.0,1802391418.0,21.0,2.977,8.176,3.16,1316992.0,False
300.0,222abd76a7db47e3d5cbf580e108b101.param,1.0,0.0,0.0,54.88800000000001,1802391418.0,7581fc52440138a92dcc44d1b70ebd79,95979.0,0.0,0.0,8.347999999999999,16-50,69390.0,0.0,1301909.0,4732.0,5.165,15081.0,4732.0,-1.0,9893.0,0.0,1241709.0,19641.0,1802391418.0,21.0,2.456,7.621,3.16,1316992.0,False
300.0,222abd76a7db47e3d5cbf580e108b101.param,2.0,0.0,0.0,52.306999999999995,1802391418.0,7581fc52440138a92dcc44d1b70ebd79,95979.0,0.0,0.0,8.211,16-50,69390.0,0.0,1301909.0,4732.0,5.013,15081.0,4732.0,-1.0,9893.0,0.0,1241709.0,19641.0,1802391418.0,21.0,2.457,7.47,3.16,1316992.0,False
300.0,fc2d899db36a3003ebbcd92cad9223b0.param,0.0,0.0,0.0,29.217,1923385776.0,3117e9602e4eed82b295b75ff0b7118e,59264.0,0.0,0.0,3.827,16-50,37799.0,0.0,610771.0,5774.0,2.282,6917.0,5774.0,-1.0,4491.0,0.0,771509.0,8867.0,1923385776.0,25.0,1.21,3.492,0.94,617690.0,False
300.0,fc2d899db36a3003ebbcd92cad9223b0.param,1.0,0.0,0.0,26.851,1923385776.0,3117e9602e4eed82b295b75ff0b7118e,59264.0,0.0,0.0,4.027,16-50,37799.0,0.0,610771.0,5774.0,2.376,6917.0,5774.0,-1.0,4491.0,0.0,771509.0,8867.0,1923385776.0,25.0,1.273,3.6489999999999996,0.94,617690.0,False
300.0,fc2d899db36a3003ebbcd92cad9223b0.param,2.0,0.0,0.0,26.88300000000001,1923385776.0,3117e9602e4eed82b295b75ff0b7118e,59264.0,0.0,0.0,3.928,16-50,37799.0,0.0,610771.0,5774.0,2.2840000000000003,6917.0,5774.0,-1.0,4491.0,0.0,771509.0,8867.0,1923385776.0,25.0,1.275,3.5589999999999997,0.94,617690.0,False
300.0,f0b6a6311818b4dd8f5227b40762bd4a.param,0.0,0.0,0.0,33.988,1057470620.0,d29edf1de50631f2617c36846b0de840,75374.0,0.0,0.0,5.555,16-50,47660.0,0.0,779363.0,4741.0,3.055,10200.0,4741.0,-1.0,7440.0,0.0,800121.0,13163.0,1057470620.0,21.0,1.942,4.997,1.41,789565.0,False
300.0,f0b6a6311818b4dd8f5227b40762bd4a.param,1.0,0.0,0.0,32.552,1057470620.0,d29edf1de50631f2617c36846b0de840,75374.0,0.0,0.0,5.25,16-50,47660.0,0.0,779363.0,4741.0,2.948,10200.0,4741.0,-1.0,7440.0,0.0,800121.0,13163.0,1057470620.0,21.0,1.876,4.824,1.41,789565.0,False
300.0,f0b6a6311818b4dd8f5227b40762bd4a.param,2.0,0.0,0.0,33.59,1057470620.0,d29edf1de50631f2617c36846b0de840,75374.0,0.0,0.0,5.16,16-50,47660.0,0.0,779363.0,4741.0,2.971,10200.0,4741.0,-1.0,7440.0,0.0,800121.0,13163.0,1057470620.0,21.0,1.776,4.747,1.41,789565.0,False
300.0,d0bc402d6d4e2f421314981899e705da.param,0.0,0.0,0.0,62.663999999999994,1057470620.0,61e997766f205be63924a254d8cf9f83,133201.0,0.0,0.0,13.390999999999998,16-50,68665.0,0.0,1461991.0,6388.0,5.749,16001.0,6388.0,-1.0,10496.0,0.0,1948551.0,20837.0,1057470620.0,29.0,6.621,12.37,2.11,1477994.0,False
300.0,d0bc402d6d4e2f421314981899e705da.param,1.0,0.0,0.0,57.653,1057470620.0,61e997766f205be63924a254d8cf9f83,133201.0,0.0,0.0,12.694,16-50,68665.0,0.0,1461991.0,6388.0,5.605,16001.0,6388.0,-1.0,10496.0,0.0,1948551.0,20837.0,1057470620.0,29.0,6.276,11.880999999999998,2.11,1477994.0,False
300.0,d0bc402d6d4e2f421314981899e705da.param,2.0,0.0,0.0,60.277,1057470620.0,61e997766f205be63924a254d8cf9f83,133201.0,0.0,0.0,12.379000000000001,16-50,68665.0,0.0,1461991.0,6388.0,5.585,16001.0,6388.0,-1.0,10496.0,0.0,1948551.0,20837.0,1057470620.0,29.0,6.065,11.65,2.11,1477994.0,False
300.0,867c000858982af2c7444466a304af04.param,0.0,0.0,0.0,50.288999999999994,1057470620.0,8d96661904a4d949d910ecace909c56a,122243.0,0.0,0.0,11.369000000000002,16-50,75626.0,0.0,1229542.0,5621.0,4.749,15681.0,5621.0,-1.0,10512.0,0.0,2187403.0,20414.0,1057470620.0,24.0,5.9620000000000015,10.710999999999999,2.11,1245225.0,False
300.0,867c000858982af2c7444466a304af04.param,1.0,0.0,0.0,48.303000000000004,1057470620.0,8d96661904a4d949d910ecace909c56a,122243.0,0.0,0.0,11.185,16-50,75626.0,0.0,1229542.0,5621.0,4.6819999999999995,15681.0,5621.0,-1.0,10512.0,0.0,2187403.0,20414.0,1057470620.0,24.0,5.858,10.54,2.11,1245225.0,False
300.0,867c000858982af2c7444466a304af04.param,2.0,0.0,0.0,52.324,1057470620.0,8d96661904a4d949d910ecace909c56a,122243.0,0.0,0.0,11.25,16-50,75626.0,0.0,1229542.0,5621.0,4.7219999999999995,15681.0,5621.0,-1.0,10512.0,0.0,2187403.0,20414.0,1057470620.0,24.0,5.8870000000000005,10.609000000000002,2.11,1245225.0,False
300.0,d62c2a52625c21dd4bc4370bcd02db43.param,0.0,0.0,0.0,47.273999999999994,554543104.0,b3d04e5ecace7b7dcb5512a338b27f66,28240.0,0.0,0.0,5.6979999999999995,16-50,21500.0,0.0,1112004.0,1936.0,4.5280000000000005,10765.0,1936.0,-1.0,7031.0,0.0,396485.0,13928.0,554543104.0,10.0,0.607,5.135,2.11,1122771.0,False
300.0,d62c2a52625c21dd4bc4370bcd02db43.param,1.0,0.0,0.0,45.008,554543104.0,b3d04e5ecace7b7dcb5512a338b27f66,28240.0,0.0,0.0,5.5920000000000005,16-50,21500.0,0.0,1112004.0,1936.0,4.3580000000000005,10765.0,1936.0,-1.0,7031.0,0.0,396485.0,13928.0,554543104.0,10.0,0.677,5.035,2.11,1122771.0,False
300.0,d62c2a52625c21dd4bc4370bcd02db43.param,2.0,0.0,0.0,48.18,554543104.0,b3d04e5ecace7b7dcb5512a338b27f66,28240.0,0.0,0.0,5.896,16-50,21500.0,0.0,1112004.0,1936.0,4.545,10765.0,1936.0,-1.0,7031.0,0.0,396485.0,13928.0,554543104.0,10.0,0.6609999999999999,5.206,2.11,1122771.0,False
300.0,d52ad8a9dee13cb147c0b0d6d29d8a1a.param,0.0,0.0,0.0,16.47,1257636424.0,8c6fb622fc2b8f744764c5fe46899568,42522.0,1.0,0.0,3.03,15-41,23301.0,0.0,348764.0,4662.0,1.327,5161.0,4662.0,-1.0,4469.0,0.0,759615.0,4831.0,1257636424.0,20.0,1.421,2.748,0.19,353927.0,False
300.0,d52ad8a9dee13cb147c0b0d6d29d8a1a.param,1.0,0.0,0.0,14.735999999999999,1257636424.0,8c6fb622fc2b8f744764c5fe46899568,42522.0,1.0,0.0,2.555,15-41,23301.0,0.0,348764.0,4662.0,1.2919999999999998,5161.0,4662.0,-1.0,4469.0,0.0,759615.0,4831.0,1257636424.0,20.0,1.0490000000000002,2.3409999999999997,0.19,353927.0,False
300.0,d52ad8a9dee13cb147c0b0d6d29d8a1a.param,2.0,0.0,0.0,15.829,1257636424.0,8c6fb622fc2b8f744764c5fe46899568,42522.0,1.0,0.0,3.056,15-41,23301.0,0.0,348764.0,4662.0,1.419,5161.0,4662.0,-1.0,4469.0,0.0,759615.0,4831.0,1257636424.0,20.0,1.36,2.779,0.19,353927.0,False
300.0,85b90a483e5d2ab64757532083d99628.param,0.0,0.0,0.0,66.491,1083416308.0,f8e128345724223c06ef7ca0a47a2a1a,251118.0,0.0,0.0,23.059,16-50,136155.0,0.0,1564302.0,10230.0,6.0429999999999975,16409.0,10230.0,-1.0,19287.0,0.0,2014866.0,21386.0,1083416308.0,36.0,16.188,22.230999999999998,3.16,1580713.0,False
300.0,85b90a483e5d2ab64757532083d99628.param,1.0,0.0,0.0,63.805,1083416308.0,f8e128345724223c06ef7ca0a47a2a1a,251118.0,0.0,0.0,22.77,16-50,136155.0,0.0,1564302.0,10230.0,6.0020000000000024,16409.0,10230.0,-1.0,19287.0,0.0,2014866.0,21386.0,1083416308.0,36.0,15.936,21.938000000000002,3.16,1580713.0,False
300.0,85b90a483e5d2ab64757532083d99628.param,2.0,0.0,0.0,66.737,1083416308.0,f8e128345724223c06ef7ca0a47a2a1a,251118.0,0.0,0.0,22.461,16-50,136155.0,0.0,1564302.0,10230.0,6.0520000000000005,16409.0,10230.0,-1.0,19287.0,0.0,2014866.0,21386.0,1083416308.0,36.0,15.565,21.616999999999997,3.16,1580713.0,False
300.0,b6b46bc646920ea1298e9f12b19fab10.param,0.0,0.0,0.0,49.153,254168822.0,e40fdb1c6a554ccdeb99e2eee35a735f,142401.0,0.0,0.0,8.564,16-50,86507.0,0.0,1170558.0,6233.0,4.5360000000000005,13721.0,6233.0,-1.0,8993.0,0.0,1273342.0,17850.0,254168822.0,28.0,3.4160000000000004,7.952000000000001,2.11,1184281.0,False
300.0,b6b46bc646920ea1298e9f12b19fab10.param,1.0,0.0,0.0,48.007,254168822.0,e40fdb1c6a554ccdeb99e2eee35a735f,142401.0,0.0,0.0,8.497,16-50,86507.0,0.0,1170558.0,6233.0,4.5889999999999995,13721.0,6233.0,-1.0,8993.0,0.0,1273342.0,17850.0,254168822.0,28.0,3.32,7.909,2.11,1184281.0,False
300.0,b6b46bc646920ea1298e9f12b19fab10.param,2.0,0.0,0.0,48.159,254168822.0,e40fdb1c6a554ccdeb99e2eee35a735f,142401.0,0.0,0.0,8.611,16-50,86507.0,0.0,1170558.0,6233.0,4.553999999999999,13721.0,6233.0,-1.0,8993.0,0.0,1273342.0,17850.0,254168822.0,28.0,3.415,7.9689999999999985,2.11,1184281.0,False
300.0,a2bb37bd1970b7fe11a8b59cb1f3a6f3.param,0.0,0.0,0.0,36.195,1139903203.0,18979385fd143efd1e177377635b26b7,387535.0,1.0,0.0,16.052,15-41,240901.0,0.0,901779.0,11203.0,3.4339999999999997,11659.0,11203.0,-1.0,18292.0,0.0,1145601.0,11333.0,1139903203.0,40.0,12.11,15.544,0.63,913440.0,False
300.0,a2bb37bd1970b7fe11a8b59cb1f3a6f3.param,1.0,0.0,0.0,37.512,1139903203.0,18979385fd143efd1e177377635b26b7,387535.0,1.0,0.0,15.904000000000002,15-41,240901.0,0.0,901779.0,11203.0,3.582,11659.0,11203.0,-1.0,18292.0,0.0,1145601.0,11333.0,1139903203.0,40.0,11.824000000000002,15.405999999999999,0.63,913440.0,False
300.0,a2bb37bd1970b7fe11a8b59cb1f3a6f3.param,2.0,0.0,0.0,35.665,1139903203.0,18979385fd143efd1e177377635b26b7,387535.0,1.0,0.0,16.182000000000002,15-41,240901.0,0.0,901779.0,11203.0,3.424,11659.0,11203.0,-1.0,18292.0,0.0,1145601.0,11333.0,1139903203.0,40.0,12.088,15.512,0.63,913440.0,False
300.0,44fed91bbf02c3af539328e6662bf914.param,0.0,0.0,0.0,47.644,95956545.0,3c4959aa9a41f72da0a55f4089e5dcec,36696.0,0.0,0.0,7.4289999999999985,16-50,22068.0,0.0,1147319.0,1843.0,4.416,13281.0,1843.0,-1.0,9064.0,0.0,921539.0,17235.0,95956545.0,10.0,2.405,6.8210000000000015,2.11,1160602.0,False
300.0,44fed91bbf02c3af539328e6662bf914.param,1.0,0.0,0.0,46.87300000000001,95956545.0,3c4959aa9a41f72da0a55f4089e5dcec,36696.0,0.0,0.0,7.465,16-50,22068.0,0.0,1147319.0,1843.0,4.419,13281.0,1843.0,-1.0,9064.0,0.0,921539.0,17235.0,95956545.0,10.0,2.435,6.854,2.11,1160602.0,False
300.0,44fed91bbf02c3af539328e6662bf914.param,2.0,0.0,0.0,48.532,95956545.0,3c4959aa9a41f72da0a55f4089e5dcec,36696.0,0.0,0.0,8.561,16-50,22068.0,0.0,1147319.0,1843.0,4.572,13281.0,1843.0,-1.0,9064.0,0.0,921539.0,17235.0,95956545.0,10.0,3.174,7.746,2.11,1160602.0,False
300.0,fece5a92f820b73659733b9639b82885.param,0.0,0.0,0.0,18.974,1242281828.0,f4853d68f04ad703cb944393f333b1b1,678472.0,1.0,0.0,10.992,15-41,514722.0,0.0,400634.0,9740.0,1.514,5501.0,9740.0,-1.0,22979.0,0.0,1369658.0,5083.0,1242281828.0,33.0,9.213,10.727,0.94,406137.0,False
300.0,fece5a92f820b73659733b9639b82885.param,1.0,0.0,0.0,18.112000000000002,1242281828.0,f4853d68f04ad703cb944393f333b1b1,678472.0,1.0,0.0,10.675999999999998,15-41,514722.0,0.0,400634.0,9740.0,1.472,5501.0,9740.0,-1.0,22979.0,0.0,1369658.0,5083.0,1242281828.0,33.0,8.958,10.43,0.94,406137.0,False
300.0,fece5a92f820b73659733b9639b82885.param,2.0,0.0,0.0,16.758,1242281828.0,f4853d68f04ad703cb944393f333b1b1,678472.0,1.0,0.0,10.75,15-41,514722.0,0.0,400634.0,9740.0,1.493,5501.0,9740.0,-1.0,22979.0,0.0,1369658.0,5083.0,1242281828.0,33.0,8.993,10.485999999999999,0.94,406137.0,False
300.0,8b3ad6188dc92a4335827c8e01628c0f.param,0.0,0.0,0.0,36.124,182366586.0,42c8bc6148f35e33c9df5e49169b30ea,81538.0,1.0,0.0,7.8660000000000005,15-41,20962.0,0.0,816554.0,4666.0,3.0980000000000003,14113.0,4666.0,-1.0,10524.0,0.0,517899.0,13849.0,182366586.0,20.0,4.275,7.3729999999999976,0.63,830669.0,False
300.0,8b3ad6188dc92a4335827c8e01628c0f.param,1.0,0.0,0.0,33.049,182366586.0,42c8bc6148f35e33c9df5e49169b30ea,81538.0,1.0,0.0,7.813,15-41,20962.0,0.0,816554.0,4666.0,3.1039999999999996,14113.0,4666.0,-1.0,10524.0,0.0,517899.0,13849.0,182366586.0,20.0,4.242,7.346,0.63,830669.0,False
300.0,8b3ad6188dc92a4335827c8e01628c0f.param,2.0,0.0,0.0,35.69,182366586.0,42c8bc6148f35e33c9df5e49169b30ea,81538.0,1.0,0.0,7.6270000000000024,15-41,20962.0,0.0,816554.0,4666.0,3.051,14113.0,4666.0,-1.0,10524.0,0.0,517899.0,13849.0,182366586.0,20.0,4.096,7.147,0.63,830669.0,False
300.0,5fef6050cdd12ec4963b342a00b8769f.param,0.0,0.0,0.0,54.184,335975281.0,aa82c8fade7b501918fea05fc8a8b8c2,58696.0,1.0,0.0,9.754,15-41,20041.0,0.0,1286634.0,6395.0,5.0,18617.0,6395.0,-1.0,9480.0,0.0,1493881.0,18301.0,335975281.0,29.0,4.033,9.033,0.63,1305253.0,False
300.0,5fef6050cdd12ec4963b342a00b8769f.param,1.0,0.0,0.0,49.623999999999995,335975281.0,aa82c8fade7b501918fea05fc8a8b8c2,58696.0,1.0,0.0,9.749,15-41,20041.0,0.0,1286634.0,6395.0,4.995,18617.0,6395.0,-1.0,9480.0,0.0,1493881.0,18301.0,335975281.0,29.0,4.063,9.058,0.63,1305253.0,False
300.0,5fef6050cdd12ec4963b342a00b8769f.param,2.0,0.0,0.0,49.908,335975281.0,aa82c8fade7b501918fea05fc8a8b8c2,58696.0,1.0,0.0,9.732999999999999,15-41,20041.0,0.0,1286634.0,6395.0,4.979,18617.0,6395.0,-1.0,9480.0,0.0,1493881.0,18301.0,335975281.0,29.0,4.013,8.992,0.63,1305253.0,False
300.0,f77193d98d97a8df35aba3d3d50b907e.param,0.0,0.0,0.0,36.128,646920589.0,8fab1589d1a9c21b6937dd4966e31dba,46145.0,1.0,0.0,4.588,15-41,20411.0,0.0,817595.0,4742.0,3.1289999999999996,12803.0,4742.0,-1.0,6279.0,0.0,497055.0,12511.0,646920589.0,21.0,0.995,4.124,0.42,830400.0,False
300.0,f77193d98d97a8df35aba3d3d50b907e.param,1.0,0.0,0.0,34.195,646920589.0,8fab1589d1a9c21b6937dd4966e31dba,46145.0,1.0,0.0,4.534,15-41,20411.0,0.0,817595.0,4742.0,3.13,12803.0,4742.0,-1.0,6279.0,0.0,497055.0,12511.0,646920589.0,21.0,0.94,4.07,0.42,830400.0,False
300.0,f77193d98d97a8df35aba3d3d50b907e.param,2.0,0.0,0.0,35.231,646920589.0,8fab1589d1a9c21b6937dd4966e31dba,46145.0,1.0,0.0,4.533,15-41,20411.0,0.0,817595.0,4742.0,3.135,12803.0,4742.0,-1.0,6279.0,0.0,497055.0,12511.0,646920589.0,21.0,0.9420000000000001,4.077,0.42,830400.0,False
300.0,b7c1926b06d5191f5f23b3654f7eea8a.param,0.0,0.0,0.0,29.724,1883039101.0,90f363ef0f772a4b1a8b35b6cd2b9b90,165336.0,1.0,0.0,7.105,15-41,112469.0,0.0,737141.0,4030.0,2.728,14211.0,4030.0,-1.0,9172.0,0.0,602807.0,13949.0,1883039101.0,16.0,3.8110000000000004,6.539,0.63,751354.0,False
300.0,b7c1926b06d5191f5f23b3654f7eea8a.param,1.0,0.0,0.0,31.18,1883039101.0,90f363ef0f772a4b1a8b35b6cd2b9b90,165336.0,1.0,0.0,7.072,15-41,112469.0,0.0,737141.0,4030.0,2.786,14211.0,4030.0,-1.0,9172.0,0.0,602807.0,13949.0,1883039101.0,16.0,3.8489999999999998,6.635,0.63,751354.0,False
300.0,b7c1926b06d5191f5f23b3654f7eea8a.param,2.0,0.0,0.0,29.629,1883039101.0,90f363ef0f772a4b1a8b35b6cd2b9b90,165336.0,1.0,0.0,7.261,15-41,112469.0,0.0,737141.0,4030.0,2.9,14211.0,4030.0,-1.0,9172.0,0.0,602807.0,13949.0,1883039101.0,16.0,3.9210000000000003,6.8210000000000015,0.63,751354.0,False
300.0,b24ff19d000a151b6659a6c65e6c35c6.param,0.0,0.0,0.0,39.343,590654055.0,87bbab4b6c64971c0fe78e79325b689e,910724.0,1.0,0.0,31.735,15-41,738076.0,0.0,932057.0,10289.0,3.487,12533.0,10289.0,-1.0,23087.0,0.0,1825162.0,12150.0,590654055.0,36.0,27.553,31.04,0.94,944592.0,False
300.0,b24ff19d000a151b6659a6c65e6c35c6.param,1.0,0.0,0.0,37.725,590654055.0,87bbab4b6c64971c0fe78e79325b689e,910724.0,1.0,0.0,31.706999999999997,15-41,738076.0,0.0,932057.0,10289.0,3.5410000000000004,12533.0,10289.0,-1.0,23087.0,0.0,1825162.0,12150.0,590654055.0,36.0,27.43,30.971,0.94,944592.0,False
300.0,b24ff19d000a151b6659a6c65e6c35c6.param,2.0,0.0,0.0,38.652,590654055.0,87bbab4b6c64971c0fe78e79325b689e,910724.0,1.0,0.0,31.2,15-41,738076.0,0.0,932057.0,10289.0,3.5260000000000002,12533.0,10289.0,-1.0,23087.0,0.0,1825162.0,12150.0,590654055.0,36.0,26.939,30.465,0.94,944592.0,False
300.0,e5fa51f4b48f9d73b966b1eb0389e73c.param,0.0,0.0,0.0,91.07799999999999,2136253402.0,7575c31d874ae0eefd7b7efc4eb35156,152305.0,0.0,0.0,17.756,16-50,103999.0,0.0,2224350.0,9647.0,8.963,21319.0,9647.0,-1.0,14020.0,0.0,2077304.0,27866.0,2136253402.0,32.0,7.527,16.49,3.16,2245671.0,False
300.0,e5fa51f4b48f9d73b966b1eb0389e73c.param,1.0,0.0,0.0,90.728,2136253402.0,7575c31d874ae0eefd7b7efc4eb35156,152305.0,0.0,0.0,18.792,16-50,103999.0,0.0,2224350.0,9647.0,9.078,21319.0,9647.0,-1.0,14020.0,0.0,2077304.0,27866.0,2136253402.0,32.0,8.081,17.159000000000002,3.16,2245671.0,False
300.0,e5fa51f4b48f9d73b966b1eb0389e73c.param,2.0,0.0,0.0,97.728,2136253402.0,7575c31d874ae0eefd7b7efc4eb35156,152305.0,0.0,0.0,18.012999999999995,16-50,103999.0,0.0,2224350.0,9647.0,8.85,21319.0,9647.0,-1.0,14020.0,0.0,2077304.0,27866.0,2136253402.0,32.0,7.563,16.413,3.16,2245671.0,False
300.0,3df40218b019eea866b53a1349c0d0e2.param,0.0,0.0,0.0,16.298,1145031130.0,3a102bbaa9ff31f526b74db5d75a7dcd,114338.0,0.0,0.0,14.148,15-41,50773.0,0.0,27356.0,55091.0,0.237,901.0,55091.0,-1.0,443.0,0.0,780803.0,787.0,1145031130.0,143.0,13.852,14.089,0.02,28259.0,False
300.0,3df40218b019eea866b53a1349c0d0e2.param,1.0,0.0,0.0,17.685,1145031130.0,3a102bbaa9ff31f526b74db5d75a7dcd,114338.0,0.0,0.0,14.815999999999999,15-41,50773.0,0.0,27356.0,55091.0,0.214,901.0,55091.0,-1.0,443.0,0.0,780803.0,787.0,1145031130.0,143.0,14.535,14.749,0.02,28259.0,False
300.0,3df40218b019eea866b53a1349c0d0e2.param,2.0,0.0,0.0,17.39,1145031130.0,3a102bbaa9ff31f526b74db5d75a7dcd,114338.0,0.0,0.0,14.347999999999999,15-41,50773.0,0.0,27356.0,55091.0,0.222,901.0,55091.0,-1.0,443.0,0.0,780803.0,787.0,1145031130.0,143.0,14.065,14.287,0.02,28259.0,False
300.0,3202e56149cbd27d0de3bdbd879f81e3.param,0.0,0.0,0.0,14.874,83966730.0,7ba9948be89ad277244cc82513579e3c,360789.0,1.0,0.0,5.526,15-41,305587.0,0.0,320952.0,5710.0,1.177,5089.0,5710.0,-1.0,8643.0,0.0,849965.0,4839.0,83966730.0,25.0,4.143,5.32,0.28,326043.0,False
300.0,3202e56149cbd27d0de3bdbd879f81e3.param,1.0,0.0,0.0,13.247,83966730.0,7ba9948be89ad277244cc82513579e3c,360789.0,1.0,0.0,5.6229999999999976,15-41,305587.0,0.0,320952.0,5710.0,1.18,5089.0,5710.0,-1.0,8643.0,0.0,849965.0,4839.0,83966730.0,25.0,4.2330000000000005,5.412999999999999,0.28,326043.0,False
300.0,3202e56149cbd27d0de3bdbd879f81e3.param,2.0,0.0,0.0,14.525,83966730.0,7ba9948be89ad277244cc82513579e3c,360789.0,1.0,0.0,5.62,15-41,305587.0,0.0,320952.0,5710.0,1.225,5089.0,5710.0,-1.0,8643.0,0.0,849965.0,4839.0,83966730.0,25.0,4.192,5.4170000000000025,0.28,326043.0,False
300.0,f96e501784f98c21890b02a2712e89bd.param,0.0,0.0,0.0,47.945,590654055.0,d4d5526669ad628406daa373316ced30,60832.0,1.0,0.0,6.933,15-41,22001.0,0.0,1209441.0,6365.0,4.6419999999999995,17689.0,6365.0,-1.0,9324.0,0.0,782998.0,17348.0,590654055.0,29.0,1.6130000000000002,6.255,0.63,1227132.0,False
300.0,f96e501784f98c21890b02a2712e89bd.param,1.0,0.0,0.0,49.413000000000004,590654055.0,d4d5526669ad628406daa373316ced30,60832.0,1.0,0.0,7.187,15-41,22001.0,0.0,1209441.0,6365.0,4.669,17689.0,6365.0,-1.0,9324.0,0.0,782998.0,17348.0,590654055.0,29.0,1.6230000000000002,6.2920000000000025,0.63,1227132.0,False
300.0,f96e501784f98c21890b02a2712e89bd.param,2.0,0.0,0.0,45.88,590654055.0,d4d5526669ad628406daa373316ced30,60832.0,1.0,0.0,6.8770000000000024,15-41,22001.0,0.0,1209441.0,6365.0,4.64,17689.0,6365.0,-1.0,9324.0,0.0,782998.0,17348.0,590654055.0,29.0,1.575,6.215,0.63,1227132.0,False
300.0,ebfb38d0b486754d6704faf1ad393db8.param,0.0,0.0,0.0,22.816999999999997,1234135464.0,be940218fe18cbd531c3f593bc4b5567,147758.0,1.0,0.0,6.335,15-41,73526.0,0.0,542333.0,9676.0,2.046,7603.0,9676.0,-1.0,9931.0,0.0,841865.0,7315.0,1234135464.0,32.0,3.971,6.017,0.28,549938.0,False
300.0,ebfb38d0b486754d6704faf1ad393db8.param,1.0,0.0,0.0,23.568,1234135464.0,be940218fe18cbd531c3f593bc4b5567,147758.0,1.0,0.0,6.171,15-41,73526.0,0.0,542333.0,9676.0,2.029,7603.0,9676.0,-1.0,9931.0,0.0,841865.0,7315.0,1234135464.0,32.0,3.839,5.867999999999999,0.28,549938.0,False
300.0,ebfb38d0b486754d6704faf1ad393db8.param,2.0,0.0,0.0,24.33,1234135464.0,be940218fe18cbd531c3f593bc4b5567,147758.0,1.0,0.0,6.367999999999999,15-41,73526.0,0.0,542333.0,9676.0,2.039,7603.0,9676.0,-1.0,9931.0,0.0,841865.0,7315.0,1234135464.0,32.0,3.9210000000000003,5.96,0.28,549938.0,False
300.0,3c59340fb353a585970ae15583e52dc2.param,0.0,0.0,0.0,63.982,1923385776.0,b4c6927073f7f2f063c31c3347742c1b,58522.0,1.0,0.0,9.853,15-41,11174.0,0.0,1601691.0,9688.0,6.22,22445.0,9688.0,-1.0,11071.0,0.0,774318.0,22116.0,1923385776.0,32.0,2.7430000000000003,8.963,0.94,1624138.0,False
300.0,3c59340fb353a585970ae15583e52dc2.param,1.0,0.0,0.0,63.692,1923385776.0,b4c6927073f7f2f063c31c3347742c1b,58522.0,1.0,0.0,9.765,15-41,11174.0,0.0,1601691.0,9688.0,6.1679999999999975,22445.0,9688.0,-1.0,11071.0,0.0,774318.0,22116.0,1923385776.0,32.0,2.73,8.898,0.94,1624138.0,False
300.0,3c59340fb353a585970ae15583e52dc2.param,2.0,0.0,0.0,60.702,1923385776.0,b4c6927073f7f2f063c31c3347742c1b,58522.0,1.0,0.0,9.795,15-41,11174.0,0.0,1601691.0,9688.0,6.1770000000000005,22445.0,9688.0,-1.0,11071.0,0.0,774318.0,22116.0,1923385776.0,32.0,2.7710000000000004,8.948,0.94,1624138.0,False
300.0,411eb8af67a987b6d330a3f7c487347c.param,0.0,0.0,0.0,15.719000000000001,1083416308.0,3eac875bbd742e3e27094d2044af459a,79037.0,1.0,0.0,3.622,15-41,36224.0,0.0,332925.0,4765.0,1.2229999999999999,5611.0,4765.0,-1.0,9623.0,0.0,444595.0,5351.0,1083416308.0,21.0,2.181,3.404,0.42,338538.0,False
300.0,411eb8af67a987b6d330a3f7c487347c.param,1.0,0.0,0.0,15.345999999999998,1083416308.0,3eac875bbd742e3e27094d2044af459a,79037.0,1.0,0.0,3.645,15-41,36224.0,0.0,332925.0,4765.0,1.2670000000000001,5611.0,4765.0,-1.0,9623.0,0.0,444595.0,5351.0,1083416308.0,21.0,2.168,3.435,0.42,338538.0,False
300.0,411eb8af67a987b6d330a3f7c487347c.param,2.0,0.0,0.0,13.690999999999999,1083416308.0,3eac875bbd742e3e27094d2044af459a,79037.0,1.0,0.0,3.542,15-41,36224.0,0.0,332925.0,4765.0,1.205,5611.0,4765.0,-1.0,9623.0,0.0,444595.0,5351.0,1083416308.0,21.0,2.1430000000000002,3.3480000000000003,0.42,338538.0,False
300.0,f8df5f5150968e8beed02c87bc2ab666.param,0.0,0.0,0.0,56.62,1258716603.0,686fe5883a2a38b12965cbc7610b40af,225199.0,1.0,0.0,16.184,15-41,94075.0,0.0,1433686.0,6354.0,5.664,21205.0,6354.0,-1.0,19184.0,0.0,1493542.0,20891.0,1258716603.0,29.0,9.596,15.26,0.94,1454893.0,False
300.0,f8df5f5150968e8beed02c87bc2ab666.param,1.0,0.0,0.0,60.696999999999996,1258716603.0,686fe5883a2a38b12965cbc7610b40af,225199.0,1.0,0.0,15.047,15-41,94075.0,0.0,1433686.0,6354.0,5.5020000000000024,21205.0,6354.0,-1.0,19184.0,0.0,1493542.0,20891.0,1258716603.0,29.0,8.79,14.292,0.94,1454893.0,False
300.0,f8df5f5150968e8beed02c87bc2ab666.param,2.0,0.0,0.0,54.551,1258716603.0,686fe5883a2a38b12965cbc7610b40af,225199.0,1.0,0.0,15.045,15-41,94075.0,0.0,1433686.0,6354.0,5.445,21205.0,6354.0,-1.0,19184.0,0.0,1493542.0,20891.0,1258716603.0,29.0,8.84,14.285,0.94,1454893.0,False
300.0,f48c0154c055dd2d9e427d94e5cc96fd.param,0.0,0.0,0.0,50.2,1098776393.0,4f6469f1ccc1412a35bcbb232ea3b381,205033.0,1.0,0.0,15.725,15-41,49572.0,0.0,1274562.0,11295.0,4.931,16319.0,11295.0,-1.0,18284.0,0.0,1410912.0,15984.0,1098776393.0,40.0,9.901,14.832,0.63,1290883.0,False
300.0,f48c0154c055dd2d9e427d94e5cc96fd.param,1.0,0.0,0.0,50.199,1098776393.0,4f6469f1ccc1412a35bcbb232ea3b381,205033.0,1.0,0.0,14.802999999999999,15-41,49572.0,0.0,1274562.0,11295.0,4.9110000000000005,16319.0,11295.0,-1.0,18284.0,0.0,1410912.0,15984.0,1098776393.0,40.0,9.184,14.095,0.63,1290883.0,False
300.0,f48c0154c055dd2d9e427d94e5cc96fd.param,2.0,0.0,0.0,52.905,1098776393.0,4f6469f1ccc1412a35bcbb232ea3b381,205033.0,1.0,0.0,14.502,15-41,49572.0,0.0,1274562.0,11295.0,4.79,16319.0,11295.0,-1.0,18284.0,0.0,1410912.0,15984.0,1098776393.0,40.0,9.057,13.847000000000001,0.63,1290883.0,False
300.0,573a8627b23c29141b9965518a1ea628.param,0.0,0.0,0.0,69.047,1057470620.0,1d97f9bfcd4c90f90e63562427105e83,153626.0,1.0,0.0,15.912,15-41,49374.0,0.0,1866230.0,9771.0,7.225,25603.0,9771.0,-1.0,14032.0,0.0,1058819.0,25180.0,1057470620.0,33.0,7.606,14.831,0.94,1891835.0,False
300.0,573a8627b23c29141b9965518a1ea628.param,1.0,0.0,0.0,78.142,1057470620.0,1d97f9bfcd4c90f90e63562427105e83,153626.0,1.0,0.0,16.692999999999998,15-41,49374.0,0.0,1866230.0,9771.0,7.728,25603.0,9771.0,-1.0,14032.0,0.0,1058819.0,25180.0,1057470620.0,33.0,7.824,15.552,0.94,1891835.0,False
300.0,573a8627b23c29141b9965518a1ea628.param,2.0,0.0,0.0,73.176,1057470620.0,1d97f9bfcd4c90f90e63562427105e83,153626.0,1.0,0.0,15.614,15-41,49374.0,0.0,1866230.0,9771.0,7.162999999999999,25603.0,9771.0,-1.0,14032.0,0.0,1058819.0,25180.0,1057470620.0,33.0,7.462999999999999,14.626,0.94,1891835.0,False
300.0,ff29c8f9c07b239fedaec27dbf4ce49d.param,0.0,0.0,0.0,30.653000000000002,34754393.0,66ecc5d23149f71e52dbd7c5c4a28540,1211364.0,1.0,0.0,33.005,15-41,1029030.0,0.0,733741.0,9646.0,2.76,10281.0,9646.0,-1.0,22351.0,0.0,1649648.0,9880.0,34754393.0,32.0,29.663,32.423,0.94,744024.0,False
300.0,ff29c8f9c07b239fedaec27dbf4ce49d.param,1.0,0.0,0.0,29.739,34754393.0,66ecc5d23149f71e52dbd7c5c4a28540,1211364.0,1.0,0.0,32.275999999999996,15-41,1029030.0,0.0,733741.0,9646.0,2.7430000000000003,10281.0,9646.0,-1.0,22351.0,0.0,1649648.0,9880.0,34754393.0,32.0,28.989,31.732,0.94,744024.0,False
300.0,ff29c8f9c07b239fedaec27dbf4ce49d.param,2.0,0.0,0.0,35.31800000000001,34754393.0,66ecc5d23149f71e52dbd7c5c4a28540,1211364.0,1.0,0.0,32.025999999999996,15-41,1029030.0,0.0,733741.0,9646.0,2.7539999999999996,10281.0,9646.0,-1.0,22351.0,0.0,1649648.0,9880.0,34754393.0,32.0,28.843000000000004,31.596999999999998,0.94,744024.0,False
300.0,a41351309b1ab4b5310538c23b8dec0e.param,0.0,0.0,0.0,59.63800000000001,1234135464.0,1c0ae09382c557c44cccf93a401f0af1,910395.0,1.0,0.0,50.473,15-41,681942.0,0.0,1560248.0,9771.0,5.937,21409.0,9771.0,-1.0,24811.0,0.0,2696027.0,21031.0,1234135464.0,33.0,43.413000000000004,49.35,0.94,1581659.0,False
300.0,a41351309b1ab4b5310538c23b8dec0e.param,1.0,0.0,0.0,62.915,1234135464.0,1c0ae09382c557c44cccf93a401f0af1,910395.0,1.0,0.0,51.4,15-41,681942.0,0.0,1560248.0,9771.0,6.091,21409.0,9771.0,-1.0,24811.0,0.0,2696027.0,21031.0,1234135464.0,33.0,44.39100000000001,50.482,0.94,1581659.0,False
300.0,a41351309b1ab4b5310538c23b8dec0e.param,2.0,0.0,0.0,60.536,1234135464.0,1c0ae09382c557c44cccf93a401f0af1,910395.0,1.0,0.0,50.76300000000001,15-41,681942.0,0.0,1560248.0,9771.0,6.33,21409.0,9771.0,-1.0,24811.0,0.0,2696027.0,21031.0,1234135464.0,33.0,43.5,49.83,0.94,1581659.0,False
300.0,be934c0585611c7f00126ccfde3651ad.param,0.0,0.0,0.0,61.92,590654055.0,ce5d5136a0399e4a2ef0e74510c3b6ed,159754.0,1.0,0.0,19.308,15-41,35774.0,0.0,1553174.0,9785.0,5.9670000000000005,20671.0,9785.0,-1.0,15197.0,0.0,1844749.0,20239.0,590654055.0,33.0,12.488,18.455,0.63,1573847.0,False
300.0,be934c0585611c7f00126ccfde3651ad.param,1.0,0.0,0.0,61.605,590654055.0,ce5d5136a0399e4a2ef0e74510c3b6ed,159754.0,1.0,0.0,20.721,15-41,35774.0,0.0,1553174.0,9785.0,6.085,20671.0,9785.0,-1.0,15197.0,0.0,1844749.0,20239.0,590654055.0,33.0,13.565,19.65,0.63,1573847.0,False
300.0,be934c0585611c7f00126ccfde3651ad.param,2.0,0.0,0.0,63.667,590654055.0,ce5d5136a0399e4a2ef0e74510c3b6ed,159754.0,1.0,0.0,21.553,15-41,35774.0,0.0,1553174.0,9785.0,6.247000000000001,20671.0,9785.0,-1.0,15197.0,0.0,1844749.0,20239.0,590654055.0,33.0,14.193,20.44,0.63,1573847.0,False
300.0,9847d0c027bbaccb1847a48fd98a95ac.param,0.0,0.0,0.0,25.45,1405409883.0,c4233d1b5df24a1467422640dcf7e7b7,235265.0,1.0,0.0,9.368,15-41,127165.0,0.0,537830.0,10245.0,2.154,7309.0,10245.0,-1.0,13361.0,0.0,625708.0,6991.0,1405409883.0,36.0,6.808,8.962,0.42,545141.0,False
300.0,9847d0c027bbaccb1847a48fd98a95ac.param,1.0,0.0,0.0,23.166,1405409883.0,c4233d1b5df24a1467422640dcf7e7b7,235265.0,1.0,0.0,8.918,15-41,127165.0,0.0,537830.0,10245.0,2.004,7309.0,10245.0,-1.0,13361.0,0.0,625708.0,6991.0,1405409883.0,36.0,6.5820000000000025,8.586,0.42,545141.0,False
300.0,9847d0c027bbaccb1847a48fd98a95ac.param,2.0,0.0,0.0,24.406999999999996,1405409883.0,c4233d1b5df24a1467422640dcf7e7b7,235265.0,1.0,0.0,8.873,15-41,127165.0,0.0,537830.0,10245.0,1.996,7309.0,10245.0,-1.0,13361.0,0.0,625708.0,6991.0,1405409883.0,36.0,6.551,8.547,0.42,545141.0,False
300.0,a1d4e09d3abf0a4eca987babbe1df4ca.param,0.0,0.0,0.0,4.993,1571287961.0,6095ace8d6933bb8bf6eb985cbcd6679,145625.0,1.0,0.0,3.1839999999999997,15-41,99467.0,0.0,105890.0,5687.0,0.381,1387.0,5687.0,-1.0,7019.0,0.0,571430.0,1042.0,1571287961.0,24.0,2.7030000000000003,3.0839999999999996,0.19,107279.0,False
300.0,a1d4e09d3abf0a4eca987babbe1df4ca.param,1.0,0.0,0.0,5.271,1571287961.0,6095ace8d6933bb8bf6eb985cbcd6679,145625.0,1.0,0.0,3.1039999999999996,15-41,99467.0,0.0,105890.0,5687.0,0.389,1387.0,5687.0,-1.0,7019.0,0.0,571430.0,1042.0,1571287961.0,24.0,2.628,3.017,0.19,107279.0,False
300.0,a1d4e09d3abf0a4eca987babbe1df4ca.param,2.0,0.0,0.0,5.202000000000001,1571287961.0,6095ace8d6933bb8bf6eb985cbcd6679,145625.0,1.0,0.0,3.1319999999999997,15-41,99467.0,0.0,105890.0,5687.0,0.379,1387.0,5687.0,-1.0,7019.0,0.0,571430.0,1042.0,1571287961.0,24.0,2.66,3.0389999999999997,0.19,107279.0,False
300.0,9feb6f2064b86f090bb3887f069a4d0d.param,0.0,0.0,0.0,65.37,1918631718.0,f6a6e9c2f5c1725e2673151943615039,2027570.0,1.0,0.0,41.674,15-41,1818900.0,0.0,1646632.0,11200.0,6.419,21075.0,11200.0,-1.0,22650.0,0.0,2809484.0,20653.0,1918631718.0,40.0,34.024,40.44300000000001,0.94,1667709.0,False
300.0,9feb6f2064b86f090bb3887f069a4d0d.param,1.0,0.0,0.0,65.967,1918631718.0,f6a6e9c2f5c1725e2673151943615039,2027570.0,1.0,0.0,39.584,15-41,1818900.0,0.0,1646632.0,11200.0,6.376,21075.0,11200.0,-1.0,22650.0,0.0,2809484.0,20653.0,1918631718.0,40.0,32.019,38.395,0.94,1667709.0,False
300.0,9feb6f2064b86f090bb3887f069a4d0d.param,2.0,0.0,0.0,65.422,1918631718.0,f6a6e9c2f5c1725e2673151943615039,2027570.0,1.0,0.0,41.567,15-41,1818900.0,0.0,1646632.0,11200.0,6.45,21075.0,11200.0,-1.0,22650.0,0.0,2809484.0,20653.0,1918631718.0,40.0,33.879,40.329,0.94,1667709.0,False
300.0,964d1ae550e8b1567ec8e3803e14c5da.param,0.0,0.0,0.0,35.2,693280077.0,a9bbaf8b395162dda5a7a510a769b2a7,195400.0,1.0,0.0,10.93,15-41,143802.0,0.0,887249.0,4146.0,3.398,16615.0,4146.0,-1.0,13981.0,0.0,806266.0,16261.0,693280077.0,17.0,7.006,10.404000000000002,0.63,903866.0,False
300.0,964d1ae550e8b1567ec8e3803e14c5da.param,1.0,0.0,0.0,37.379,693280077.0,a9bbaf8b395162dda5a7a510a769b2a7,195400.0,1.0,0.0,10.534,15-41,143802.0,0.0,887249.0,4146.0,3.36,16615.0,4146.0,-1.0,13981.0,0.0,806266.0,16261.0,693280077.0,17.0,6.683,10.043,0.63,903866.0,False
300.0,964d1ae550e8b1567ec8e3803e14c5da.param,2.0,0.0,0.0,35.496,693280077.0,a9bbaf8b395162dda5a7a510a769b2a7,195400.0,1.0,0.0,11.01,15-41,143802.0,0.0,887249.0,4146.0,3.387,16615.0,4146.0,-1.0,13981.0,0.0,806266.0,16261.0,693280077.0,17.0,7.087999999999999,10.475,0.63,903866.0,False
300.0,0faee3ca8e450721dd5b73cb48656439.param,0.0,0.0,0.0,104.65299999999999,221638566.0,ea30e4d15cc92f5eb4ac82522812691c,148724.0,1.0,0.0,20.25,15-41,33490.0,0.0,2591218.0,10244.0,10.009,35187.0,10244.0,-1.0,17819.0,0.0,2081114.0,34757.0,221638566.0,36.0,8.791,18.8,1.41,2626407.0,False
300.0,0faee3ca8e450721dd5b73cb48656439.param,1.0,0.0,0.0,108.01299999999999,221638566.0,ea30e4d15cc92f5eb4ac82522812691c,148724.0,1.0,0.0,20.477999999999998,15-41,33490.0,0.0,2591218.0,10244.0,10.117,35187.0,10244.0,-1.0,17819.0,0.0,2081114.0,34757.0,221638566.0,36.0,8.967,19.084,1.41,2626407.0,False
300.0,0faee3ca8e450721dd5b73cb48656439.param,2.0,0.0,0.0,104.97200000000001,221638566.0,ea30e4d15cc92f5eb4ac82522812691c,148724.0,1.0,0.0,21.78,15-41,33490.0,0.0,2591218.0,10244.0,10.258,35187.0,10244.0,-1.0,17819.0,0.0,2081114.0,34757.0,221638566.0,36.0,9.972000000000001,20.23,1.41,2626407.0,False
300.0,813211425de754d47420bda81be7c3af.param,0.0,0.0,0.0,28.296,2028359165.0,cd5264d533d27e14319801d5c3d32569,57189.0,1.0,0.0,5.309,15-41,15612.0,0.0,658322.0,5709.0,2.668,10433.0,5709.0,-1.0,8337.0,0.0,855634.0,10161.0,2028359165.0,25.0,2.1390000000000002,4.8069999999999995,0.42,668757.0,False
300.0,813211425de754d47420bda81be7c3af.param,1.0,0.0,0.0,29.261999999999997,2028359165.0,cd5264d533d27e14319801d5c3d32569,57189.0,1.0,0.0,4.638,15-41,15612.0,0.0,658322.0,5709.0,2.46,10433.0,5709.0,-1.0,8337.0,0.0,855634.0,10161.0,2028359165.0,25.0,1.791,4.251,0.42,668757.0,False
300.0,813211425de754d47420bda81be7c3af.param,2.0,0.0,0.0,28.54300000000001,2028359165.0,cd5264d533d27e14319801d5c3d32569,57189.0,1.0,0.0,4.62,15-41,15612.0,0.0,658322.0,5709.0,2.47,10433.0,5709.0,-1.0,8337.0,0.0,855634.0,10161.0,2028359165.0,25.0,1.777,4.247,0.42,668757.0,False
300.0,1ec21c7d8e15d35901cd608efade836b.param,0.0,0.0,0.0,8.611,1802391418.0,7d02e1ba3f01248608db4db1beaba122,87546.0,1.0,0.0,3.359,15-41,41255.0,0.0,192559.0,9608.0,0.746,2647.0,9608.0,-1.0,8548.0,0.0,841471.0,2361.0,1802391418.0,32.0,2.436,3.182,0.28,195208.0,False
300.0,1ec21c7d8e15d35901cd608efade836b.param,1.0,0.0,0.0,8.899,1802391418.0,7d02e1ba3f01248608db4db1beaba122,87546.0,1.0,0.0,3.225,15-41,41255.0,0.0,192559.0,9608.0,0.693,2647.0,9608.0,-1.0,8548.0,0.0,841471.0,2361.0,1802391418.0,32.0,2.3890000000000002,3.082,0.28,195208.0,False
300.0,1ec21c7d8e15d35901cd608efade836b.param,2.0,0.0,0.0,8.741,1802391418.0,7d02e1ba3f01248608db4db1beaba122,87546.0,1.0,0.0,3.347,15-41,41255.0,0.0,192559.0,9608.0,0.7509999999999999,2647.0,9608.0,-1.0,8548.0,0.0,841471.0,2361.0,1802391418.0,32.0,2.463,3.214,0.28,195208.0,False
300.0,82716a7451af0bb025940cb2be8712d2.param,0.0,0.0,0.0,14.581,1802391418.0,d1814f913f0d0cfc783c580dadb01833,68989.0,1.0,0.0,3.4939999999999998,15-41,21717.0,0.0,321141.0,5678.0,1.197,5153.0,5678.0,-1.0,9217.0,0.0,478124.0,4900.0,1802391418.0,24.0,2.086,3.283,0.28,326296.0,False
300.0,82716a7451af0bb025940cb2be8712d2.param,1.0,0.0,0.0,15.657,1802391418.0,d1814f913f0d0cfc783c580dadb01833,68989.0,1.0,0.0,3.573,15-41,21717.0,0.0,321141.0,5678.0,1.177,5153.0,5678.0,-1.0,9217.0,0.0,478124.0,4900.0,1802391418.0,24.0,2.178,3.355,0.28,326296.0,False
300.0,82716a7451af0bb025940cb2be8712d2.param,2.0,0.0,0.0,14.543,1802391418.0,d1814f913f0d0cfc783c580dadb01833,68989.0,1.0,0.0,3.548,15-41,21717.0,0.0,321141.0,5678.0,1.183,5153.0,5678.0,-1.0,9217.0,0.0,478124.0,4900.0,1802391418.0,24.0,2.142,3.325,0.28,326296.0,False
300.0,c561707c3f0ff054acd49c4f7f7f9eae.param,0.0,0.0,0.0,75.967,590654055.0,79cf09d0f0823189fd254127c398355d,88835.0,1.0,0.0,27.261999999999997,15-41,23336.0,0.0,1880930.0,5753.0,7.4529999999999985,24787.0,5753.0,-1.0,12752.0,0.0,3618739.0,24376.0,590654055.0,25.0,18.805999999999997,26.259,0.94,1905719.0,False
300.0,c561707c3f0ff054acd49c4f7f7f9eae.param,1.0,0.0,0.0,74.044,590654055.0,79cf09d0f0823189fd254127c398355d,88835.0,1.0,0.0,26.761999999999997,15-41,23336.0,0.0,1880930.0,5753.0,7.22,24787.0,5753.0,-1.0,12752.0,0.0,3618739.0,24376.0,590654055.0,25.0,18.507,25.726999999999997,0.94,1905719.0,False
300.0,c561707c3f0ff054acd49c4f7f7f9eae.param,2.0,0.0,0.0,76.816,590654055.0,79cf09d0f0823189fd254127c398355d,88835.0,1.0,0.0,27.166999999999998,15-41,23336.0,0.0,1880930.0,5753.0,7.2810000000000015,24787.0,5753.0,-1.0,12752.0,0.0,3618739.0,24376.0,590654055.0,25.0,18.9,26.180999999999997,0.94,1905719.0,False
300.0,9038037b7d7e09779716658ee51f043a.param,0.0,0.0,0.0,36.504,1470727592.0,dc2fbaca38c90b8b79f7caf883dd582a,78575.0,1.0,0.0,6.629,15-41,34819.0,0.0,907091.0,4634.0,3.4589999999999996,16093.0,4634.0,-1.0,9071.0,0.0,697294.0,15820.0,1470727592.0,20.0,2.488,5.947,0.63,923186.0,False
300.0,9038037b7d7e09779716658ee51f043a.param,1.0,0.0,0.0,38.06,1470727592.0,dc2fbaca38c90b8b79f7caf883dd582a,78575.0,1.0,0.0,6.114,15-41,34819.0,0.0,907091.0,4634.0,3.44,16093.0,4634.0,-1.0,9071.0,0.0,697294.0,15820.0,1470727592.0,20.0,2.158,5.598,0.63,923186.0,False
300.0,9038037b7d7e09779716658ee51f043a.param,2.0,0.0,0.0,36.993,1470727592.0,dc2fbaca38c90b8b79f7caf883dd582a,78575.0,1.0,0.0,6.117999999999999,15-41,34819.0,0.0,907091.0,4634.0,3.562,16093.0,4634.0,-1.0,9071.0,0.0,697294.0,15820.0,1470727592.0,20.0,2.024,5.586,0.63,923186.0,False
300.0,400673ca8ff3edef3535b5791da29758.param,0.0,0.0,0.0,30.228,1139903203.0,aa8c1cb2788c7ec776a30b2419d311d9,97005.0,1.0,0.0,9.425,15-41,27915.0,0.0,716898.0,4699.0,2.782,12389.0,4699.0,-1.0,13908.0,0.0,902696.0,12111.0,1139903203.0,20.0,6.211,8.993,0.63,729289.0,False
300.0,400673ca8ff3edef3535b5791da29758.param,1.0,0.0,0.0,30.745,1139903203.0,aa8c1cb2788c7ec776a30b2419d311d9,97005.0,1.0,0.0,9.575,15-41,27915.0,0.0,716898.0,4699.0,2.8369999999999997,12389.0,4699.0,-1.0,13908.0,0.0,902696.0,12111.0,1139903203.0,20.0,6.289,9.126,0.63,729289.0,False
300.0,400673ca8ff3edef3535b5791da29758.param,2.0,0.0,0.0,29.607,1139903203.0,aa8c1cb2788c7ec776a30b2419d311d9,97005.0,1.0,0.0,9.478,15-41,27915.0,0.0,716898.0,4699.0,2.722,12389.0,4699.0,-1.0,13908.0,0.0,902696.0,12111.0,1139903203.0,20.0,6.202999999999999,8.925,0.63,729289.0,False
300.0,2389afb57cc1c7542bfddc76320706af.param,0.0,0.0,0.0,38.904,1405409883.0,af5f14f7be926e2a86de093c98225ba3,61879.0,1.0,0.0,10.299000000000001,15-41,18175.0,0.0,951827.0,4145.0,3.577,17585.0,4145.0,-1.0,8810.0,0.0,1768131.0,17298.0,1405409883.0,17.0,6.181,9.758,0.63,969414.0,False
300.0,2389afb57cc1c7542bfddc76320706af.param,1.0,0.0,0.0,38.336999999999996,1405409883.0,af5f14f7be926e2a86de093c98225ba3,61879.0,1.0,0.0,11.255999999999998,15-41,18175.0,0.0,951827.0,4145.0,3.628,17585.0,4145.0,-1.0,8810.0,0.0,1768131.0,17298.0,1405409883.0,17.0,7.0710000000000015,10.699000000000002,0.63,969414.0,False
300.0,2389afb57cc1c7542bfddc76320706af.param,2.0,0.0,0.0,38.981,1405409883.0,af5f14f7be926e2a86de093c98225ba3,61879.0,1.0,0.0,10.293,15-41,18175.0,0.0,951827.0,4145.0,3.5789999999999997,17585.0,4145.0,-1.0,8810.0,0.0,1768131.0,17298.0,1405409883.0,17.0,6.145,9.724,0.63,969414.0,False
300.0,8e69ece5afd42db3ce1e7ed475eaaf08.param,0.0,0.0,0.0,33.835,1979567522.0,f68e2d9e00b21dcbabbfaddb17a5d936,35155.0,1.0,0.0,4.763,15-41,8761.0,0.0,848903.0,4106.0,3.2569999999999997,15055.0,4106.0,-1.0,7393.0,0.0,470622.0,14731.0,1979567522.0,17.0,1.041,4.298,0.63,863960.0,False
300.0,8e69ece5afd42db3ce1e7ed475eaaf08.param,1.0,0.0,0.0,35.532,1979567522.0,f68e2d9e00b21dcbabbfaddb17a5d936,35155.0,1.0,0.0,4.729,15-41,8761.0,0.0,848903.0,4106.0,3.2430000000000003,15055.0,4106.0,-1.0,7393.0,0.0,470622.0,14731.0,1979567522.0,17.0,1.02,4.263,0.63,863960.0,False
300.0,8e69ece5afd42db3ce1e7ed475eaaf08.param,2.0,0.0,0.0,35.884,1979567522.0,f68e2d9e00b21dcbabbfaddb17a5d936,35155.0,1.0,0.0,4.797,15-41,8761.0,0.0,848903.0,4106.0,3.235,15055.0,4106.0,-1.0,7393.0,0.0,470622.0,14731.0,1979567522.0,17.0,1.073,4.308,0.63,863960.0,False
300.0,9f516f1949bb094c061b924b07b9239e.param,0.0,0.0,0.0,25.576999999999998,1234135464.0,1491c0d5d41753d2f0e7ddbd58f6ce14,31539.0,1.0,0.0,3.714,15-41,5383.0,0.0,629440.0,5785.0,2.336,9859.0,5785.0,-1.0,4820.0,0.0,519422.0,9594.0,1234135464.0,25.0,1.013,3.3489999999999998,0.42,639301.0,False
300.0,9f516f1949bb094c061b924b07b9239e.param,1.0,0.0,0.0,27.20300000000001,1234135464.0,1491c0d5d41753d2f0e7ddbd58f6ce14,31539.0,1.0,0.0,3.865,15-41,5383.0,0.0,629440.0,5785.0,2.397,9859.0,5785.0,-1.0,4820.0,0.0,519422.0,9594.0,1234135464.0,25.0,0.988,3.385,0.42,639301.0,False
300.0,9f516f1949bb094c061b924b07b9239e.param,2.0,0.0,0.0,27.737,1234135464.0,1491c0d5d41753d2f0e7ddbd58f6ce14,31539.0,1.0,0.0,3.701,15-41,5383.0,0.0,629440.0,5785.0,2.344,9859.0,5785.0,-1.0,4820.0,0.0,519422.0,9594.0,1234135464.0,25.0,0.9940000000000001,3.338,0.42,639301.0,False
300.0,589bbf864478462408d49f56b3acebc9.param,0.0,0.0,0.0,50.824,182366586.0,9fb72052035309be3f491aaefd095c4d,260153.0,1.0,0.0,11.924000000000001,15-41,172960.0,0.0,1263776.0,6236.0,4.883,18901.0,6236.0,-1.0,13544.0,0.0,928648.0,18589.0,182366586.0,28.0,6.318,11.200999999999999,0.63,1282679.0,False
300.0,589bbf864478462408d49f56b3acebc9.param,1.0,0.0,0.0,51.396,182366586.0,9fb72052035309be3f491aaefd095c4d,260153.0,1.0,0.0,12.238,15-41,172960.0,0.0,1263776.0,6236.0,4.865,18901.0,6236.0,-1.0,13544.0,0.0,928648.0,18589.0,182366586.0,28.0,6.436,11.300999999999998,0.63,1282679.0,False
300.0,589bbf864478462408d49f56b3acebc9.param,2.0,0.0,0.0,50.778,182366586.0,9fb72052035309be3f491aaefd095c4d,260153.0,1.0,0.0,12.123,15-41,172960.0,0.0,1263776.0,6236.0,4.795,18901.0,6236.0,-1.0,13544.0,0.0,928648.0,18589.0,182366586.0,28.0,6.433,11.228,0.63,1282679.0,False
300.0,911e1a0f8b4680f2864fa59b12973cad.param,0.0,0.0,0.0,43.674,1145031130.0,96e1a4f8c7113b25a602199bc788f3c3,389862.0,1.0,0.0,12.530999999999999,15-41,295887.0,0.0,1012930.0,4123.0,3.8739999999999997,18701.0,4123.0,-1.0,19085.0,0.0,918658.0,18259.0,1145031130.0,17.0,8.045,11.919,0.63,1031633.0,False
300.0,911e1a0f8b4680f2864fa59b12973cad.param,1.0,0.0,0.0,41.68,1145031130.0,96e1a4f8c7113b25a602199bc788f3c3,389862.0,1.0,0.0,12.370999999999999,15-41,295887.0,0.0,1012930.0,4123.0,3.8510000000000004,18701.0,4123.0,-1.0,19085.0,0.0,918658.0,18259.0,1145031130.0,17.0,7.943,11.794,0.63,1031633.0,False
300.0,911e1a0f8b4680f2864fa59b12973cad.param,2.0,0.0,0.0,39.93,1145031130.0,96e1a4f8c7113b25a602199bc788f3c3,389862.0,1.0,0.0,12.444,15-41,295887.0,0.0,1012930.0,4123.0,3.86,18701.0,4123.0,-1.0,19085.0,0.0,918658.0,18259.0,1145031130.0,17.0,8.021,11.880999999999998,0.63,1031633.0,False
300.0,3631b5ebf342811f42ca903194874739.param,0.0,0.0,0.0,22.991999999999997,254168822.0,285ce0dc435fd5c583529c4ec5e3ea14,67703.0,1.0,0.0,4.012,15-41,23017.0,0.0,508827.0,6281.0,1.919,7613.0,6281.0,-1.0,7462.0,0.0,590456.0,7336.0,254168822.0,28.0,1.785,3.7039999999999997,0.28,516442.0,False
300.0,3631b5ebf342811f42ca903194874739.param,1.0,0.0,0.0,21.669,254168822.0,285ce0dc435fd5c583529c4ec5e3ea14,67703.0,1.0,0.0,4.175,15-41,23017.0,0.0,508827.0,6281.0,1.9709999999999999,7613.0,6281.0,-1.0,7462.0,0.0,590456.0,7336.0,254168822.0,28.0,1.8840000000000001,3.855,0.28,516442.0,False
300.0,3631b5ebf342811f42ca903194874739.param,2.0,0.0,0.0,23.55,254168822.0,285ce0dc435fd5c583529c4ec5e3ea14,67703.0,1.0,0.0,3.9410000000000003,15-41,23017.0,0.0,508827.0,6281.0,1.885,7613.0,6281.0,-1.0,7462.0,0.0,590456.0,7336.0,254168822.0,28.0,1.7530000000000001,3.638,0.28,516442.0,False
300.0,7ee038a2d306328bf29f3cc3ddd33ea0.param,0.0,0.0,0.0,63.778999999999996,2050821110.0,4ca1023956d1e05008701a38b0ea8437,96510.0,1.0,0.0,12.552999999999999,15-41,29488.0,0.0,1632857.0,10293.0,6.442,21737.0,10293.0,-1.0,12430.0,0.0,1612137.0,21376.0,2050821110.0,36.0,5.121,11.562999999999999,0.94,1654596.0,False
300.0,7ee038a2d306328bf29f3cc3ddd33ea0.param,1.0,0.0,0.0,71.34899999999998,2050821110.0,4ca1023956d1e05008701a38b0ea8437,96510.0,1.0,0.0,12.662,15-41,29488.0,0.0,1632857.0,10293.0,6.4879999999999995,21737.0,10293.0,-1.0,12430.0,0.0,1612137.0,21376.0,2050821110.0,36.0,5.186,11.674000000000001,0.94,1654596.0,False
300.0,7ee038a2d306328bf29f3cc3ddd33ea0.param,2.0,0.0,0.0,64.28699999999999,2050821110.0,4ca1023956d1e05008701a38b0ea8437,96510.0,1.0,0.0,12.661,15-41,29488.0,0.0,1632857.0,10293.0,6.5729999999999995,21737.0,10293.0,-1.0,12430.0,0.0,1612137.0,21376.0,2050821110.0,36.0,5.086,11.659,0.94,1654596.0,False
300.0,5c79d1d9a7223b0aa7f24b9abb13ee2f.param,0.0,0.0,0.0,72.27600000000002,1923385776.0,00180baf17d2d2b8f00804bd90981240,309555.0,1.0,0.0,25.151999999999997,15-41,120950.0,0.0,1848846.0,6396.0,7.574,26181.0,6396.0,-1.0,21564.0,0.0,1885709.0,25835.0,1923385776.0,29.0,16.285,23.859,0.94,1875029.0,False
300.0,5c79d1d9a7223b0aa7f24b9abb13ee2f.param,1.0,0.0,0.0,73.426,1923385776.0,00180baf17d2d2b8f00804bd90981240,309555.0,1.0,0.0,25.021,15-41,120950.0,0.0,1848846.0,6396.0,7.495,26181.0,6396.0,-1.0,21564.0,0.0,1885709.0,25835.0,1923385776.0,29.0,16.474,23.969,0.94,1875029.0,False
300.0,5c79d1d9a7223b0aa7f24b9abb13ee2f.param,2.0,0.0,0.0,73.945,1923385776.0,00180baf17d2d2b8f00804bd90981240,309555.0,1.0,0.0,25.545,15-41,120950.0,0.0,1848846.0,6396.0,7.496,26181.0,6396.0,-1.0,21564.0,0.0,1885709.0,25835.0,1923385776.0,29.0,17.009,24.505,0.94,1875029.0,False
300.0,a37d28d43d69aa0103e8f6c03a25328d.param,0.0,0.0,0.0,10.98,1057470620.0,11d682b9bcea7bcbf51795490dbf8c15,879447.0,1.0,0.0,19.554000000000002,15-41,795462.0,0.0,223928.0,9774.0,0.8170000000000001,2791.0,9774.0,-1.0,14361.0,0.0,1650787.0,2372.0,1057470620.0,33.0,18.541,19.358,0.42,226721.0,False
300.0,a37d28d43d69aa0103e8f6c03a25328d.param,1.0,0.0,0.0,10.727,1057470620.0,11d682b9bcea7bcbf51795490dbf8c15,879447.0,1.0,0.0,19.272000000000002,15-41,795462.0,0.0,223928.0,9774.0,0.815,2791.0,9774.0,-1.0,14361.0,0.0,1650787.0,2372.0,1057470620.0,33.0,18.285,19.1,0.42,226721.0,False
300.0,a37d28d43d69aa0103e8f6c03a25328d.param,2.0,0.0,0.0,10.997,1057470620.0,11d682b9bcea7bcbf51795490dbf8c15,879447.0,1.0,0.0,19.65,15-41,795462.0,0.0,223928.0,9774.0,0.8109999999999999,2791.0,9774.0,-1.0,14361.0,0.0,1650787.0,2372.0,1057470620.0,33.0,18.645,19.456,0.42,226721.0,False
300.0,356667c28689cc2615ddddc6ad11e53e.param,0.0,0.0,0.0,80.915,693280077.0,61a041d5bc34b6d359ff1fcb7b70e903,556240.0,1.0,0.0,30.206999999999997,15-41,434542.0,0.0,1985390.0,6212.0,8.004,28711.0,6212.0,-1.0,17529.0,0.0,3539447.0,28269.0,693280077.0,28.0,20.761,28.765,0.94,2014103.0,False
300.0,356667c28689cc2615ddddc6ad11e53e.param,1.0,0.0,0.0,83.89399999999998,693280077.0,61a041d5bc34b6d359ff1fcb7b70e903,556240.0,1.0,0.0,29.784000000000002,15-41,434542.0,0.0,1985390.0,6212.0,7.9529999999999985,28711.0,6212.0,-1.0,17529.0,0.0,3539447.0,28269.0,693280077.0,28.0,20.718000000000004,28.671,0.94,2014103.0,False
300.0,356667c28689cc2615ddddc6ad11e53e.param,2.0,0.0,0.0,76.396,693280077.0,61a041d5bc34b6d359ff1fcb7b70e903,556240.0,1.0,0.0,26.96,15-41,434542.0,0.0,1985390.0,6212.0,7.685,28711.0,6212.0,-1.0,17529.0,0.0,3539447.0,28269.0,693280077.0,28.0,18.232,25.916999999999998,0.94,2014103.0,False
300.0,a38985b17ca7f54344b29181a8584654.param,0.0,0.0,0.0,42.755,221638566.0,6cc4d4f4ead07d0e0b4cf39c46e9dab3,79968.0,1.0,0.0,15.863,15-41,25901.0,0.0,1046029.0,4022.0,4.011,20747.0,4022.0,-1.0,12695.0,0.0,2503852.0,20331.0,221638566.0,16.0,11.239,15.25,0.94,1066778.0,False
300.0,a38985b17ca7f54344b29181a8584654.param,1.0,0.0,0.0,42.714,221638566.0,6cc4d4f4ead07d0e0b4cf39c46e9dab3,79968.0,1.0,0.0,17.974,15-41,25901.0,0.0,1046029.0,4022.0,4.008,20747.0,4022.0,-1.0,12695.0,0.0,2503852.0,20331.0,221638566.0,16.0,13.15,17.158,0.94,1066778.0,False
300.0,a38985b17ca7f54344b29181a8584654.param,2.0,0.0,0.0,41.133,221638566.0,6cc4d4f4ead07d0e0b4cf39c46e9dab3,79968.0,1.0,0.0,14.985999999999999,15-41,25901.0,0.0,1046029.0,4022.0,3.9939999999999998,20747.0,4022.0,-1.0,12695.0,0.0,2503852.0,20331.0,221638566.0,16.0,10.405,14.399000000000001,0.94,1066778.0,False
300.0,6074526f967671a9c7cc808bdb4dbadb.param,0.0,0.0,0.0,72.97,1470727592.0,900be7bb7de0c4adb76f3f0fc3fa3c71,106120.0,1.0,0.0,16.633,15-41,15875.0,0.0,1959116.0,10335.0,7.7929999999999975,26083.0,10335.0,-1.0,13161.0,0.0,1874650.0,25735.0,1470727592.0,37.0,7.769,15.562000000000001,0.94,1985201.0,False
300.0,6074526f967671a9c7cc808bdb4dbadb.param,1.0,0.0,0.0,79.56,1470727592.0,900be7bb7de0c4adb76f3f0fc3fa3c71,106120.0,1.0,0.0,16.874000000000002,15-41,15875.0,0.0,1959116.0,10335.0,8.02,26083.0,10335.0,-1.0,13161.0,0.0,1874650.0,25735.0,1470727592.0,37.0,7.8039999999999985,15.824000000000002,0.94,1985201.0,False
300.0,6074526f967671a9c7cc808bdb4dbadb.param,2.0,0.0,0.0,75.49600000000002,1470727592.0,900be7bb7de0c4adb76f3f0fc3fa3c71,106120.0,1.0,0.0,15.633,15-41,15875.0,0.0,1959116.0,10335.0,7.604,26083.0,10335.0,-1.0,13161.0,0.0,1874650.0,25735.0,1470727592.0,37.0,6.968,14.572000000000001,0.94,1985201.0,False
300.0,d0799a9d39f0850315a55b0ab4917638.param,0.0,0.0,0.0,46.188,1918631718.0,9c8f4e9446efeb82f7f2c8b2acba21b2,119807.0,1.0,0.0,9.655,15-41,53169.0,0.0,1160174.0,5604.0,4.436,17953.0,5604.0,-1.0,9870.0,0.0,1216883.0,17629.0,1918631718.0,24.0,4.607,9.043,0.63,1178129.0,False
300.0,d0799a9d39f0850315a55b0ab4917638.param,1.0,0.0,0.0,46.833,1918631718.0,9c8f4e9446efeb82f7f2c8b2acba21b2,119807.0,1.0,0.0,9.993,15-41,53169.0,0.0,1160174.0,5604.0,4.468999999999999,17953.0,5604.0,-1.0,9870.0,0.0,1216883.0,17629.0,1918631718.0,24.0,4.678,9.147,0.63,1178129.0,False
300.0,d0799a9d39f0850315a55b0ab4917638.param,2.0,0.0,0.0,45.69,1918631718.0,9c8f4e9446efeb82f7f2c8b2acba21b2,119807.0,1.0,0.0,9.61,15-41,53169.0,0.0,1160174.0,5604.0,4.41,17953.0,5604.0,-1.0,9870.0,0.0,1216883.0,17629.0,1918631718.0,24.0,4.567,8.977,0.63,1178129.0,False
300.0,9d8011d62fbdace0c9682b0a56eb9c1a.param,0.0,0.0,0.0,15.527000000000001,475179535.0,78bd89c380183fc5a86688d34d33714c,207383.0,1.0,0.0,4.939,15-41,133899.0,0.0,361452.0,6314.0,1.31,5349.0,6314.0,-1.0,15838.0,0.0,955838.0,5053.0,475179535.0,29.0,3.41,4.72,0.42,366803.0,False
300.0,9d8011d62fbdace0c9682b0a56eb9c1a.param,1.0,0.0,0.0,15.913,475179535.0,78bd89c380183fc5a86688d34d33714c,207383.0,1.0,0.0,5.285,15-41,133899.0,0.0,361452.0,6314.0,1.327,5349.0,6314.0,-1.0,15838.0,0.0,955838.0,5053.0,475179535.0,29.0,3.6460000000000004,4.973,0.42,366803.0,False
300.0,9d8011d62fbdace0c9682b0a56eb9c1a.param,2.0,0.0,0.0,16.565,475179535.0,78bd89c380183fc5a86688d34d33714c,207383.0,1.0,0.0,4.99,15-41,133899.0,0.0,361452.0,6314.0,1.3319999999999999,5349.0,6314.0,-1.0,15838.0,0.0,955838.0,5053.0,475179535.0,29.0,3.435,4.7669999999999995,0.42,366803.0,False
300.0,c0ddd6d536dd36939b31e12d969323ca.param,0.0,0.0,0.0,15.242,1405409883.0,1113e195d157634a75891f0854741078,103556.0,1.0,0.0,7.819,15-41,42552.0,0.0,345324.0,9777.0,1.318,4301.0,9777.0,-1.0,12439.0,0.0,828529.0,3973.0,1405409883.0,33.0,6.269,7.5870000000000015,0.42,349627.0,False
300.0,c0ddd6d536dd36939b31e12d969323ca.param,1.0,0.0,0.0,15.853,1405409883.0,1113e195d157634a75891f0854741078,103556.0,1.0,0.0,7.607,15-41,42552.0,0.0,345324.0,9777.0,1.25,4301.0,9777.0,-1.0,12439.0,0.0,828529.0,3973.0,1405409883.0,33.0,6.1370000000000005,7.3870000000000005,0.42,349627.0,False
300.0,c0ddd6d536dd36939b31e12d969323ca.param,2.0,0.0,0.0,16.090999999999998,1405409883.0,1113e195d157634a75891f0854741078,103556.0,1.0,0.0,7.63,15-41,42552.0,0.0,345324.0,9777.0,1.278,4301.0,9777.0,-1.0,12439.0,0.0,828529.0,3973.0,1405409883.0,33.0,6.143,7.421,0.42,349627.0,False
300.0,bebd2cfe5e0562ebe11dc365507fd898.param,0.0,0.0,0.0,34.861,372553220.0,56e3cd4322878f14d7661ba3c5e1b8ee,1611234.0,1.0,0.0,37.533,15-41,1412288.0,0.0,785726.0,11342.0,3.036,9871.0,11342.0,-1.0,22866.0,0.0,2993945.0,9502.0,372553220.0,41.0,34.014,37.05,0.94,795599.0,False
300.0,bebd2cfe5e0562ebe11dc365507fd898.param,1.0,0.0,0.0,32.079,372553220.0,56e3cd4322878f14d7661ba3c5e1b8ee,1611234.0,1.0,0.0,36.126,15-41,1412288.0,0.0,785726.0,11342.0,2.967,9871.0,11342.0,-1.0,22866.0,0.0,2993945.0,9502.0,372553220.0,41.0,32.650999999999996,35.618,0.94,795599.0,False
300.0,bebd2cfe5e0562ebe11dc365507fd898.param,2.0,0.0,0.0,31.596,372553220.0,56e3cd4322878f14d7661ba3c5e1b8ee,1611234.0,1.0,0.0,38.391999999999996,15-41,1412288.0,0.0,785726.0,11342.0,2.984,9871.0,11342.0,-1.0,22866.0,0.0,2993945.0,9502.0,372553220.0,41.0,34.816,37.8,0.94,795599.0,False
300.0,8ee114f3baa9833ce2ff8acd1c2f17dc.param,0.0,0.0,0.0,37.577,1242281828.0,19333148abd9a39713f345ce09297bee,97048.0,1.0,0.0,6.4170000000000025,15-41,33714.0,0.0,923991.0,5601.0,3.531,15181.0,5601.0,-1.0,10236.0,0.0,596571.0,14892.0,1242281828.0,24.0,2.331,5.862,0.63,939174.0,False
300.0,8ee114f3baa9833ce2ff8acd1c2f17dc.param,1.0,0.0,0.0,38.521,1242281828.0,19333148abd9a39713f345ce09297bee,97048.0,1.0,0.0,6.769,15-41,33714.0,0.0,923991.0,5601.0,3.6060000000000003,15181.0,5601.0,-1.0,10236.0,0.0,596571.0,14892.0,1242281828.0,24.0,2.472,6.077999999999999,0.63,939174.0,False
300.0,8ee114f3baa9833ce2ff8acd1c2f17dc.param,2.0,0.0,0.0,36.015,1242281828.0,19333148abd9a39713f345ce09297bee,97048.0,1.0,0.0,6.267,15-41,33714.0,0.0,923991.0,5601.0,3.4610000000000003,15181.0,5601.0,-1.0,10236.0,0.0,596571.0,14892.0,1242281828.0,24.0,2.312,5.773,0.63,939174.0,False
300.0,880c13fc9e1ae18f82e743ba707577a8.param,0.0,0.0,0.0,46.732,1923385776.0,ef393198369f66f3b8c757d2066a0b3a,50039.0,1.0,0.0,6.649,15-41,18417.0,0.0,1159254.0,4151.0,4.399,21129.0,4151.0,-1.0,10420.0,0.0,434878.0,20849.0,1923385776.0,17.0,1.6119999999999999,6.011,0.94,1180385.0,False
300.0,880c13fc9e1ae18f82e743ba707577a8.param,1.0,0.0,0.0,48.233000000000004,1923385776.0,ef393198369f66f3b8c757d2066a0b3a,50039.0,1.0,0.0,6.822,15-41,18417.0,0.0,1159254.0,4151.0,4.441,21129.0,4151.0,-1.0,10420.0,0.0,434878.0,20849.0,1923385776.0,17.0,1.725,6.166,0.94,1180385.0,False
300.0,880c13fc9e1ae18f82e743ba707577a8.param,2.0,0.0,0.0,46.684,1923385776.0,ef393198369f66f3b8c757d2066a0b3a,50039.0,1.0,0.0,7.007999999999999,15-41,18417.0,0.0,1159254.0,4151.0,4.471,21129.0,4151.0,-1.0,10420.0,0.0,434878.0,20849.0,1923385776.0,17.0,1.661,6.1320000000000014,0.94,1180385.0,False
300.0,8918e76cfcec0657c7d7950a1794604c.param,0.0,0.0,0.0,37.548,34754393.0,f20a68c1742145e1782bac0d08315c41,690628.0,1.0,0.0,23.006999999999998,15-41,553897.0,0.0,945320.0,9601.0,3.6460000000000004,13385.0,9601.0,-1.0,18664.0,0.0,2391276.0,13003.0,34754393.0,32.0,18.85,22.496,0.63,958707.0,False
300.0,8918e76cfcec0657c7d7950a1794604c.param,1.0,0.0,0.0,38.44,34754393.0,f20a68c1742145e1782bac0d08315c41,690628.0,1.0,0.0,22.295,15-41,553897.0,0.0,945320.0,9601.0,3.655,13385.0,9601.0,-1.0,18664.0,0.0,2391276.0,13003.0,34754393.0,32.0,18.124000000000002,21.779,0.63,958707.0,False
300.0,8918e76cfcec0657c7d7950a1794604c.param,2.0,0.0,0.0,39.493,34754393.0,f20a68c1742145e1782bac0d08315c41,690628.0,1.0,0.0,22.525,15-41,553897.0,0.0,945320.0,9601.0,3.62,13385.0,9601.0,-1.0,18664.0,0.0,2391276.0,13003.0,34754393.0,32.0,18.202,21.822,0.63,958707.0,False
300.0,3d9e7b6df6df75811f47376afe3f163c.param,0.0,0.0,0.0,17.972,1918631718.0,22514dac73396dec81b6a153bc04a033,111832.0,1.0,0.0,5.6679999999999975,15-41,50796.0,0.0,414071.0,6279.0,1.5330000000000001,6059.0,6279.0,-1.0,14728.0,0.0,754051.0,5701.0,1918631718.0,28.0,3.862,5.395,0.42,420132.0,False
300.0,3d9e7b6df6df75811f47376afe3f163c.param,1.0,0.0,0.0,17.993,1918631718.0,22514dac73396dec81b6a153bc04a033,111832.0,1.0,0.0,5.746,15-41,50796.0,0.0,414071.0,6279.0,1.631,6059.0,6279.0,-1.0,14728.0,0.0,754051.0,5701.0,1918631718.0,28.0,3.86,5.4910000000000005,0.42,420132.0,False
300.0,3d9e7b6df6df75811f47376afe3f163c.param,2.0,0.0,0.0,18.055,1918631718.0,22514dac73396dec81b6a153bc04a033,111832.0,1.0,0.0,5.843999999999999,15-41,50796.0,0.0,414071.0,6279.0,1.581,6059.0,6279.0,-1.0,14728.0,0.0,754051.0,5701.0,1918631718.0,28.0,3.995,5.5760000000000005,0.42,420132.0,False
300.0,1a9658e08918a7701123bae3cad3fdfa.param,0.0,0.0,0.0,22.718000000000004,2136253402.0,303c6da2c59b6da2eb8581cd8225feea,232922.0,1.0,0.0,31.986,15-41,85454.0,0.0,559715.0,10335.0,2.074,7381.0,10335.0,-1.0,18037.0,0.0,1013142.0,7060.0,2136253402.0,37.0,29.469,31.54300000000001,0.63,567098.0,False
300.0,1a9658e08918a7701123bae3cad3fdfa.param,1.0,0.0,0.0,23.365,2136253402.0,303c6da2c59b6da2eb8581cd8225feea,232922.0,1.0,0.0,31.509,15-41,85454.0,0.0,559715.0,10335.0,2.178,7381.0,10335.0,-1.0,18037.0,0.0,1013142.0,7060.0,2136253402.0,37.0,28.974,31.151999999999997,0.63,567098.0,False
300.0,1a9658e08918a7701123bae3cad3fdfa.param,2.0,0.0,0.0,23.488000000000003,2136253402.0,303c6da2c59b6da2eb8581cd8225feea,232922.0,1.0,0.0,31.575,15-41,85454.0,0.0,559715.0,10335.0,2.093,7381.0,10335.0,-1.0,18037.0,0.0,1013142.0,7060.0,2136253402.0,37.0,29.153000000000002,31.246,0.63,567098.0,False
300.0,928666ecc0a7811fd6c441352737063c.param,0.0,0.0,0.0,91.366,823094821.0,9ce376d111b7409a3480e167e3f24f08,96232.0,1.0,0.0,13.83,15-41,29068.0,0.0,2228540.0,11389.0,8.624,28259.0,11389.0,-1.0,13960.0,0.0,1134095.0,27894.0,823094821.0,41.0,3.9989999999999997,12.623,0.94,2256801.0,False
300.0,928666ecc0a7811fd6c441352737063c.param,1.0,0.0,0.0,91.51,823094821.0,9ce376d111b7409a3480e167e3f24f08,96232.0,1.0,0.0,14.645,15-41,29068.0,0.0,2228540.0,11389.0,8.887,28259.0,11389.0,-1.0,13960.0,0.0,1134095.0,27894.0,823094821.0,41.0,4.146,13.033,0.94,2256801.0,False
300.0,928666ecc0a7811fd6c441352737063c.param,2.0,0.0,0.0,86.37899999999998,823094821.0,9ce376d111b7409a3480e167e3f24f08,96232.0,1.0,0.0,13.819,15-41,29068.0,0.0,2228540.0,11389.0,8.722999999999999,28259.0,11389.0,-1.0,13960.0,0.0,1134095.0,27894.0,823094821.0,41.0,3.926,12.649000000000001,0.94,2256801.0,False
300.0,f607d46ec11afe04a6635e1e747bca97.param,0.0,0.0,0.0,7.525,823094821.0,869efd8c2fd30c4b7dfc4e4bb16ab8ce,70996.0,1.0,0.0,2.0,15-41,32998.0,0.0,158672.0,4714.0,0.594,2677.0,4714.0,-1.0,10166.0,0.0,533496.0,2341.0,823094821.0,21.0,1.2830000000000001,1.8769999999999998,0.42,161351.0,False
300.0,f607d46ec11afe04a6635e1e747bca97.param,1.0,0.0,0.0,7.268,823094821.0,869efd8c2fd30c4b7dfc4e4bb16ab8ce,70996.0,1.0,0.0,1.964,15-41,32998.0,0.0,158672.0,4714.0,0.5670000000000001,2677.0,4714.0,-1.0,10166.0,0.0,533496.0,2341.0,823094821.0,21.0,1.2670000000000001,1.834,0.42,161351.0,False
300.0,f607d46ec11afe04a6635e1e747bca97.param,2.0,0.0,0.0,7.579,823094821.0,869efd8c2fd30c4b7dfc4e4bb16ab8ce,70996.0,1.0,0.0,1.903,15-41,32998.0,0.0,158672.0,4714.0,0.561,2677.0,4714.0,-1.0,10166.0,0.0,533496.0,2341.0,823094821.0,21.0,1.226,1.787,0.42,161351.0,False
300.0,a6fb6cef21abb3da58a08c431abe1820.param,0.0,0.0,0.0,41.746,83966730.0,3ac80015da9fb5db4a4f7265bf308dd0,46271.0,1.0,0.0,7.2639999999999985,15-41,5030.0,0.0,1048520.0,4796.0,4.003,17443.0,4796.0,-1.0,8818.0,0.0,1083870.0,17161.0,83966730.0,21.0,2.675,6.678,0.63,1065965.0,False
300.0,a6fb6cef21abb3da58a08c431abe1820.param,1.0,0.0,0.0,43.652,83966730.0,3ac80015da9fb5db4a4f7265bf308dd0,46271.0,1.0,0.0,7.5760000000000005,15-41,5030.0,0.0,1048520.0,4796.0,4.216,17443.0,4796.0,-1.0,8818.0,0.0,1083870.0,17161.0,83966730.0,21.0,2.7439999999999998,6.96,0.63,1065965.0,False
300.0,a6fb6cef21abb3da58a08c431abe1820.param,2.0,0.0,0.0,41.25,83966730.0,3ac80015da9fb5db4a4f7265bf308dd0,46271.0,1.0,0.0,7.522,15-41,5030.0,0.0,1048520.0,4796.0,4.133,17443.0,4796.0,-1.0,8818.0,0.0,1083870.0,17161.0,83966730.0,21.0,2.792,6.925,0.63,1065965.0,False
300.0,982f07b05aa788dcb221cf0f46a98a28.param,0.0,0.0,0.0,18.342,1242281828.0,1f16fb08a6c907350a8ebccd0d5be2d2,111147.0,1.0,0.0,4.771,15-41,22689.0,0.0,411959.0,6314.0,1.527,6163.0,6314.0,-1.0,13578.0,0.0,600509.0,5799.0,1242281828.0,29.0,2.97,4.497,0.63,418124.0,False
300.0,982f07b05aa788dcb221cf0f46a98a28.param,1.0,0.0,0.0,17.534000000000002,1242281828.0,1f16fb08a6c907350a8ebccd0d5be2d2,111147.0,1.0,0.0,4.918,15-41,22689.0,0.0,411959.0,6314.0,1.66,6163.0,6314.0,-1.0,13578.0,0.0,600509.0,5799.0,1242281828.0,29.0,2.995,4.655,0.63,418124.0,False
300.0,982f07b05aa788dcb221cf0f46a98a28.param,2.0,0.0,0.0,18.365,1242281828.0,1f16fb08a6c907350a8ebccd0d5be2d2,111147.0,1.0,0.0,4.813,15-41,22689.0,0.0,411959.0,6314.0,1.6030000000000002,6163.0,6314.0,-1.0,13578.0,0.0,600509.0,5799.0,1242281828.0,29.0,2.929,4.532,0.63,418124.0,False
300.0,ecf255cfa79dc1390125d72e88196842.param,0.0,0.0,0.0,29.572,2050821110.0,808e3ff92c8e35850091128330f1defc,375552.0,1.0,0.0,23.834,15-41,259794.0,0.0,717170.0,10293.0,2.701,9551.0,10293.0,-1.0,15434.0,0.0,970765.0,9244.0,2050821110.0,36.0,20.72,23.421,0.42,726723.0,False
300.0,ecf255cfa79dc1390125d72e88196842.param,1.0,0.0,0.0,30.033,2050821110.0,808e3ff92c8e35850091128330f1defc,375552.0,1.0,0.0,23.665,15-41,259794.0,0.0,717170.0,10293.0,2.715,9551.0,10293.0,-1.0,15434.0,0.0,970765.0,9244.0,2050821110.0,36.0,20.54,23.255,0.42,726723.0,False
300.0,ecf255cfa79dc1390125d72e88196842.param,2.0,0.0,0.0,28.438000000000002,2050821110.0,808e3ff92c8e35850091128330f1defc,375552.0,1.0,0.0,23.77,15-41,259794.0,0.0,717170.0,10293.0,2.679,9551.0,10293.0,-1.0,15434.0,0.0,970765.0,9244.0,2050821110.0,36.0,20.685,23.364,0.42,726723.0,False
300.0,b55bae1f323148019db34cc9c08d6b4b.param,0.0,0.0,0.0,27.531999999999996,693280077.0,e0270e76c38952835273735e97126547,51059.0,1.0,0.0,4.851,15-41,20459.0,0.0,605585.0,4118.0,2.35,11185.0,4118.0,-1.0,9389.0,0.0,606958.0,10816.0,693280077.0,17.0,2.031,4.381,0.42,616772.0,False
300.0,b55bae1f323148019db34cc9c08d6b4b.param,1.0,0.0,0.0,25.281,693280077.0,e0270e76c38952835273735e97126547,51059.0,1.0,0.0,4.631,15-41,20459.0,0.0,605585.0,4118.0,2.342,11185.0,4118.0,-1.0,9389.0,0.0,606958.0,10816.0,693280077.0,17.0,1.821,4.163,0.42,616772.0,False
300.0,b55bae1f323148019db34cc9c08d6b4b.param,2.0,0.0,0.0,24.429000000000002,693280077.0,e0270e76c38952835273735e97126547,51059.0,1.0,0.0,4.3069999999999995,15-41,20459.0,0.0,605585.0,4118.0,2.261,11185.0,4118.0,-1.0,9389.0,0.0,606958.0,10816.0,693280077.0,17.0,1.6909999999999998,3.952,0.42,616772.0,False
300.0,b366bbc99f4b12f6958260432db8f433.param,0.0,0.0,0.0,48.986999999999995,600810857.0,1a7cf7bdc620fb0eb4c079819d9ea985,78135.0,1.0,0.0,9.051,15-41,9535.0,0.0,1189970.0,5601.0,4.74,19307.0,5601.0,-1.0,11247.0,0.0,1018219.0,18967.0,600810857.0,24.0,3.411,8.151,0.94,1209279.0,False
300.0,b366bbc99f4b12f6958260432db8f433.param,1.0,0.0,0.0,49.386,600810857.0,1a7cf7bdc620fb0eb4c079819d9ea985,78135.0,1.0,0.0,8.125,15-41,9535.0,0.0,1189970.0,5601.0,4.624,19307.0,5601.0,-1.0,11247.0,0.0,1018219.0,18967.0,600810857.0,24.0,2.826,7.45,0.94,1209279.0,False
300.0,b366bbc99f4b12f6958260432db8f433.param,2.0,0.0,0.0,48.725,600810857.0,1a7cf7bdc620fb0eb4c079819d9ea985,78135.0,1.0,0.0,8.786,15-41,9535.0,0.0,1189970.0,5601.0,4.793,19307.0,5601.0,-1.0,11247.0,0.0,1018219.0,18967.0,600810857.0,24.0,3.16,7.9529999999999985,0.94,1209279.0,False
300.0,55af68f15fe32e43da610c5d90806a4a.param,0.0,0.0,0.0,69.42399999999999,862094683.0,29f49dd50df753a1eb05ad83a14af452,257077.0,1.0,0.0,15.545,15-41,113575.0,0.0,1761676.0,11200.0,6.84,22771.0,11200.0,-1.0,18959.0,0.0,1140530.0,22410.0,862094683.0,40.0,7.734,14.574000000000002,0.94,1784449.0,False
300.0,55af68f15fe32e43da610c5d90806a4a.param,1.0,0.0,0.0,66.885,862094683.0,29f49dd50df753a1eb05ad83a14af452,257077.0,1.0,0.0,16.471,15-41,113575.0,0.0,1761676.0,11200.0,7.039,22771.0,11200.0,-1.0,18959.0,0.0,1140530.0,22410.0,862094683.0,40.0,8.132,15.171,0.94,1784449.0,False
300.0,55af68f15fe32e43da610c5d90806a4a.param,2.0,0.0,0.0,70.482,862094683.0,29f49dd50df753a1eb05ad83a14af452,257077.0,1.0,0.0,16.06,15-41,113575.0,0.0,1761676.0,11200.0,6.882999999999999,22771.0,11200.0,-1.0,18959.0,0.0,1140530.0,22410.0,862094683.0,40.0,7.914,14.797,0.94,1784449.0,False
300.0,a6ff37b0cef2bdd5134de774a2ccfcdd.param,0.0,0.0,0.0,7.159,1571287961.0,850672090e9d67a7ac2a1ac9a43e4139,201204.0,1.0,0.0,8.397,15-41,123184.0,0.0,150654.0,9680.0,0.579,2051.0,9680.0,-1.0,10918.0,0.0,900475.0,1743.0,1571287961.0,32.0,7.693,8.272,0.42,152707.0,False
300.0,a6ff37b0cef2bdd5134de774a2ccfcdd.param,1.0,0.0,0.0,7.0889999999999995,1571287961.0,850672090e9d67a7ac2a1ac9a43e4139,201204.0,1.0,0.0,8.506,15-41,123184.0,0.0,150654.0,9680.0,0.604,2051.0,9680.0,-1.0,10918.0,0.0,900475.0,1743.0,1571287961.0,32.0,7.758999999999999,8.363,0.42,152707.0,False
300.0,a6ff37b0cef2bdd5134de774a2ccfcdd.param,2.0,0.0,0.0,7.5379999999999985,1571287961.0,850672090e9d67a7ac2a1ac9a43e4139,201204.0,1.0,0.0,8.425,15-41,123184.0,0.0,150654.0,9680.0,0.5529999999999999,2051.0,9680.0,-1.0,10918.0,0.0,900475.0,1743.0,1571287961.0,32.0,7.76,8.312999999999999,0.42,152707.0,False
300.0,5a074a62937cbcb2e921ae7f17a0123b.param,0.0,0.0,0.0,72.707,2028359165.0,8cec7c09f66b97a2f932927516d53927,1051496.0,1.0,0.0,29.318,15-41,932838.0,0.0,1878590.0,5783.0,7.52,29071.0,5783.0,-1.0,23062.0,0.0,3626787.0,28734.0,2028359165.0,25.0,20.453,27.97300000000001,0.94,1907663.0,False
300.0,5a074a62937cbcb2e921ae7f17a0123b.param,1.0,0.0,0.0,73.244,2028359165.0,8cec7c09f66b97a2f932927516d53927,1051496.0,1.0,0.0,28.247,15-41,932838.0,0.0,1878590.0,5783.0,7.2570000000000014,29071.0,5783.0,-1.0,23062.0,0.0,3626787.0,28734.0,2028359165.0,25.0,19.621,26.878,0.94,1907663.0,False
300.0,5a074a62937cbcb2e921ae7f17a0123b.param,2.0,0.0,0.0,75.571,2028359165.0,8cec7c09f66b97a2f932927516d53927,1051496.0,1.0,0.0,30.005,15-41,932838.0,0.0,1878590.0,5783.0,7.3210000000000015,29071.0,5783.0,-1.0,23062.0,0.0,3626787.0,28734.0,2028359165.0,25.0,21.272,28.593000000000004,0.94,1907663.0,False
300.0,099cc4db78f534b541e03b3d21476677.param,0.0,0.0,0.0,11.104000000000001,693280077.0,fa1b35bd9523dbe68630e538b0eff3f8,55415.0,1.0,0.0,4.505,15-41,7937.0,0.0,245925.0,6396.0,0.922,3601.0,6396.0,-1.0,9493.0,0.0,704061.0,3260.0,693280077.0,29.0,3.427,4.349,0.28,249528.0,False
300.0,099cc4db78f534b541e03b3d21476677.param,1.0,0.0,0.0,10.705,693280077.0,fa1b35bd9523dbe68630e538b0eff3f8,55415.0,1.0,0.0,4.525,15-41,7937.0,0.0,245925.0,6396.0,0.9490000000000001,3601.0,6396.0,-1.0,9493.0,0.0,704061.0,3260.0,693280077.0,29.0,3.42,4.369,0.28,249528.0,False
300.0,099cc4db78f534b541e03b3d21476677.param,2.0,0.0,0.0,11.034,693280077.0,fa1b35bd9523dbe68630e538b0eff3f8,55415.0,1.0,0.0,4.586,15-41,7937.0,0.0,245925.0,6396.0,0.899,3601.0,6396.0,-1.0,9493.0,0.0,704061.0,3260.0,693280077.0,29.0,3.49,4.388999999999999,0.28,249528.0,False
300.0,5aa281057d97f045673ea5f22f4a03c2.param,0.0,0.0,0.0,12.360999999999999,2050821110.0,f745da42f66fe0e3ef83c613df3574ea,164296.0,1.0,0.0,11.770999999999999,15-41,82718.0,0.0,278021.0,9603.0,1.011,3941.0,9603.0,-1.0,8964.0,0.0,1136464.0,3640.0,2050821110.0,32.0,10.523,11.534,0.42,281964.0,False
300.0,5aa281057d97f045673ea5f22f4a03c2.param,1.0,0.0,0.0,12.082,2050821110.0,f745da42f66fe0e3ef83c613df3574ea,164296.0,1.0,0.0,11.058,15-41,82718.0,0.0,278021.0,9603.0,1.003,3941.0,9603.0,-1.0,8964.0,0.0,1136464.0,3640.0,2050821110.0,32.0,9.886000000000001,10.889000000000001,0.42,281964.0,False
300.0,5aa281057d97f045673ea5f22f4a03c2.param,2.0,0.0,0.0,12.524000000000001,2050821110.0,f745da42f66fe0e3ef83c613df3574ea,164296.0,1.0,0.0,11.125,15-41,82718.0,0.0,278021.0,9603.0,1.002,3941.0,9603.0,-1.0,8964.0,0.0,1136464.0,3640.0,2050821110.0,32.0,9.929,10.931,0.42,281964.0,False
300.0,05e1a93acf56766caa36729883ed69ed.param,0.0,0.0,0.0,108.867,1571287961.0,ad46f472e5b37c9d2947072b586892ca,678294.0,1.0,0.0,37.57,15-41,411421.0,0.0,2570560.0,10335.0,10.058,33867.0,10335.0,-1.0,35473.0,0.0,2480302.0,33382.0,1571287961.0,37.0,26.146,36.204,1.41,2604429.0,False
300.0,05e1a93acf56766caa36729883ed69ed.param,1.0,0.0,0.0,102.691,1571287961.0,ad46f472e5b37c9d2947072b586892ca,678294.0,1.0,0.0,40.145,15-41,411421.0,0.0,2570560.0,10335.0,10.245,33867.0,10335.0,-1.0,35473.0,0.0,2480302.0,33382.0,1571287961.0,37.0,28.156999999999996,38.402,1.41,2604429.0,False
300.0,05e1a93acf56766caa36729883ed69ed.param,2.0,0.0,0.0,104.84299999999999,1571287961.0,ad46f472e5b37c9d2947072b586892ca,678294.0,1.0,0.0,37.979,15-41,411421.0,0.0,2570560.0,10335.0,9.931000000000001,33867.0,10335.0,-1.0,35473.0,0.0,2480302.0,33382.0,1571287961.0,37.0,26.22300000000001,36.154,1.41,2604429.0,False
300.0,23179b628ad596b0808644865ee42008.param,0.0,0.0,0.0,20.45,1083416308.0,f847f1338d9fc049ad5558488f512d5f,50252.0,1.0,0.0,3.6460000000000004,15-41,12061.0,0.0,445048.0,5602.0,1.655,7315.0,5602.0,-1.0,7312.0,0.0,453598.0,7058.0,1083416308.0,24.0,1.715,3.37,0.28,452365.0,False
300.0,23179b628ad596b0808644865ee42008.param,1.0,0.0,0.0,19.983,1083416308.0,f847f1338d9fc049ad5558488f512d5f,50252.0,1.0,0.0,3.54,15-41,12061.0,0.0,445048.0,5602.0,1.643,7315.0,5602.0,-1.0,7312.0,0.0,453598.0,7058.0,1083416308.0,24.0,1.636,3.279,0.28,452365.0,False
300.0,23179b628ad596b0808644865ee42008.param,2.0,0.0,0.0,19.835,1083416308.0,f847f1338d9fc049ad5558488f512d5f,50252.0,1.0,0.0,3.648,15-41,12061.0,0.0,445048.0,5602.0,1.6680000000000001,7315.0,5602.0,-1.0,7312.0,0.0,453598.0,7058.0,1083416308.0,24.0,1.725,3.3930000000000002,0.28,452365.0,False
300.0,86aef175e49750375aaf5bf4f54ac0c2.param,0.0,0.0,0.0,71.781,95956545.0,9ba37e64d8aff0aca699e4e5b5ac2777,739728.0,1.0,0.0,22.929000000000002,15-41,578139.0,0.0,1806774.0,6354.0,6.997000000000001,26719.0,6354.0,-1.0,20865.0,0.0,2856774.0,26376.0,95956545.0,29.0,14.652000000000001,21.649,0.94,1833495.0,False
300.0,86aef175e49750375aaf5bf4f54ac0c2.param,1.0,0.0,0.0,74.705,95956545.0,9ba37e64d8aff0aca699e4e5b5ac2777,739728.0,1.0,0.0,21.375,15-41,578139.0,0.0,1806774.0,6354.0,6.996,26719.0,6354.0,-1.0,20865.0,0.0,2856774.0,26376.0,95956545.0,29.0,13.415,20.410999999999998,0.94,1833495.0,False
300.0,86aef175e49750375aaf5bf4f54ac0c2.param,2.0,0.0,0.0,67.87,95956545.0,9ba37e64d8aff0aca699e4e5b5ac2777,739728.0,1.0,0.0,21.439,15-41,578139.0,0.0,1806774.0,6354.0,7.117000000000001,26719.0,6354.0,-1.0,20865.0,0.0,2856774.0,26376.0,95956545.0,29.0,13.32,20.437,0.94,1833495.0,False
300.0,3cadb3807e2a210325a234888d281fbd.param,0.0,0.0,0.0,7.814,1242281828.0,2b96d47ce7e8d1f897d91f1683c62531,82501.0,1.0,0.0,3.335,15-41,38602.0,0.0,174607.0,4633.0,0.623,3061.0,4633.0,-1.0,8137.0,0.0,435567.0,2826.0,1242281828.0,20.0,2.5980000000000003,3.221,0.42,177670.0,False
300.0,3cadb3807e2a210325a234888d281fbd.param,1.0,0.0,0.0,7.815,1242281828.0,2b96d47ce7e8d1f897d91f1683c62531,82501.0,1.0,0.0,3.287,15-41,38602.0,0.0,174607.0,4633.0,0.642,3061.0,4633.0,-1.0,8137.0,0.0,435567.0,2826.0,1242281828.0,20.0,2.52,3.162,0.42,177670.0,False
300.0,3cadb3807e2a210325a234888d281fbd.param,2.0,0.0,0.0,7.605,1242281828.0,2b96d47ce7e8d1f897d91f1683c62531,82501.0,1.0,0.0,3.2939999999999996,15-41,38602.0,0.0,174607.0,4633.0,0.644,3061.0,4633.0,-1.0,8137.0,0.0,435567.0,2826.0,1242281828.0,20.0,2.522,3.1660000000000004,0.42,177670.0,False
300.0,38650beb2ce576c812a3ef6ac5621787.param,0.0,0.0,0.0,9.556000000000001,83966730.0,f645d10fc37d17e0d0a3c8aaf212bcb3,58851.0,1.0,0.0,2.171,15-41,24218.0,0.0,211051.0,6269.0,0.773,3025.0,6269.0,-1.0,5857.0,0.0,791402.0,2738.0,83966730.0,28.0,1.248,2.021,0.19,214078.0,False
300.0,38650beb2ce576c812a3ef6ac5621787.param,1.0,0.0,0.0,9.254,83966730.0,f645d10fc37d17e0d0a3c8aaf212bcb3,58851.0,1.0,0.0,2.161,15-41,24218.0,0.0,211051.0,6269.0,0.767,3025.0,6269.0,-1.0,5857.0,0.0,791402.0,2738.0,83966730.0,28.0,1.246,2.013,0.19,214078.0,False
300.0,38650beb2ce576c812a3ef6ac5621787.param,2.0,0.0,0.0,8.988,83966730.0,f645d10fc37d17e0d0a3c8aaf212bcb3,58851.0,1.0,0.0,2.18,15-41,24218.0,0.0,211051.0,6269.0,0.7979999999999999,3025.0,6269.0,-1.0,5857.0,0.0,791402.0,2738.0,83966730.0,28.0,1.2329999999999999,2.031,0.19,214078.0,False
300.0,53a3b10a6d39a1f0633d42a0b8cc93a7.param,0.0,0.0,0.0,16.682000000000002,1405409883.0,92b4a414d816a4c3d6da7396183eb0fa,268313.0,1.0,0.0,6.2860000000000005,15-41,158022.0,0.0,347810.0,10250.0,1.27,4681.0,10250.0,-1.0,15611.0,0.0,948555.0,4381.0,1405409883.0,36.0,4.783,6.053,0.42,352493.0,False
300.0,53a3b10a6d39a1f0633d42a0b8cc93a7.param,1.0,0.0,0.0,15.012,1405409883.0,92b4a414d816a4c3d6da7396183eb0fa,268313.0,1.0,0.0,6.316,15-41,158022.0,0.0,347810.0,10250.0,1.31,4681.0,10250.0,-1.0,15611.0,0.0,948555.0,4381.0,1405409883.0,36.0,4.788,6.098,0.42,352493.0,False
300.0,53a3b10a6d39a1f0633d42a0b8cc93a7.param,2.0,0.0,0.0,16.82,1405409883.0,92b4a414d816a4c3d6da7396183eb0fa,268313.0,1.0,0.0,6.222,15-41,158022.0,0.0,347810.0,10250.0,1.272,4681.0,10250.0,-1.0,15611.0,0.0,948555.0,4381.0,1405409883.0,36.0,4.7330000000000005,6.005,0.42,352493.0,False
300.0,af0a6d4f3f8e41dd411ac993d1c5e5ad.param,0.0,0.0,0.0,21.415,34754393.0,8fb9c99efa2a05b560eef598e31bc3ad,1046636.0,1.0,0.0,20.403,15-41,856928.0,0.0,465902.0,11202.0,1.758,6025.0,11202.0,-1.0,27965.0,0.0,1273906.0,5641.0,34754393.0,40.0,18.26,20.018,0.63,471929.0,False
300.0,af0a6d4f3f8e41dd411ac993d1c5e5ad.param,1.0,0.0,0.0,20.643,34754393.0,8fb9c99efa2a05b560eef598e31bc3ad,1046636.0,1.0,0.0,20.249000000000002,15-41,856928.0,0.0,465902.0,11202.0,1.72,6025.0,11202.0,-1.0,27965.0,0.0,1273906.0,5641.0,34754393.0,40.0,18.174,19.894000000000002,0.63,471929.0,False
300.0,af0a6d4f3f8e41dd411ac993d1c5e5ad.param,2.0,0.0,0.0,21.019000000000002,34754393.0,8fb9c99efa2a05b560eef598e31bc3ad,1046636.0,1.0,0.0,20.98,15-41,856928.0,0.0,465902.0,11202.0,2.011,6025.0,11202.0,-1.0,27965.0,0.0,1273906.0,5641.0,34754393.0,40.0,18.601,20.612,0.63,471929.0,False
300.0,f6a9922fc219371dd62d3d64f513f435.param,0.0,0.0,0.0,31.994,1923385776.0,633bd6763b7b07c0aa15c8c7c4b71a66,298933.0,1.0,0.0,12.136,15-41,194834.0,0.0,783719.0,6396.0,2.9589999999999996,11101.0,6396.0,-1.0,16391.0,0.0,1146958.0,10798.0,1923385776.0,29.0,8.737,11.696,0.63,794822.0,False
300.0,f6a9922fc219371dd62d3d64f513f435.param,1.0,0.0,0.0,30.671999999999997,1923385776.0,633bd6763b7b07c0aa15c8c7c4b71a66,298933.0,1.0,0.0,12.355,15-41,194834.0,0.0,783719.0,6396.0,2.967,11101.0,6396.0,-1.0,16391.0,0.0,1146958.0,10798.0,1923385776.0,29.0,8.93,11.897,0.63,794822.0,False
300.0,f6a9922fc219371dd62d3d64f513f435.param,2.0,0.0,0.0,33.483000000000004,1923385776.0,633bd6763b7b07c0aa15c8c7c4b71a66,298933.0,1.0,0.0,13.195,15-41,194834.0,0.0,783719.0,6396.0,3.1519999999999997,11101.0,6396.0,-1.0,16391.0,0.0,1146958.0,10798.0,1923385776.0,29.0,9.484,12.636,0.63,794822.0,False
300.0,5acf53328f53703eb5ee3288a3efea11.param,0.0,0.0,0.0,28.627,590654055.0,3b832c0000bfd6533d3d821eeb2ffee1,161239.0,1.0,0.0,14.335999999999999,15-41,67943.0,0.0,686747.0,9761.0,2.647,8965.0,9761.0,-1.0,16268.0,0.0,1425653.0,8578.0,590654055.0,33.0,11.265,13.912,0.63,695714.0,False
300.0,5acf53328f53703eb5ee3288a3efea11.param,1.0,0.0,0.0,30.818,590654055.0,3b832c0000bfd6533d3d821eeb2ffee1,161239.0,1.0,0.0,14.437999999999999,15-41,67943.0,0.0,686747.0,9761.0,2.595,8965.0,9761.0,-1.0,16268.0,0.0,1425653.0,8578.0,590654055.0,33.0,11.440999999999999,14.036,0.63,695714.0,False
300.0,5acf53328f53703eb5ee3288a3efea11.param,2.0,0.0,0.0,27.566999999999997,590654055.0,3b832c0000bfd6533d3d821eeb2ffee1,161239.0,1.0,0.0,14.585,15-41,67943.0,0.0,686747.0,9761.0,2.565,8965.0,9761.0,-1.0,16268.0,0.0,1425653.0,8578.0,590654055.0,33.0,11.513,14.078,0.63,695714.0,False
300.0,5270155d690360dab58e1b470ef17ea7.param,0.0,0.0,0.0,36.035,270657042.0,b8993b0b213a34bef118b39e2905a4d9,72115.0,1.0,0.0,5.43,15-41,31987.0,0.0,920523.0,5636.0,3.523,15121.0,5636.0,-1.0,7427.0,0.0,594607.0,14802.0,270657042.0,24.0,1.383,4.9060000000000015,0.63,935646.0,False
300.0,5270155d690360dab58e1b470ef17ea7.param,1.0,0.0,0.0,36.433,270657042.0,b8993b0b213a34bef118b39e2905a4d9,72115.0,1.0,0.0,5.625,15-41,31987.0,0.0,920523.0,5636.0,3.593,15121.0,5636.0,-1.0,7427.0,0.0,594607.0,14802.0,270657042.0,24.0,1.318,4.9110000000000005,0.63,935646.0,False
300.0,5270155d690360dab58e1b470ef17ea7.param,2.0,0.0,0.0,36.093,270657042.0,b8993b0b213a34bef118b39e2905a4d9,72115.0,1.0,0.0,5.395,15-41,31987.0,0.0,920523.0,5636.0,3.5660000000000003,15121.0,5636.0,-1.0,7427.0,0.0,594607.0,14802.0,270657042.0,24.0,1.297,4.863,0.63,935646.0,False
300.0,2b9f5024001a051a59314cacbe0b17e8.param,0.0,0.0,0.0,52.496,1235388569.0,16e7d8a6ee20445134662cb1d022fa78,752712.0,1.0,0.0,28.404,15-41,584459.0,0.0,1358622.0,5709.0,5.4060000000000015,21519.0,5709.0,-1.0,22999.0,0.0,1921685.0,21166.0,1235388569.0,25.0,21.962,27.368000000000002,0.94,1380143.0,False
300.0,2b9f5024001a051a59314cacbe0b17e8.param,1.0,0.0,0.0,56.87,1235388569.0,16e7d8a6ee20445134662cb1d022fa78,752712.0,1.0,0.0,26.221999999999998,15-41,584459.0,0.0,1358622.0,5709.0,5.218,21519.0,5709.0,-1.0,22999.0,0.0,1921685.0,21166.0,1235388569.0,25.0,20.256,25.474,0.94,1380143.0,False
300.0,2b9f5024001a051a59314cacbe0b17e8.param,2.0,0.0,0.0,56.836999999999996,1235388569.0,16e7d8a6ee20445134662cb1d022fa78,752712.0,1.0,0.0,26.653000000000002,15-41,584459.0,0.0,1358622.0,5709.0,5.118,21519.0,5709.0,-1.0,22999.0,0.0,1921685.0,21166.0,1235388569.0,25.0,20.774,25.892,0.94,1380143.0,False
300.0,62e0a8d6f7569c04cf8f5f709636e77e.param,0.0,0.0,0.0,26.866,1057470620.0,001b822700a1b5484047aafbba359ae6,228284.0,1.0,0.0,11.08,15-41,73023.0,0.0,666576.0,10332.0,2.54,8875.0,10332.0,-1.0,24513.0,0.0,1234570.0,8471.0,1057470620.0,37.0,8.138,10.677999999999999,0.63,675453.0,False
300.0,62e0a8d6f7569c04cf8f5f709636e77e.param,1.0,0.0,0.0,29.148000000000003,1057470620.0,001b822700a1b5484047aafbba359ae6,228284.0,1.0,0.0,11.155999999999999,15-41,73023.0,0.0,666576.0,10332.0,2.523,8875.0,10332.0,-1.0,24513.0,0.0,1234570.0,8471.0,1057470620.0,37.0,8.243,10.765999999999998,0.63,675453.0,False
300.0,62e0a8d6f7569c04cf8f5f709636e77e.param,2.0,0.0,0.0,27.734,1057470620.0,001b822700a1b5484047aafbba359ae6,228284.0,1.0,0.0,11.169,15-41,73023.0,0.0,666576.0,10332.0,2.5780000000000003,8875.0,10332.0,-1.0,24513.0,0.0,1234570.0,8471.0,1057470620.0,37.0,8.176,10.754000000000001,0.63,675453.0,False
300.0,d8e0991db153700fc6f942a70d96d0d8.param,0.0,0.0,0.0,10.071,270657042.0,21c5a7a2cb1f39ea925ed6aa52546e91,53740.0,1.0,0.0,2.094,15-41,10314.0,0.0,231201.0,6226.0,0.847,3541.0,6226.0,-1.0,7292.0,0.0,559085.0,3270.0,270657042.0,28.0,1.09,1.9369999999999998,0.28,234744.0,False
300.0,d8e0991db153700fc6f942a70d96d0d8.param,1.0,0.0,0.0,10.447000000000001,270657042.0,21c5a7a2cb1f39ea925ed6aa52546e91,53740.0,1.0,0.0,2.116,15-41,10314.0,0.0,231201.0,6226.0,0.848,3541.0,6226.0,-1.0,7292.0,0.0,559085.0,3270.0,270657042.0,28.0,1.1,1.9480000000000002,0.28,234744.0,False
300.0,d8e0991db153700fc6f942a70d96d0d8.param,2.0,0.0,0.0,10.443,270657042.0,21c5a7a2cb1f39ea925ed6aa52546e91,53740.0,1.0,0.0,2.0780000000000003,15-41,10314.0,0.0,231201.0,6226.0,0.83,3541.0,6226.0,-1.0,7292.0,0.0,559085.0,3270.0,270657042.0,28.0,1.087,1.9169999999999998,0.28,234744.0,False
300.0,80402835d130022a9820ca0328640cdb.param,0.0,0.0,0.0,30.226,554543104.0,e0a1786fb06bc8e5adcdab36a63f62ef,191602.0,1.0,0.0,7.3279999999999985,15-41,103682.0,0.0,698864.0,4600.0,2.822,12391.0,4600.0,-1.0,19954.0,0.0,699627.0,11932.0,554543104.0,20.0,4.077,6.899,0.63,711257.0,False
300.0,80402835d130022a9820ca0328640cdb.param,1.0,0.0,0.0,30.249000000000002,554543104.0,e0a1786fb06bc8e5adcdab36a63f62ef,191602.0,1.0,0.0,6.9460000000000015,15-41,103682.0,0.0,698864.0,4600.0,2.609,12391.0,4600.0,-1.0,19954.0,0.0,699627.0,11932.0,554543104.0,20.0,3.906,6.515,0.63,711257.0,False
300.0,80402835d130022a9820ca0328640cdb.param,2.0,0.0,0.0,30.144000000000002,554543104.0,e0a1786fb06bc8e5adcdab36a63f62ef,191602.0,1.0,0.0,6.809,15-41,103682.0,0.0,698864.0,4600.0,2.588,12391.0,4600.0,-1.0,19954.0,0.0,699627.0,11932.0,554543104.0,20.0,3.8280000000000003,6.416,0.63,711257.0,False
300.0,638c867046eca01fa57da212f4a82591.param,0.0,0.0,0.0,26.096,83966730.0,83a557655117411e9a22f81b1db13de8,39196.0,1.0,0.0,7.803,15-41,7092.0,0.0,628719.0,4118.0,2.367,11783.0,4118.0,-1.0,5799.0,0.0,884763.0,11539.0,83966730.0,17.0,5.077,7.444,0.42,640504.0,False
300.0,638c867046eca01fa57da212f4a82591.param,1.0,0.0,0.0,24.923000000000002,83966730.0,83a557655117411e9a22f81b1db13de8,39196.0,1.0,0.0,7.756,15-41,7092.0,0.0,628719.0,4118.0,2.378,11783.0,4118.0,-1.0,5799.0,0.0,884763.0,11539.0,83966730.0,17.0,5.001,7.379,0.42,640504.0,False
300.0,638c867046eca01fa57da212f4a82591.param,2.0,0.0,0.0,27.47300000000001,83966730.0,83a557655117411e9a22f81b1db13de8,39196.0,1.0,0.0,7.95,15-41,7092.0,0.0,628719.0,4118.0,2.358,11783.0,4118.0,-1.0,5799.0,0.0,884763.0,11539.0,83966730.0,17.0,5.195,7.553,0.42,640504.0,False
300.0,b1fed41c662b810a67f17347ca208a34.param,0.0,0.0,0.0,42.65600000000001,1145031130.0,6a259635e7b97db9046bd04fcb66f395,84188.0,1.0,0.0,8.579,15-41,17227.0,0.0,1017041.0,6362.0,3.8810000000000002,14879.0,6362.0,-1.0,8171.0,0.0,785845.0,14581.0,1145031130.0,29.0,4.093999999999999,7.975,0.63,1031922.0,False
300.0,b1fed41c662b810a67f17347ca208a34.param,1.0,0.0,0.0,41.208,1145031130.0,6a259635e7b97db9046bd04fcb66f395,84188.0,1.0,0.0,8.646,15-41,17227.0,0.0,1017041.0,6362.0,3.9939999999999998,14879.0,6362.0,-1.0,8171.0,0.0,785845.0,14581.0,1145031130.0,29.0,4.082,8.076,0.63,1031922.0,False
300.0,b1fed41c662b810a67f17347ca208a34.param,2.0,0.0,0.0,42.778999999999996,1145031130.0,6a259635e7b97db9046bd04fcb66f395,84188.0,1.0,0.0,9.192,15-41,17227.0,0.0,1017041.0,6362.0,4.218,14879.0,6362.0,-1.0,8171.0,0.0,785845.0,14581.0,1145031130.0,29.0,4.373,8.591000000000001,0.63,1031922.0,False
300.0,947c519055ac35bb731937204fc0d266.param,0.0,0.0,0.0,56.523,1979567522.0,875d683e82e979811bb0dcd5e7c2a28a,1467567.0,1.0,0.0,51.00899999999999,15-41,1117570.0,0.0,1383230.0,11201.0,5.292000000000002,17707.0,11201.0,-1.0,29253.0,0.0,3161014.0,17332.0,1979567522.0,40.0,44.71100000000001,50.003,0.94,1400939.0,False
300.0,947c519055ac35bb731937204fc0d266.param,1.0,0.0,0.0,52.905,1979567522.0,875d683e82e979811bb0dcd5e7c2a28a,1467567.0,1.0,0.0,50.591,15-41,1117570.0,0.0,1383230.0,11201.0,5.2829999999999995,17707.0,11201.0,-1.0,29253.0,0.0,3161014.0,17332.0,1979567522.0,40.0,44.306999999999995,49.59,0.94,1400939.0,False
300.0,947c519055ac35bb731937204fc0d266.param,2.0,0.0,0.0,57.28100000000001,1979567522.0,875d683e82e979811bb0dcd5e7c2a28a,1467567.0,1.0,0.0,50.284,15-41,1117570.0,0.0,1383230.0,11201.0,5.303,17707.0,11201.0,-1.0,29253.0,0.0,3161014.0,17332.0,1979567522.0,40.0,44.205,49.508,0.94,1400939.0,False
300.0,7c8d5058b5b148685018d3330ac42f68.param,0.0,0.0,0.0,49.021,1258716603.0,3842ad838381391305130f33954c2a95,451014.0,1.0,0.0,35.639,15-41,297496.0,0.0,1226648.0,9726.0,4.7,17011.0,9726.0,-1.0,16228.0,0.0,3115172.0,16687.0,1258716603.0,33.0,30.041999999999998,34.742,0.63,1243661.0,False
300.0,7c8d5058b5b148685018d3330ac42f68.param,1.0,0.0,0.0,46.556000000000004,1258716603.0,3842ad838381391305130f33954c2a95,451014.0,1.0,0.0,36.243,15-41,297496.0,0.0,1226648.0,9726.0,4.633,17011.0,9726.0,-1.0,16228.0,0.0,3115172.0,16687.0,1258716603.0,33.0,30.906999999999996,35.54,0.63,1243661.0,False
300.0,7c8d5058b5b148685018d3330ac42f68.param,2.0,0.0,0.0,47.114,1258716603.0,3842ad838381391305130f33954c2a95,451014.0,1.0,0.0,37.868,15-41,297496.0,0.0,1226648.0,9726.0,4.725,17011.0,9726.0,-1.0,16228.0,0.0,3115172.0,16687.0,1258716603.0,33.0,32.464,37.189,0.63,1243661.0,False
300.0,96344359b1d56ff7726ed1408e74685f.param,0.0,0.0,0.0,37.687,746355495.0,a6c2957fec25eb3da9cd413a5ae962eb,108192.0,1.0,0.0,9.196,15-41,28286.0,0.0,972938.0,4604.0,3.745,17491.0,4604.0,-1.0,13726.0,0.0,1011536.0,17202.0,746355495.0,20.0,4.93,8.675,0.63,990431.0,False
300.0,96344359b1d56ff7726ed1408e74685f.param,1.0,0.0,0.0,40.108000000000004,746355495.0,a6c2957fec25eb3da9cd413a5ae962eb,108192.0,1.0,0.0,9.419,15-41,28286.0,0.0,972938.0,4604.0,3.748,17491.0,4604.0,-1.0,13726.0,0.0,1011536.0,17202.0,746355495.0,20.0,5.122999999999998,8.871,0.63,990431.0,False
300.0,96344359b1d56ff7726ed1408e74685f.param,2.0,0.0,0.0,37.897,746355495.0,a6c2957fec25eb3da9cd413a5ae962eb,108192.0,1.0,0.0,9.975,15-41,28286.0,0.0,972938.0,4604.0,3.675,17491.0,4604.0,-1.0,13726.0,0.0,1011536.0,17202.0,746355495.0,20.0,5.565,9.24,0.63,990431.0,False
300.0,85c2d2f2fd6238e8bf0bbcfd97821631.param,0.0,0.0,0.0,51.605,1979567522.0,698fbe762779aa75a371727b8b2cd4db,1632345.0,1.0,0.0,52.64100000000001,15-41,1379680.0,0.0,1236371.0,10290.0,4.705,16621.0,10290.0,-1.0,29790.0,0.0,3216019.0,16180.0,1979567522.0,36.0,47.246,51.951,0.94,1252994.0,False
300.0,85c2d2f2fd6238e8bf0bbcfd97821631.param,1.0,0.0,0.0,48.12600000000001,1979567522.0,698fbe762779aa75a371727b8b2cd4db,1632345.0,1.0,0.0,52.449,15-41,1379680.0,0.0,1236371.0,10290.0,4.721,16621.0,10290.0,-1.0,29790.0,0.0,3216019.0,16180.0,1979567522.0,36.0,47.034,51.755,0.94,1252994.0,False
300.0,85c2d2f2fd6238e8bf0bbcfd97821631.param,2.0,0.0,0.0,48.028,1979567522.0,698fbe762779aa75a371727b8b2cd4db,1632345.0,1.0,0.0,51.833999999999996,15-41,1379680.0,0.0,1236371.0,10290.0,4.718999999999999,16621.0,10290.0,-1.0,29790.0,0.0,3216019.0,16180.0,1979567522.0,36.0,46.43899999999999,51.158,0.94,1252994.0,False
300.0,62b5368b71f5a58af6d0df94093218da.param,0.0,0.0,0.0,46.43,590654055.0,c68f74526a8d733657d63735f1ea2538,116562.0,1.0,0.0,7.702000000000001,15-41,36579.0,0.0,1193272.0,6240.0,4.512,17841.0,6240.0,-1.0,13397.0,0.0,732252.0,17471.0,590654055.0,28.0,2.531,7.0429999999999975,0.63,1211115.0,False
300.0,62b5368b71f5a58af6d0df94093218da.param,1.0,0.0,0.0,47.357,590654055.0,c68f74526a8d733657d63735f1ea2538,116562.0,1.0,0.0,7.805,15-41,36579.0,0.0,1193272.0,6240.0,4.551,17841.0,6240.0,-1.0,13397.0,0.0,732252.0,17471.0,590654055.0,28.0,2.555,7.106,0.63,1211115.0,False
300.0,62b5368b71f5a58af6d0df94093218da.param,2.0,0.0,0.0,48.81399999999999,590654055.0,c68f74526a8d733657d63735f1ea2538,116562.0,1.0,0.0,7.727,15-41,36579.0,0.0,1193272.0,6240.0,4.518,17841.0,6240.0,-1.0,13397.0,0.0,732252.0,17471.0,590654055.0,28.0,2.522,7.04,0.63,1211115.0,False
300.0,ea7bd7600bcbe337da419744986a2765.param,0.0,0.0,0.0,61.956,1057470620.0,bf46a021819649a4b874b3f9677984b8,278680.0,1.0,0.0,19.507,15-41,113673.0,0.0,1612492.0,10375.0,6.147,21041.0,10375.0,-1.0,24121.0,0.0,1601565.0,20611.0,1057470620.0,37.0,12.526,18.673,0.94,1633535.0,False
300.0,ea7bd7600bcbe337da419744986a2765.param,1.0,0.0,0.0,64.19,1057470620.0,bf46a021819649a4b874b3f9677984b8,278680.0,1.0,0.0,20.048,15-41,113673.0,0.0,1612492.0,10375.0,6.14,21041.0,10375.0,-1.0,24121.0,0.0,1601565.0,20611.0,1057470620.0,37.0,13.017000000000001,19.157,0.94,1633535.0,False
300.0,ea7bd7600bcbe337da419744986a2765.param,2.0,0.0,0.0,66.664,1057470620.0,bf46a021819649a4b874b3f9677984b8,278680.0,1.0,0.0,19.95,15-41,113673.0,0.0,1612492.0,10375.0,6.246,21041.0,10375.0,-1.0,24121.0,0.0,1601565.0,20611.0,1057470620.0,37.0,12.554,18.8,0.94,1633535.0,False
300.0,9c8685614d2fcc8ed75e3df0b278a590.param,0.0,0.0,0.0,28.820999999999998,506016928.0,2cb70f04d34de319354a98844f27f8d8,91525.0,1.0,0.0,7.232,15-41,27558.0,0.0,690378.0,6395.0,2.622,9989.0,6395.0,-1.0,14161.0,0.0,1114548.0,9631.0,506016928.0,29.0,4.215,6.8370000000000015,0.42,700369.0,False
300.0,9c8685614d2fcc8ed75e3df0b278a590.param,1.0,0.0,0.0,27.625,506016928.0,2cb70f04d34de319354a98844f27f8d8,91525.0,1.0,0.0,7.233,15-41,27558.0,0.0,690378.0,6395.0,2.661,9989.0,6395.0,-1.0,14161.0,0.0,1114548.0,9631.0,506016928.0,29.0,4.184,6.845,0.42,700369.0,False
300.0,9c8685614d2fcc8ed75e3df0b278a590.param,2.0,0.0,0.0,29.46,506016928.0,2cb70f04d34de319354a98844f27f8d8,91525.0,1.0,0.0,7.336,15-41,27558.0,0.0,690378.0,6395.0,2.61,9989.0,6395.0,-1.0,14161.0,0.0,1114548.0,9631.0,506016928.0,29.0,4.2010000000000005,6.811,0.42,700369.0,False
300.0,da23055718a39734c4c353a6c30d342b.param,0.0,0.0,0.0,46.101000000000006,1405409883.0,d94222a25ce51a5c0fbc611d5c9bf317,74253.0,1.0,0.0,6.624,15-41,36208.0,0.0,1204451.0,4766.0,4.652,20287.0,4766.0,-1.0,10001.0,0.0,527646.0,19987.0,1405409883.0,21.0,1.273,5.925,0.63,1224740.0,False
300.0,da23055718a39734c4c353a6c30d342b.param,1.0,0.0,0.0,48.147,1405409883.0,d94222a25ce51a5c0fbc611d5c9bf317,74253.0,1.0,0.0,6.468,15-41,36208.0,0.0,1204451.0,4766.0,4.5310000000000015,20287.0,4766.0,-1.0,10001.0,0.0,527646.0,19987.0,1405409883.0,21.0,1.2819999999999998,5.813,0.63,1224740.0,False
300.0,da23055718a39734c4c353a6c30d342b.param,2.0,0.0,0.0,48.922,1405409883.0,d94222a25ce51a5c0fbc611d5c9bf317,74253.0,1.0,0.0,6.473,15-41,36208.0,0.0,1204451.0,4766.0,4.548,20287.0,4766.0,-1.0,10001.0,0.0,527646.0,19987.0,1405409883.0,21.0,1.287,5.835,0.63,1224740.0,False
300.0,45f3b2d841eff242a2cd183a0c58dc4d.param,0.0,0.0,0.0,14.097000000000001,1257636424.0,bac4db85e1829951ba4c4a526bc6bd0d,2716516.0,1.0,0.0,27.215999999999998,15-41,2562082.0,0.0,298294.0,9602.0,1.082,4273.0,9602.0,-1.0,23274.0,0.0,2052772.0,3869.0,1257636424.0,32.0,25.879,26.961,0.63,302569.0,False
300.0,45f3b2d841eff242a2cd183a0c58dc4d.param,1.0,0.0,0.0,12.532,1257636424.0,bac4db85e1829951ba4c4a526bc6bd0d,2716516.0,1.0,0.0,28.311999999999998,15-41,2562082.0,0.0,298294.0,9602.0,1.137,4273.0,9602.0,-1.0,23274.0,0.0,2052772.0,3869.0,1257636424.0,32.0,26.925,28.061999999999998,0.63,302569.0,False
300.0,45f3b2d841eff242a2cd183a0c58dc4d.param,2.0,0.0,0.0,13.037,1257636424.0,bac4db85e1829951ba4c4a526bc6bd0d,2716516.0,1.0,0.0,28.264,15-41,2562082.0,0.0,298294.0,9602.0,1.094,4273.0,9602.0,-1.0,23274.0,0.0,2052772.0,3869.0,1257636424.0,32.0,26.923000000000002,28.017,0.63,302569.0,False
300.0,40381a7c5087f4ca968ce41333deeb15.param,0.0,0.0,0.0,26.868000000000002,746355495.0,f4a7445a11d2ed2d7e8192d2d8a20705,95186.0,1.0,0.0,7.273,15-41,44084.0,0.0,653312.0,4627.0,2.484,11441.0,4627.0,-1.0,8961.0,0.0,751342.0,11191.0,746355495.0,20.0,4.4030000000000005,6.8870000000000005,0.42,664755.0,False
300.0,40381a7c5087f4ca968ce41333deeb15.param,1.0,0.0,0.0,27.448,746355495.0,f4a7445a11d2ed2d7e8192d2d8a20705,95186.0,1.0,0.0,7.83,15-41,44084.0,0.0,653312.0,4627.0,2.495,11441.0,4627.0,-1.0,8961.0,0.0,751342.0,11191.0,746355495.0,20.0,4.846,7.341,0.42,664755.0,False
300.0,40381a7c5087f4ca968ce41333deeb15.param,2.0,0.0,0.0,27.230999999999998,746355495.0,f4a7445a11d2ed2d7e8192d2d8a20705,95186.0,1.0,0.0,7.877999999999999,15-41,44084.0,0.0,653312.0,4627.0,2.526,11441.0,4627.0,-1.0,8961.0,0.0,751342.0,11191.0,746355495.0,20.0,4.8610000000000015,7.3870000000000005,0.42,664755.0,False
300.0,902f37d04b6af4dd50620fbce6af0b97.param,0.0,0.0,0.0,50.053999999999995,1258716603.0,7606dfac588c531d96b14aa09fd9d5a0,67581.0,1.0,0.0,8.232000000000001,15-41,17894.0,0.0,1230494.0,5722.0,4.6610000000000005,19495.0,5722.0,-1.0,9900.0,0.0,1104244.0,19186.0,1258716603.0,25.0,2.9130000000000003,7.574,0.63,1249991.0,False
300.0,902f37d04b6af4dd50620fbce6af0b97.param,1.0,0.0,0.0,50.602,1258716603.0,7606dfac588c531d96b14aa09fd9d5a0,67581.0,1.0,0.0,8.309,15-41,17894.0,0.0,1230494.0,5722.0,4.705,19495.0,5722.0,-1.0,9900.0,0.0,1104244.0,19186.0,1258716603.0,25.0,2.931,7.636,0.63,1249991.0,False
300.0,902f37d04b6af4dd50620fbce6af0b97.param,2.0,0.0,0.0,50.94,1258716603.0,7606dfac588c531d96b14aa09fd9d5a0,67581.0,1.0,0.0,8.898,15-41,17894.0,0.0,1230494.0,5722.0,4.791,19495.0,5722.0,-1.0,9900.0,0.0,1104244.0,19186.0,1258716603.0,25.0,3.3280000000000003,8.119,0.63,1249991.0,False
300.0,291d875a60416791f305122ac9d8b34d.param,0.0,0.0,0.0,25.535999999999998,1923385776.0,8e68918bb8200413fe40af463d6172ae,171269.0,1.0,0.0,10.6,15-41,86172.0,0.0,579874.0,10289.0,2.176,7801.0,10289.0,-1.0,9056.0,0.0,931976.0,7493.0,1923385776.0,36.0,7.9689999999999985,10.145,0.42,587677.0,False
300.0,291d875a60416791f305122ac9d8b34d.param,1.0,0.0,0.0,24.381999999999998,1923385776.0,8e68918bb8200413fe40af463d6172ae,171269.0,1.0,0.0,10.263,15-41,86172.0,0.0,579874.0,10289.0,2.213,7801.0,10289.0,-1.0,9056.0,0.0,931976.0,7493.0,1923385776.0,36.0,7.704,9.917,0.42,587677.0,False
300.0,291d875a60416791f305122ac9d8b34d.param,2.0,0.0,0.0,25.186999999999998,1923385776.0,8e68918bb8200413fe40af463d6172ae,171269.0,1.0,0.0,10.221,15-41,86172.0,0.0,579874.0,10289.0,2.189,7801.0,10289.0,-1.0,9056.0,0.0,931976.0,7493.0,1923385776.0,36.0,7.683,9.872,0.42,587677.0,False
300.0,7b5860221ac4bf880739e34b36b6d1fb.param,0.0,0.0,0.0,47.691,95956545.0,969c14f18a5f320e8b96138c612204d6,127382.0,1.0,0.0,22.659000000000002,15-41,22990.0,0.0,1142332.0,10378.0,4.315,14911.0,10378.0,-1.0,15805.0,0.0,1463062.0,14561.0,95956545.0,37.0,17.477,21.791999999999998,0.63,1157245.0,False
300.0,7b5860221ac4bf880739e34b36b6d1fb.param,1.0,0.0,0.0,45.245,95956545.0,969c14f18a5f320e8b96138c612204d6,127382.0,1.0,0.0,22.063000000000002,15-41,22990.0,0.0,1142332.0,10378.0,4.341,14911.0,10378.0,-1.0,15805.0,0.0,1463062.0,14561.0,95956545.0,37.0,17.123,21.464000000000002,0.63,1157245.0,False
300.0,7b5860221ac4bf880739e34b36b6d1fb.param,2.0,0.0,0.0,44.87600000000001,95956545.0,969c14f18a5f320e8b96138c612204d6,127382.0,1.0,0.0,22.245,15-41,22990.0,0.0,1142332.0,10378.0,4.303,14911.0,10378.0,-1.0,15805.0,0.0,1463062.0,14561.0,95956545.0,37.0,17.312,21.615,0.63,1157245.0,False
300.0,e3acebf7a8b1b7baee676b2504100871.param,0.0,0.0,0.0,10.093,600810857.0,efd394274324be82777e99dec5a9af5f,126299.0,1.0,0.0,12.347000000000001,15-41,49169.0,0.0,209579.0,9608.0,0.7609999999999999,2941.0,9608.0,-1.0,12744.0,0.0,950221.0,2572.0,600810857.0,32.0,11.443,12.204,0.42,212522.0,False
300.0,e3acebf7a8b1b7baee676b2504100871.param,1.0,0.0,0.0,10.16,600810857.0,efd394274324be82777e99dec5a9af5f,126299.0,1.0,0.0,12.402999999999999,15-41,49169.0,0.0,209579.0,9608.0,0.8440000000000001,2941.0,9608.0,-1.0,12744.0,0.0,950221.0,2572.0,600810857.0,32.0,11.407,12.251,0.42,212522.0,False
300.0,e3acebf7a8b1b7baee676b2504100871.param,2.0,0.0,0.0,9.394,600810857.0,efd394274324be82777e99dec5a9af5f,126299.0,1.0,0.0,12.247,15-41,49169.0,0.0,209579.0,9608.0,0.83,2941.0,9608.0,-1.0,12744.0,0.0,950221.0,2572.0,600810857.0,32.0,11.27,12.1,0.42,212522.0,False
300.0,a14c00732fcd60d2f8416079c6315cd5.param,0.0,0.0,0.0,16.987000000000002,95956545.0,e556e924894033acf9eed3becc1caddc,298044.0,1.0,0.0,19.308,15-41,185801.0,0.0,393475.0,9686.0,1.506,5517.0,9686.0,-1.0,15297.0,0.0,1169434.0,5212.0,95956545.0,32.0,17.57,19.076,0.63,398994.0,False
300.0,a14c00732fcd60d2f8416079c6315cd5.param,1.0,0.0,0.0,17.204,95956545.0,e556e924894033acf9eed3becc1caddc,298044.0,1.0,0.0,19.578,15-41,185801.0,0.0,393475.0,9686.0,1.442,5517.0,9686.0,-1.0,15297.0,0.0,1169434.0,5212.0,95956545.0,32.0,17.88,19.322,0.63,398994.0,False
300.0,a14c00732fcd60d2f8416079c6315cd5.param,2.0,0.0,0.0,16.817999999999998,95956545.0,e556e924894033acf9eed3becc1caddc,298044.0,1.0,0.0,19.516,15-41,185801.0,0.0,393475.0,9686.0,1.486,5517.0,9686.0,-1.0,15297.0,0.0,1169434.0,5212.0,95956545.0,32.0,17.724,19.21,0.63,398994.0,False
300.0,53797da70b0cf5f28e45644f5fda249f.param,0.0,0.0,0.0,8.555,1923385776.0,e67ca6c9e4d838511eb5d4bded4cfa23,70019.0,1.0,0.0,2.557,15-41,26632.0,0.0,203204.0,5771.0,0.726,2581.0,5771.0,-1.0,7309.0,0.0,767207.0,2257.0,1923385776.0,25.0,1.695,2.421,0.28,205787.0,False
300.0,53797da70b0cf5f28e45644f5fda249f.param,1.0,0.0,0.0,9.22,1923385776.0,e67ca6c9e4d838511eb5d4bded4cfa23,70019.0,1.0,0.0,2.595,15-41,26632.0,0.0,203204.0,5771.0,0.742,2581.0,5771.0,-1.0,7309.0,0.0,767207.0,2257.0,1923385776.0,25.0,1.716,2.458,0.28,205787.0,False
300.0,53797da70b0cf5f28e45644f5fda249f.param,2.0,0.0,0.0,9.251,1923385776.0,e67ca6c9e4d838511eb5d4bded4cfa23,70019.0,1.0,0.0,2.63,15-41,26632.0,0.0,203204.0,5771.0,0.721,2581.0,5771.0,-1.0,7309.0,0.0,767207.0,2257.0,1923385776.0,25.0,1.766,2.487,0.28,205787.0,False
300.0,2c863ef862f94f5be37b35a0e4c17156.param,0.0,0.0,0.0,42.864,1235388569.0,58acebbf8b7f8b29274c4b5434c888a4,478634.0,1.0,0.0,22.074,15-41,324835.0,0.0,1036220.0,10205.0,3.908,14077.0,10205.0,-1.0,22463.0,0.0,725739.0,13737.0,1235388569.0,36.0,17.586,21.494,0.63,1050299.0,False
300.0,2c863ef862f94f5be37b35a0e4c17156.param,1.0,0.0,0.0,42.022,1235388569.0,58acebbf8b7f8b29274c4b5434c888a4,478634.0,1.0,0.0,22.265,15-41,324835.0,0.0,1036220.0,10205.0,3.935,14077.0,10205.0,-1.0,22463.0,0.0,725739.0,13737.0,1235388569.0,36.0,17.771,21.706,0.63,1050299.0,False
300.0,2c863ef862f94f5be37b35a0e4c17156.param,2.0,0.0,0.0,39.968,1235388569.0,58acebbf8b7f8b29274c4b5434c888a4,478634.0,1.0,0.0,22.691999999999997,15-41,324835.0,0.0,1036220.0,10205.0,4.148,14077.0,10205.0,-1.0,22463.0,0.0,725739.0,13737.0,1235388569.0,36.0,17.912,22.06,0.63,1050299.0,False
300.0,86d0a459cbac55d6b0ecb8de1373f318.param,0.0,0.0,0.0,45.122,34754393.0,c8d015d57466cb2614d2d24a4c6344bf,53754.0,1.0,0.0,6.9460000000000015,15-41,14791.0,0.0,1179918.0,4114.0,4.6160000000000005,22091.0,4114.0,-1.0,10882.0,0.0,520254.0,21696.0,34754393.0,17.0,1.643,6.2589999999999995,0.94,1202011.0,False
300.0,86d0a459cbac55d6b0ecb8de1373f318.param,1.0,0.0,0.0,44.63800000000001,34754393.0,c8d015d57466cb2614d2d24a4c6344bf,53754.0,1.0,0.0,6.816,15-41,14791.0,0.0,1179918.0,4114.0,4.57,22091.0,4114.0,-1.0,10882.0,0.0,520254.0,21696.0,34754393.0,17.0,1.5859999999999999,6.1560000000000015,0.94,1202011.0,False
300.0,86d0a459cbac55d6b0ecb8de1373f318.param,2.0,0.0,0.0,45.908,34754393.0,c8d015d57466cb2614d2d24a4c6344bf,53754.0,1.0,0.0,6.685,15-41,14791.0,0.0,1179918.0,4114.0,4.456,22091.0,4114.0,-1.0,10882.0,0.0,520254.0,21696.0,34754393.0,17.0,1.561,6.017,0.94,1202011.0,False
300.0,f3f514a91e7728b0df10399e56f94206.param,0.0,0.0,0.0,19.419,590654055.0,ab1e7fe4c136ede3bb7c7184e88b4c69,294719.0,1.0,0.0,12.033,15-41,208117.0,0.0,429248.0,9603.0,1.588,5955.0,9603.0,-1.0,15451.0,0.0,1308081.0,5603.0,590654055.0,32.0,10.17,11.758,0.42,435205.0,False
300.0,f3f514a91e7728b0df10399e56f94206.param,1.0,0.0,0.0,18.833,590654055.0,ab1e7fe4c136ede3bb7c7184e88b4c69,294719.0,1.0,0.0,11.914000000000001,15-41,208117.0,0.0,429248.0,9603.0,1.5930000000000002,5955.0,9603.0,-1.0,15451.0,0.0,1308081.0,5603.0,590654055.0,32.0,10.075,11.668,0.42,435205.0,False
300.0,f3f514a91e7728b0df10399e56f94206.param,2.0,0.0,0.0,19.41,590654055.0,ab1e7fe4c136ede3bb7c7184e88b4c69,294719.0,1.0,0.0,12.384,15-41,208117.0,0.0,429248.0,9603.0,1.659,5955.0,9603.0,-1.0,15451.0,0.0,1308081.0,5603.0,590654055.0,32.0,10.383,12.042,0.42,435205.0,False
300.0,ceb1794b37ee7a46798c6a75e6be96ab.param,0.0,0.0,0.0,17.788,590654055.0,a4af394298970fd9e04d1c15f4bcece1,1045773.0,1.0,0.0,26.868000000000002,15-41,879274.0,0.0,416162.0,10379.0,1.686,5435.0,10379.0,-1.0,25308.0,0.0,1286698.0,5058.0,590654055.0,37.0,24.921999999999997,26.608,0.94,421599.0,False
300.0,ceb1794b37ee7a46798c6a75e6be96ab.param,1.0,0.0,0.0,19.655,590654055.0,a4af394298970fd9e04d1c15f4bcece1,1045773.0,1.0,0.0,26.726,15-41,879274.0,0.0,416162.0,10379.0,1.538,5435.0,10379.0,-1.0,25308.0,0.0,1286698.0,5058.0,590654055.0,37.0,24.861,26.399,0.94,421599.0,False
300.0,ceb1794b37ee7a46798c6a75e6be96ab.param,2.0,0.0,0.0,18.585,590654055.0,a4af394298970fd9e04d1c15f4bcece1,1045773.0,1.0,0.0,26.329,15-41,879274.0,0.0,416162.0,10379.0,1.521,5435.0,10379.0,-1.0,25308.0,0.0,1286698.0,5058.0,590654055.0,37.0,24.478,25.999000000000002,0.94,421599.0,False
300.0,f09afe8bb1fa94a49596406bf88166c9.param,0.0,0.0,0.0,49.371,1918631718.0,c00088b33e70597bbd911c1659412d47,63465.0,1.0,0.0,8.164,15-41,26879.0,0.0,1169008.0,4122.0,4.423,17095.0,4122.0,-1.0,9421.0,0.0,677848.0,16716.0,1918631718.0,17.0,3.13,7.553,0.63,1186105.0,False
300.0,f09afe8bb1fa94a49596406bf88166c9.param,1.0,0.0,0.0,45.657,1918631718.0,c00088b33e70597bbd911c1659412d47,63465.0,1.0,0.0,8.81,15-41,26879.0,0.0,1169008.0,4122.0,4.657,17095.0,4122.0,-1.0,9421.0,0.0,677848.0,16716.0,1918631718.0,17.0,3.3289999999999997,7.9860000000000015,0.63,1186105.0,False
300.0,f09afe8bb1fa94a49596406bf88166c9.param,2.0,0.0,0.0,49.556999999999995,1918631718.0,c00088b33e70597bbd911c1659412d47,63465.0,1.0,0.0,8.391,15-41,26879.0,0.0,1169008.0,4122.0,4.575,17095.0,4122.0,-1.0,9421.0,0.0,677848.0,16716.0,1918631718.0,17.0,3.1710000000000003,7.746,0.63,1186105.0,False
300.0,55b26376914ebad092e2e305df354383.param,0.0,0.0,0.0,26.629,1470727592.0,120742b18a8e0b159c157cd320a34096,130132.0,1.0,0.0,15.048,15-41,58175.0,0.0,600335.0,9600.0,2.2430000000000003,8689.0,9600.0,-1.0,13673.0,0.0,747806.0,8398.0,1470727592.0,32.0,12.464,14.707,0.42,609026.0,False
300.0,55b26376914ebad092e2e305df354383.param,1.0,0.0,0.0,25.635,1470727592.0,120742b18a8e0b159c157cd320a34096,130132.0,1.0,0.0,15.331,15-41,58175.0,0.0,600335.0,9600.0,2.2359999999999998,8689.0,9600.0,-1.0,13673.0,0.0,747806.0,8398.0,1470727592.0,32.0,12.610999999999999,14.847000000000001,0.42,609026.0,False
300.0,55b26376914ebad092e2e305df354383.param,2.0,0.0,0.0,26.516,1470727592.0,120742b18a8e0b159c157cd320a34096,130132.0,1.0,0.0,15.054,15-41,58175.0,0.0,600335.0,9600.0,2.2880000000000003,8689.0,9600.0,-1.0,13673.0,0.0,747806.0,8398.0,1470727592.0,32.0,12.432,14.72,0.42,609026.0,False
300.0,3a224236b6b589e9f8161cb41fb64421.param,0.0,0.0,0.0,38.89,2028359165.0,a8fb5c1236baa53106b496116d0db782,64654.0,1.0,0.0,6.1560000000000015,15-41,14084.0,0.0,953674.0,9600.0,3.6289999999999996,13651.0,9600.0,-1.0,7658.0,0.0,750735.0,13328.0,2028359165.0,32.0,1.9869999999999999,5.6160000000000005,0.63,967327.0,False
300.0,3a224236b6b589e9f8161cb41fb64421.param,1.0,0.0,0.0,40.207,2028359165.0,a8fb5c1236baa53106b496116d0db782,64654.0,1.0,0.0,6.359,15-41,14084.0,0.0,953674.0,9600.0,3.707,13651.0,9600.0,-1.0,7658.0,0.0,750735.0,13328.0,2028359165.0,32.0,2.085,5.7920000000000025,0.63,967327.0,False
300.0,3a224236b6b589e9f8161cb41fb64421.param,2.0,0.0,0.0,39.869,2028359165.0,a8fb5c1236baa53106b496116d0db782,64654.0,1.0,0.0,6.242999999999999,15-41,14084.0,0.0,953674.0,9600.0,3.698,13651.0,9600.0,-1.0,7658.0,0.0,750735.0,13328.0,2028359165.0,32.0,1.9909999999999999,5.689,0.63,967327.0,False
300.0,e132556b0d38151640e92d05691dbdbe.param,0.0,0.0,0.0,71.057,1918631718.0,0b3093c34f594bd60069635020d299fb,230462.0,1.0,0.0,29.613000000000003,15-41,62182.0,0.0,1889387.0,10289.0,7.55,25399.0,10289.0,-1.0,30585.0,0.0,1202781.0,24979.0,1918631718.0,36.0,21.08,28.63,0.94,1914788.0,False
300.0,e132556b0d38151640e92d05691dbdbe.param,1.0,0.0,0.0,70.999,1918631718.0,0b3093c34f594bd60069635020d299fb,230462.0,1.0,0.0,29.353,15-41,62182.0,0.0,1889387.0,10289.0,7.428,25399.0,10289.0,-1.0,30585.0,0.0,1202781.0,24979.0,1918631718.0,36.0,20.916999999999998,28.345,0.94,1914788.0,False
300.0,e132556b0d38151640e92d05691dbdbe.param,2.0,0.0,0.0,78.181,1918631718.0,0b3093c34f594bd60069635020d299fb,230462.0,1.0,0.0,29.724,15-41,62182.0,0.0,1889387.0,10289.0,7.306,25399.0,10289.0,-1.0,30585.0,0.0,1202781.0,24979.0,1918631718.0,36.0,21.34,28.646,0.94,1914788.0,False
300.0,c73e9bafac569591c4ea47d45cfac20c.param,0.0,0.0,0.0,32.115,1918631718.0,0a8d2c9387eda27d9dbc5ee9c89be77b,134340.0,1.0,0.0,10.064,15-41,22477.0,0.0,712060.0,10378.0,2.653,9387.0,10378.0,-1.0,20871.0,0.0,1070335.0,9002.0,1918631718.0,37.0,7.013999999999999,9.667,0.63,721449.0,False
300.0,c73e9bafac569591c4ea47d45cfac20c.param,1.0,0.0,0.0,32.784,1918631718.0,0a8d2c9387eda27d9dbc5ee9c89be77b,134340.0,1.0,0.0,10.207,15-41,22477.0,0.0,712060.0,10378.0,2.7689999999999997,9387.0,10378.0,-1.0,20871.0,0.0,1070335.0,9002.0,1918631718.0,37.0,7.0120000000000005,9.781,0.63,721449.0,False
300.0,c73e9bafac569591c4ea47d45cfac20c.param,2.0,0.0,0.0,29.398000000000003,1918631718.0,0a8d2c9387eda27d9dbc5ee9c89be77b,134340.0,1.0,0.0,10.501,15-41,22477.0,0.0,712060.0,10378.0,2.787,9387.0,10378.0,-1.0,20871.0,0.0,1070335.0,9002.0,1918631718.0,37.0,7.157,9.943999999999999,0.63,721449.0,False
300.0,c7380516182e520bfda807e4d9ed529d.param,0.0,0.0,0.0,10.87,1057470620.0,efd2f3f77959d917a5c7fa4a3391c36d,153980.0,1.0,0.0,3.8989999999999996,15-41,97351.0,0.0,235538.0,6294.0,0.857,3109.0,6294.0,-1.0,10491.0,0.0,917518.0,2719.0,1057470620.0,28.0,2.872,3.7289999999999996,0.42,238649.0,False
300.0,c7380516182e520bfda807e4d9ed529d.param,1.0,0.0,0.0,10.716,1057470620.0,efd2f3f77959d917a5c7fa4a3391c36d,153980.0,1.0,0.0,3.806,15-41,97351.0,0.0,235538.0,6294.0,0.85,3109.0,6294.0,-1.0,10491.0,0.0,917518.0,2719.0,1057470620.0,28.0,2.805,3.655,0.42,238649.0,False
300.0,c7380516182e520bfda807e4d9ed529d.param,2.0,0.0,0.0,10.078,1057470620.0,efd2f3f77959d917a5c7fa4a3391c36d,153980.0,1.0,0.0,3.9819999999999998,15-41,97351.0,0.0,235538.0,6294.0,0.875,3109.0,6294.0,-1.0,10491.0,0.0,917518.0,2719.0,1057470620.0,28.0,2.935,3.81,0.42,238649.0,False
300.0,9fea3b5fddf357019f10d5f61fc8a74b.param,0.0,0.0,0.0,38.54,693280077.0,75a82685f4ad03fd4d433d3a7c2e747a,48327.0,1.0,0.0,5.605,15-41,16951.0,0.0,973659.0,4151.0,3.6830000000000003,17739.0,4151.0,-1.0,8731.0,0.0,420654.0,17423.0,693280077.0,17.0,1.202,4.885,0.63,991400.0,False
300.0,9fea3b5fddf357019f10d5f61fc8a74b.param,1.0,0.0,0.0,38.973,693280077.0,75a82685f4ad03fd4d433d3a7c2e747a,48327.0,1.0,0.0,5.374,15-41,16951.0,0.0,973659.0,4151.0,3.695,17739.0,4151.0,-1.0,8731.0,0.0,420654.0,17423.0,693280077.0,17.0,1.128,4.823,0.63,991400.0,False
300.0,9fea3b5fddf357019f10d5f61fc8a74b.param,2.0,0.0,0.0,41.118,693280077.0,75a82685f4ad03fd4d433d3a7c2e747a,48327.0,1.0,0.0,5.39,15-41,16951.0,0.0,973659.0,4151.0,3.708,17739.0,4151.0,-1.0,8731.0,0.0,420654.0,17423.0,693280077.0,17.0,1.0979999999999999,4.806,0.63,991400.0,False
300.0,d77b1e8e85636e2a8e697f0467151b32.param,0.0,0.0,0.0,10.17,590654055.0,c3aa2cb93ff3c1911d309d5086b8c5a4,101360.0,1.0,0.0,4.265,15-41,47382.0,0.0,225998.0,10331.0,0.889,3013.0,10331.0,-1.0,7343.0,0.0,1076250.0,2635.0,590654055.0,37.0,3.23,4.119,0.28,229013.0,False
300.0,d77b1e8e85636e2a8e697f0467151b32.param,1.0,0.0,0.0,10.363,590654055.0,c3aa2cb93ff3c1911d309d5086b8c5a4,101360.0,1.0,0.0,4.254,15-41,47382.0,0.0,225998.0,10331.0,0.8270000000000001,3013.0,10331.0,-1.0,7343.0,0.0,1076250.0,2635.0,590654055.0,37.0,3.2739999999999996,4.101,0.28,229013.0,False
300.0,d77b1e8e85636e2a8e697f0467151b32.param,2.0,0.0,0.0,9.663,590654055.0,c3aa2cb93ff3c1911d309d5086b8c5a4,101360.0,1.0,0.0,4.195,15-41,47382.0,0.0,225998.0,10331.0,0.821,3013.0,10331.0,-1.0,7343.0,0.0,1076250.0,2635.0,590654055.0,37.0,3.227,4.048,0.28,229013.0,False
300.0,971e5d247ffd98140d5d9199460cd7b4.param,0.0,0.0,0.0,33.288000000000004,1257636424.0,e91b4799f234674267cb8b70831cc40f,190326.0,1.0,0.0,10.833,15-41,73308.0,0.0,772986.0,9726.0,2.885,10719.0,9726.0,-1.0,19088.0,0.0,1147507.0,10351.0,1257636424.0,33.0,7.504,10.389000000000001,0.63,783707.0,False
300.0,971e5d247ffd98140d5d9199460cd7b4.param,1.0,0.0,0.0,33.007,1257636424.0,e91b4799f234674267cb8b70831cc40f,190326.0,1.0,0.0,10.867,15-41,73308.0,0.0,772986.0,9726.0,2.908,10719.0,9726.0,-1.0,19088.0,0.0,1147507.0,10351.0,1257636424.0,33.0,7.516,10.424000000000001,0.63,783707.0,False
300.0,971e5d247ffd98140d5d9199460cd7b4.param,2.0,0.0,0.0,34.257,1257636424.0,e91b4799f234674267cb8b70831cc40f,190326.0,1.0,0.0,10.81,15-41,73308.0,0.0,772986.0,9726.0,2.891,10719.0,9726.0,-1.0,19088.0,0.0,1147507.0,10351.0,1257636424.0,33.0,7.485,10.376,0.63,783707.0,False
300.0,5f169f8946c848c062a4dd468eb064c1.param,0.0,0.0,0.0,73.572,2136253402.0,e23e70c2ab0c52b827057906d4d3f3a1,458738.0,1.0,0.0,23.01,15-41,244309.0,0.0,1847235.0,11802.0,7.3,22985.0,11802.0,-1.0,23241.0,0.0,1398326.0,22606.0,2136253402.0,44.0,14.640999999999998,21.941,0.94,1870222.0,False
300.0,5f169f8946c848c062a4dd468eb064c1.param,1.0,0.0,0.0,72.862,2136253402.0,e23e70c2ab0c52b827057906d4d3f3a1,458738.0,1.0,0.0,24.003,15-41,244309.0,0.0,1847235.0,11802.0,7.609,22985.0,11802.0,-1.0,23241.0,0.0,1398326.0,22606.0,2136253402.0,44.0,15.09,22.699,0.94,1870222.0,False
300.0,5f169f8946c848c062a4dd468eb064c1.param,2.0,0.0,0.0,81.161,2136253402.0,e23e70c2ab0c52b827057906d4d3f3a1,458738.0,1.0,0.0,22.734,15-41,244309.0,0.0,1847235.0,11802.0,7.172999999999999,22985.0,11802.0,-1.0,23241.0,0.0,1398326.0,22606.0,2136253402.0,44.0,14.555,21.728,0.94,1870222.0,False
300.0,7c50c2c12e2aac2541da57a3aad7ca55.param,0.0,0.0,0.0,73.491,182366586.0,e4a592b2c83a7b4c109de1953ef60065,213319.0,1.0,0.0,42.842,15-41,27039.0,0.0,1798393.0,10201.0,7.04,24429.0,10201.0,-1.0,19621.0,0.0,3539769.0,24076.0,182366586.0,36.0,34.794000000000004,41.833999999999996,0.94,1822824.0,False
300.0,7c50c2c12e2aac2541da57a3aad7ca55.param,1.0,0.0,0.0,67.917,182366586.0,e4a592b2c83a7b4c109de1953ef60065,213319.0,1.0,0.0,41.452,15-41,27039.0,0.0,1798393.0,10201.0,6.909,24429.0,10201.0,-1.0,19621.0,0.0,3539769.0,24076.0,182366586.0,36.0,33.306,40.215,0.94,1822824.0,False
300.0,7c50c2c12e2aac2541da57a3aad7ca55.param,2.0,0.0,0.0,70.513,182366586.0,e4a592b2c83a7b4c109de1953ef60065,213319.0,1.0,0.0,39.941,15-41,27039.0,0.0,1798393.0,10201.0,6.897,24429.0,10201.0,-1.0,19621.0,0.0,3539769.0,24076.0,182366586.0,36.0,31.767,38.664,0.94,1822824.0,False
300.0,accc739b7443ee6f6c986b29106d30b2.param,0.0,0.0,0.0,69.06,1057470620.0,6bd916a6450420bdfcb88bf42ab5aa53,165033.0,1.0,0.0,25.107,15-41,61458.0,0.0,1758872.0,11301.0,6.8320000000000025,22301.0,11301.0,-1.0,14054.0,0.0,1211003.0,21921.0,1057470620.0,41.0,17.35,24.182,0.94,1781175.0,False
300.0,accc739b7443ee6f6c986b29106d30b2.param,1.0,0.0,0.0,68.046,1057470620.0,6bd916a6450420bdfcb88bf42ab5aa53,165033.0,1.0,0.0,25.394000000000002,15-41,61458.0,0.0,1758872.0,11301.0,6.787999999999999,22301.0,11301.0,-1.0,14054.0,0.0,1211003.0,21921.0,1057470620.0,41.0,17.317999999999998,24.105999999999998,0.94,1781175.0,False
300.0,accc739b7443ee6f6c986b29106d30b2.param,2.0,0.0,0.0,73.695,1057470620.0,6bd916a6450420bdfcb88bf42ab5aa53,165033.0,1.0,0.0,26.146,15-41,61458.0,0.0,1758872.0,11301.0,7.041,22301.0,11301.0,-1.0,14054.0,0.0,1211003.0,21921.0,1057470620.0,41.0,17.86,24.901,0.94,1781175.0,False
300.0,2cf01039b19cea84eef8c942aea32605.param,0.0,0.0,0.0,70.241,1057470620.0,e5daadfc47254875208f655a1afc2c15,206959.0,1.0,0.0,18.857,15-41,51029.0,0.0,1864718.0,11204.0,7.312,24097.0,11204.0,-1.0,14151.0,0.0,1292118.0,23677.0,1057470620.0,40.0,10.567,17.879,0.94,1888817.0,False
300.0,2cf01039b19cea84eef8c942aea32605.param,1.0,0.0,0.0,78.22,1057470620.0,e5daadfc47254875208f655a1afc2c15,206959.0,1.0,0.0,18.99,15-41,51029.0,0.0,1864718.0,11204.0,7.192,24097.0,11204.0,-1.0,14151.0,0.0,1292118.0,23677.0,1057470620.0,40.0,10.75,17.942,0.94,1888817.0,False
300.0,2cf01039b19cea84eef8c942aea32605.param,2.0,0.0,0.0,76.768,1057470620.0,e5daadfc47254875208f655a1afc2c15,206959.0,1.0,0.0,19.097,15-41,51029.0,0.0,1864718.0,11204.0,7.428,24097.0,11204.0,-1.0,14151.0,0.0,1292118.0,23677.0,1057470620.0,40.0,10.515,17.942999999999994,0.94,1888817.0,False
300.0,36fc98d1195ddc35e5ef9eb80f9a3178.param,0.0,0.0,0.0,13.776,270657042.0,48d56460ef79e76625fef4538e21cc41,35072.0,1.0,0.0,2.2230000000000003,15-41,8893.0,0.0,286878.0,4668.0,1.0490000000000002,4961.0,4668.0,-1.0,4902.0,0.0,376356.0,4717.0,270657042.0,20.0,0.9390000000000001,1.9880000000000002,0.19,291841.0,False
300.0,36fc98d1195ddc35e5ef9eb80f9a3178.param,1.0,0.0,0.0,12.033,270657042.0,48d56460ef79e76625fef4538e21cc41,35072.0,1.0,0.0,2.12,15-41,8893.0,0.0,286878.0,4668.0,1.051,4961.0,4668.0,-1.0,4902.0,0.0,376356.0,4717.0,270657042.0,20.0,0.885,1.936,0.19,291841.0,False
300.0,36fc98d1195ddc35e5ef9eb80f9a3178.param,2.0,0.0,0.0,13.709000000000001,270657042.0,48d56460ef79e76625fef4538e21cc41,35072.0,1.0,0.0,2.128,15-41,8893.0,0.0,286878.0,4668.0,1.057,4961.0,4668.0,-1.0,4902.0,0.0,376356.0,4717.0,270657042.0,20.0,0.888,1.945,0.19,291841.0,False
300.0,61f5f3058b749cd913e33ba1bf9fcead.param,0.0,0.0,0.0,6.162000000000001,693280077.0,c2554d800d98532d8e922f4d9cb03932,446819.0,1.0,0.0,4.026,15-41,394006.0,0.0,120189.0,5668.0,0.436,1865.0,5668.0,-1.0,9449.0,0.0,790271.0,1516.0,693280077.0,24.0,3.4760000000000004,3.912,0.28,122056.0,False
300.0,61f5f3058b749cd913e33ba1bf9fcead.param,1.0,0.0,0.0,5.989,693280077.0,c2554d800d98532d8e922f4d9cb03932,446819.0,1.0,0.0,4.1339999999999995,15-41,394006.0,0.0,120189.0,5668.0,0.431,1865.0,5668.0,-1.0,9449.0,0.0,790271.0,1516.0,693280077.0,24.0,3.6039999999999996,4.035,0.28,122056.0,False
300.0,61f5f3058b749cd913e33ba1bf9fcead.param,2.0,0.0,0.0,5.846,693280077.0,c2554d800d98532d8e922f4d9cb03932,446819.0,1.0,0.0,4.154,15-41,394006.0,0.0,120189.0,5668.0,0.444,1865.0,5668.0,-1.0,9449.0,0.0,790271.0,1516.0,693280077.0,24.0,3.609,4.053,0.28,122056.0,False
300.0,bb83bd2588db308f9da59945e9f53761.param,0.0,0.0,0.0,36.732,823094821.0,4b8a829e3a6e881d8ad6a9bb1580eba3,358720.0,1.0,0.0,12.472000000000001,15-41,277617.0,0.0,906014.0,5781.0,3.549,14023.0,5781.0,-1.0,12277.0,0.0,1313393.0,13730.0,823094821.0,25.0,8.228,11.777000000000001,0.63,920039.0,False
300.0,bb83bd2588db308f9da59945e9f53761.param,1.0,0.0,0.0,39.361999999999995,823094821.0,4b8a829e3a6e881d8ad6a9bb1580eba3,358720.0,1.0,0.0,11.118,15-41,277617.0,0.0,906014.0,5781.0,3.411,14023.0,5781.0,-1.0,12277.0,0.0,1313393.0,13730.0,823094821.0,25.0,7.202999999999999,10.614,0.63,920039.0,False
300.0,bb83bd2588db308f9da59945e9f53761.param,2.0,0.0,0.0,37.478,823094821.0,4b8a829e3a6e881d8ad6a9bb1580eba3,358720.0,1.0,0.0,11.384,15-41,277617.0,0.0,906014.0,5781.0,3.676,14023.0,5781.0,-1.0,12277.0,0.0,1313393.0,13730.0,823094821.0,25.0,7.1679999999999975,10.844000000000001,0.63,920039.0,False
300.0,97b29b11b39e49b80f3ff828f7a4f470.param,0.0,0.0,0.0,26.285,372553220.0,ab0d93b728431e91df8648c7722ed2c5,95252.0,1.0,0.0,7.093,15-41,26740.0,0.0,597126.0,5746.0,2.206,9351.0,5746.0,-1.0,13162.0,0.0,589996.0,9050.0,372553220.0,25.0,4.546,6.7520000000000024,0.42,606479.0,False
300.0,97b29b11b39e49b80f3ff828f7a4f470.param,1.0,0.0,0.0,27.068,372553220.0,ab0d93b728431e91df8648c7722ed2c5,95252.0,1.0,0.0,7.273,15-41,26740.0,0.0,597126.0,5746.0,2.306,9351.0,5746.0,-1.0,13162.0,0.0,589996.0,9050.0,372553220.0,25.0,4.613,6.919,0.42,606479.0,False
300.0,97b29b11b39e49b80f3ff828f7a4f470.param,2.0,0.0,0.0,25.386999999999997,372553220.0,ab0d93b728431e91df8648c7722ed2c5,95252.0,1.0,0.0,7.1610000000000005,15-41,26740.0,0.0,597126.0,5746.0,2.209,9351.0,5746.0,-1.0,13162.0,0.0,589996.0,9050.0,372553220.0,25.0,4.582,6.791,0.42,606479.0,False
300.0,d6dbb131b6c4096427e3cdbc24174d58.param,0.0,0.0,0.0,18.191,254168822.0,15aaac32fb599e6e248de45c7d32c196,171392.0,1.0,0.0,5.801,15-41,102507.0,0.0,357847.0,9634.0,1.3359999999999999,4915.0,9634.0,-1.0,13639.0,0.0,897217.0,4623.0,254168822.0,32.0,4.242,5.577999999999999,0.42,362764.0,False
300.0,d6dbb131b6c4096427e3cdbc24174d58.param,1.0,0.0,0.0,16.827,254168822.0,15aaac32fb599e6e248de45c7d32c196,171392.0,1.0,0.0,6.233,15-41,102507.0,0.0,357847.0,9634.0,1.4340000000000002,4915.0,9634.0,-1.0,13639.0,0.0,897217.0,4623.0,254168822.0,32.0,4.559,5.992999999999999,0.42,362764.0,False
300.0,d6dbb131b6c4096427e3cdbc24174d58.param,2.0,0.0,0.0,15.543,254168822.0,15aaac32fb599e6e248de45c7d32c196,171392.0,1.0,0.0,5.8389999999999995,15-41,102507.0,0.0,357847.0,9634.0,1.3430000000000002,4915.0,9634.0,-1.0,13639.0,0.0,897217.0,4623.0,254168822.0,32.0,4.2810000000000015,5.624,0.42,362764.0,False
300.0,92f07d9616904178c202cd6d7e0ae97d.param,0.0,0.0,0.0,28.451,1098776393.0,e7fb552628898c16576b94346f5a2bd4,188758.0,1.0,0.0,12.657,15-41,81354.0,0.0,700793.0,9772.0,2.673,9621.0,9772.0,-1.0,15796.0,0.0,1062274.0,9322.0,1098776393.0,33.0,9.453,12.126,0.63,710416.0,False
300.0,92f07d9616904178c202cd6d7e0ae97d.param,1.0,0.0,0.0,30.041999999999998,1098776393.0,e7fb552628898c16576b94346f5a2bd4,188758.0,1.0,0.0,12.464,15-41,81354.0,0.0,700793.0,9772.0,2.657,9621.0,9772.0,-1.0,15796.0,0.0,1062274.0,9322.0,1098776393.0,33.0,9.402999999999999,12.06,0.63,710416.0,False
300.0,92f07d9616904178c202cd6d7e0ae97d.param,2.0,0.0,0.0,30.024,1098776393.0,e7fb552628898c16576b94346f5a2bd4,188758.0,1.0,0.0,12.427999999999999,15-41,81354.0,0.0,700793.0,9772.0,2.722,9621.0,9772.0,-1.0,15796.0,0.0,1062274.0,9322.0,1098776393.0,33.0,9.31,12.032,0.63,710416.0,False
300.0,a78197c32b5c06c92ee4f6e438ee3962.param,0.0,0.0,0.0,71.592,506016928.0,dc89ca742c5d7d13df1fe77cc6d41e23,125951.0,1.0,0.0,11.470999999999998,15-41,41246.0,0.0,1839397.0,6358.0,7.245,26905.0,6358.0,-1.0,13289.0,0.0,771365.0,26568.0,506016928.0,29.0,3.2560000000000002,10.501,0.94,1866304.0,False
300.0,a78197c32b5c06c92ee4f6e438ee3962.param,1.0,0.0,0.0,68.827,506016928.0,dc89ca742c5d7d13df1fe77cc6d41e23,125951.0,1.0,0.0,11.828,15-41,41246.0,0.0,1839397.0,6358.0,7.16,26905.0,6358.0,-1.0,13289.0,0.0,771365.0,26568.0,506016928.0,29.0,3.342,10.502,0.94,1866304.0,False
300.0,a78197c32b5c06c92ee4f6e438ee3962.param,2.0,0.0,0.0,69.137,506016928.0,dc89ca742c5d7d13df1fe77cc6d41e23,125951.0,1.0,0.0,11.475999999999999,15-41,41246.0,0.0,1839397.0,6358.0,7.23,26905.0,6358.0,-1.0,13289.0,0.0,771365.0,26568.0,506016928.0,29.0,3.292,10.522,0.94,1866304.0,False
300.0,ea9e2588afe4504c0be19561db25ccfd.param,0.0,0.0,0.0,35.226,2050821110.0,11d1a56df2ba1077e45a82fd48d7f728,178496.0,1.0,0.0,12.387,15-41,85157.0,0.0,885110.0,5604.0,3.532,14365.0,5604.0,-1.0,14320.0,0.0,1356592.0,14071.0,2050821110.0,24.0,8.333,11.865,0.63,899477.0,False
300.0,ea9e2588afe4504c0be19561db25ccfd.param,1.0,0.0,0.0,37.782,2050821110.0,11d1a56df2ba1077e45a82fd48d7f728,178496.0,1.0,0.0,11.517999999999999,15-41,85157.0,0.0,885110.0,5604.0,3.339,14365.0,5604.0,-1.0,14320.0,0.0,1356592.0,14071.0,2050821110.0,24.0,7.681,11.02,0.63,899477.0,False
300.0,ea9e2588afe4504c0be19561db25ccfd.param,2.0,0.0,0.0,35.86,2050821110.0,11d1a56df2ba1077e45a82fd48d7f728,178496.0,1.0,0.0,11.475,15-41,85157.0,0.0,885110.0,5604.0,3.335,14365.0,5604.0,-1.0,14320.0,0.0,1356592.0,14071.0,2050821110.0,24.0,7.645,10.98,0.63,899477.0,False
300.0,8dbc47c71dc08cbc8ffa4bf3b92aa057.param,0.0,0.0,0.0,22.089000000000002,1571287961.0,f75b02d9ec64d9d4327e2d44369e6b9a,98458.0,1.0,0.0,5.645,15-41,35783.0,0.0,471090.0,4633.0,1.796,8247.0,4633.0,-1.0,11896.0,0.0,875753.0,7907.0,1571287961.0,20.0,3.569,5.365,0.42,479339.0,False
300.0,8dbc47c71dc08cbc8ffa4bf3b92aa057.param,1.0,0.0,0.0,20.219,1571287961.0,f75b02d9ec64d9d4327e2d44369e6b9a,98458.0,1.0,0.0,5.4,15-41,35783.0,0.0,471090.0,4633.0,1.766,8247.0,4633.0,-1.0,11896.0,0.0,875753.0,7907.0,1571287961.0,20.0,3.3739999999999997,5.14,0.42,479339.0,False
300.0,8dbc47c71dc08cbc8ffa4bf3b92aa057.param,2.0,0.0,0.0,21.524,1571287961.0,f75b02d9ec64d9d4327e2d44369e6b9a,98458.0,1.0,0.0,5.651,15-41,35783.0,0.0,471090.0,4633.0,1.758,8247.0,4633.0,-1.0,11896.0,0.0,875753.0,7907.0,1571287961.0,20.0,3.5380000000000003,5.296,0.42,479339.0,False
300.0,3516b948e6368c1e04e766cb3dbf658f.param,0.0,0.0,0.0,92.35,1235388569.0,3126ccdca5c0766b3ddbbb7972831318,834148.0,1.0,0.0,58.661,15-41,551137.0,0.0,2440067.0,10289.0,9.434,32811.0,10289.0,-1.0,26199.0,0.0,3027366.0,32441.0,1235388569.0,36.0,47.957,57.39100000000001,1.41,2472880.0,False
300.0,3516b948e6368c1e04e766cb3dbf658f.param,1.0,0.0,0.0,90.395,1235388569.0,3126ccdca5c0766b3ddbbb7972831318,834148.0,1.0,0.0,62.96,15-41,551137.0,0.0,2440067.0,10289.0,9.452,32811.0,10289.0,-1.0,26199.0,0.0,3027366.0,32441.0,1235388569.0,36.0,51.776,61.228,1.41,2472880.0,False
300.0,3516b948e6368c1e04e766cb3dbf658f.param,2.0,0.0,0.0,96.454,1235388569.0,3126ccdca5c0766b3ddbbb7972831318,834148.0,1.0,0.0,63.43899999999999,15-41,551137.0,0.0,2440067.0,10289.0,9.732999999999999,32811.0,10289.0,-1.0,26199.0,0.0,3027366.0,32441.0,1235388569.0,36.0,52.09,61.823,1.41,2472880.0,False
300.0,056d65a7bb6760a4c29fabc08869fd2b.param,0.0,0.0,0.0,104.914,160742207.0,f707012e505b6820dc5fca09e3b06ab0,623566.0,1.0,0.0,49.163000000000004,15-41,408619.0,0.0,2540871.0,10379.0,10.174,33491.0,10379.0,-1.0,25179.0,0.0,2539995.0,33115.0,160742207.0,37.0,37.103,47.277,1.41,2574364.0,False
300.0,056d65a7bb6760a4c29fabc08869fd2b.param,1.0,0.0,0.0,103.479,160742207.0,f707012e505b6820dc5fca09e3b06ab0,623566.0,1.0,0.0,45.451,15-41,408619.0,0.0,2540871.0,10379.0,9.875,33491.0,10379.0,-1.0,25179.0,0.0,2539995.0,33115.0,160742207.0,37.0,34.16,44.035,1.41,2574364.0,False
300.0,056d65a7bb6760a4c29fabc08869fd2b.param,2.0,0.0,0.0,100.779,160742207.0,f707012e505b6820dc5fca09e3b06ab0,623566.0,1.0,0.0,45.62,15-41,408619.0,0.0,2540871.0,10379.0,10.02,33491.0,10379.0,-1.0,25179.0,0.0,2539995.0,33115.0,160742207.0,37.0,34.226,44.246,1.41,2574364.0,False
300.0,9a031fb141138ee9bc8fad2cc059ee0e.param,0.0,0.0,0.0,18.708,95956545.0,26e666b99b399957984cc0d2e17acc7c,187325.0,1.0,0.0,11.953,15-41,71898.0,0.0,412751.0,9605.0,1.5319999999999998,5911.0,9605.0,-1.0,15697.0,0.0,994942.0,5605.0,95956545.0,32.0,10.156,11.687999999999999,0.63,418664.0,False
300.0,9a031fb141138ee9bc8fad2cc059ee0e.param,1.0,0.0,0.0,17.245,95956545.0,26e666b99b399957984cc0d2e17acc7c,187325.0,1.0,0.0,12.225,15-41,71898.0,0.0,412751.0,9605.0,1.598,5911.0,9605.0,-1.0,15697.0,0.0,994942.0,5605.0,95956545.0,32.0,10.332,11.93,0.63,418664.0,False
300.0,9a031fb141138ee9bc8fad2cc059ee0e.param,2.0,0.0,0.0,19.385,95956545.0,26e666b99b399957984cc0d2e17acc7c,187325.0,1.0,0.0,12.355,15-41,71898.0,0.0,412751.0,9605.0,1.516,5911.0,9605.0,-1.0,15697.0,0.0,994942.0,5605.0,95956545.0,32.0,10.508,12.024000000000001,0.63,418664.0,False
300.0,21ba7bf1bed51e1d4137a5d2b4095413.param,0.0,0.0,0.0,47.578,753387864.0,5a8c5cd7ebea3b51720975ed2e3d15e9,42129.0,1.0,0.0,8.142000000000001,15-41,5651.0,0.0,1186082.0,4731.0,4.581,20235.0,4731.0,-1.0,10237.0,0.0,1170071.0,19946.0,753387864.0,21.0,2.9019999999999997,7.483,0.63,1206319.0,False
300.0,21ba7bf1bed51e1d4137a5d2b4095413.param,1.0,0.0,0.0,47.849,753387864.0,5a8c5cd7ebea3b51720975ed2e3d15e9,42129.0,1.0,0.0,8.013,15-41,5651.0,0.0,1186082.0,4731.0,4.56,20235.0,4731.0,-1.0,10237.0,0.0,1170071.0,19946.0,753387864.0,21.0,2.782,7.3420000000000005,0.63,1206319.0,False
300.0,21ba7bf1bed51e1d4137a5d2b4095413.param,2.0,0.0,0.0,47.4,753387864.0,5a8c5cd7ebea3b51720975ed2e3d15e9,42129.0,1.0,0.0,8.229,15-41,5651.0,0.0,1186082.0,4731.0,4.559,20235.0,4731.0,-1.0,10237.0,0.0,1170071.0,19946.0,753387864.0,21.0,3.0,7.559,0.63,1206319.0,False
300.0,ba4c3b35debdf0cbd1cf9beea46e68ac.param,0.0,0.0,0.0,15.198,1083416308.0,62b40bf36df663be094705f2b40ac191,170731.0,1.0,0.0,5.692,15-41,103047.0,0.0,365837.0,5782.0,1.3330000000000002,5665.0,5782.0,-1.0,12431.0,0.0,707549.0,5388.0,1083416308.0,25.0,4.133,5.466,0.42,371504.0,False
300.0,ba4c3b35debdf0cbd1cf9beea46e68ac.param,1.0,0.0,0.0,16.521,1083416308.0,62b40bf36df663be094705f2b40ac191,170731.0,1.0,0.0,5.73,15-41,103047.0,0.0,365837.0,5782.0,1.3330000000000002,5665.0,5782.0,-1.0,12431.0,0.0,707549.0,5388.0,1083416308.0,25.0,4.169,5.5020000000000024,0.42,371504.0,False
300.0,ba4c3b35debdf0cbd1cf9beea46e68ac.param,2.0,0.0,0.0,16.738,1083416308.0,62b40bf36df663be094705f2b40ac191,170731.0,1.0,0.0,6.067,15-41,103047.0,0.0,365837.0,5782.0,1.337,5665.0,5782.0,-1.0,12431.0,0.0,707549.0,5388.0,1083416308.0,25.0,4.437,5.774,0.42,371504.0,False
300.0,ffb2d731edec22edde6bc403f6c68136.param,0.0,0.0,0.0,35.385999999999996,1470727592.0,159d0f63f40199e343e3544b5595beb3,120815.0,1.0,0.0,11.799000000000001,15-41,31744.0,0.0,823291.0,5640.0,3.056,13203.0,5640.0,-1.0,13272.0,0.0,883789.0,12925.0,1470727592.0,24.0,8.139,11.195,0.63,836496.0,False
300.0,ffb2d731edec22edde6bc403f6c68136.param,1.0,0.0,0.0,33.868,1470727592.0,159d0f63f40199e343e3544b5595beb3,120815.0,1.0,0.0,11.497,15-41,31744.0,0.0,823291.0,5640.0,3.128,13203.0,5640.0,-1.0,13272.0,0.0,883789.0,12925.0,1470727592.0,24.0,7.909,11.037,0.63,836496.0,False
300.0,ffb2d731edec22edde6bc403f6c68136.param,2.0,0.0,0.0,35.6,1470727592.0,159d0f63f40199e343e3544b5595beb3,120815.0,1.0,0.0,11.615,15-41,31744.0,0.0,823291.0,5640.0,3.0839999999999996,13203.0,5640.0,-1.0,13272.0,0.0,883789.0,12925.0,1470727592.0,24.0,7.928,11.012,0.63,836496.0,False
300.0,d8b978c6119710e61692eb0c8ed59509.param,0.0,0.0,0.0,47.90600000000001,1571287961.0,5e139fa3f92422f8477f710176e5e394,63546.0,1.0,0.0,7.314,15-41,29036.0,0.0,1104790.0,4685.0,4.263,15981.0,4685.0,-1.0,8138.0,0.0,1192238.0,15599.0,1571287961.0,20.0,2.281,6.544,0.63,1120773.0,False
300.0,d8b978c6119710e61692eb0c8ed59509.param,1.0,0.0,0.0,45.985,1571287961.0,5e139fa3f92422f8477f710176e5e394,63546.0,1.0,0.0,7.2639999999999985,15-41,29036.0,0.0,1104790.0,4685.0,4.221,15981.0,4685.0,-1.0,8138.0,0.0,1192238.0,15599.0,1571287961.0,20.0,2.427,6.648,0.63,1120773.0,False
300.0,d8b978c6119710e61692eb0c8ed59509.param,2.0,0.0,0.0,46.379,1571287961.0,5e139fa3f92422f8477f710176e5e394,63546.0,1.0,0.0,7.415,15-41,29036.0,0.0,1104790.0,4685.0,4.263999999999999,15981.0,4685.0,-1.0,8138.0,0.0,1192238.0,15599.0,1571287961.0,20.0,2.506,6.77,0.63,1120773.0,False
300.0,c0cc3cb80752c8cae8a567aa7598d4aa.param,0.0,0.0,0.0,47.424,506016928.0,b0bcf5f9a8a79706ad1c8f3ca53a11a5,111110.0,1.0,0.0,7.934,15-41,38974.0,0.0,1249052.0,6202.0,4.749,19105.0,6202.0,-1.0,12068.0,0.0,713072.0,18763.0,506016928.0,28.0,2.499,7.2479999999999976,0.63,1268159.0,False
300.0,c0cc3cb80752c8cae8a567aa7598d4aa.param,1.0,0.0,0.0,46.553999999999995,506016928.0,b0bcf5f9a8a79706ad1c8f3ca53a11a5,111110.0,1.0,0.0,8.286,15-41,38974.0,0.0,1249052.0,6202.0,4.793,19105.0,6202.0,-1.0,12068.0,0.0,713072.0,18763.0,506016928.0,28.0,2.577,7.37,0.63,1268159.0,False
300.0,c0cc3cb80752c8cae8a567aa7598d4aa.param,2.0,0.0,0.0,52.71100000000001,506016928.0,b0bcf5f9a8a79706ad1c8f3ca53a11a5,111110.0,1.0,0.0,8.258,15-41,38974.0,0.0,1249052.0,6202.0,4.789,19105.0,6202.0,-1.0,12068.0,0.0,713072.0,18763.0,506016928.0,28.0,2.536,7.325,0.63,1268159.0,False
300.0,73a51090daaf16aa8d614ff285bfb6e4.param,0.0,0.0,0.0,77.789,221638566.0,1050bbbfbcc8fa2e10f649ac821ed19c,1367071.0,1.0,0.0,37.302,15-41,1092153.0,0.0,1904918.0,6317.0,7.289,28159.0,6317.0,-1.0,31366.0,0.0,2574583.0,27736.0,221638566.0,29.0,28.621,35.91,0.94,1933079.0,False
300.0,73a51090daaf16aa8d614ff285bfb6e4.param,1.0,0.0,0.0,77.317,221638566.0,1050bbbfbcc8fa2e10f649ac821ed19c,1367071.0,1.0,0.0,36.241,15-41,1092153.0,0.0,1904918.0,6317.0,7.303,28159.0,6317.0,-1.0,31366.0,0.0,2574583.0,27736.0,221638566.0,29.0,27.893,35.196,0.94,1933079.0,False
300.0,73a51090daaf16aa8d614ff285bfb6e4.param,2.0,0.0,0.0,73.649,221638566.0,1050bbbfbcc8fa2e10f649ac821ed19c,1367071.0,1.0,0.0,38.934,15-41,1092153.0,0.0,1904918.0,6317.0,7.381,28159.0,6317.0,-1.0,31366.0,0.0,2574583.0,27736.0,221638566.0,29.0,30.123,37.504,0.94,1933079.0,False
300.0,876c6467204e8ca8aabecbfbd3b45139.param,0.0,0.0,0.0,58.753,1257636424.0,e7bd4364958599014c634a219283fcf6,84166.0,1.0,0.0,8.637,15-41,37174.0,0.0,1513045.0,6201.0,5.763999999999999,22617.0,6201.0,-1.0,11137.0,0.0,756763.0,22192.0,1257636424.0,28.0,2.055,7.819,0.94,1535664.0,False
300.0,876c6467204e8ca8aabecbfbd3b45139.param,1.0,0.0,0.0,62.023,1257636424.0,e7bd4364958599014c634a219283fcf6,84166.0,1.0,0.0,8.865,15-41,37174.0,0.0,1513045.0,6201.0,5.88,22617.0,6201.0,-1.0,11137.0,0.0,756763.0,22192.0,1257636424.0,28.0,2.124,8.004,0.94,1535664.0,False
300.0,876c6467204e8ca8aabecbfbd3b45139.param,2.0,0.0,0.0,62.54600000000001,1257636424.0,e7bd4364958599014c634a219283fcf6,84166.0,1.0,0.0,8.582,15-41,37174.0,0.0,1513045.0,6201.0,5.7360000000000015,22617.0,6201.0,-1.0,11137.0,0.0,756763.0,22192.0,1257636424.0,28.0,2.062,7.797999999999999,0.94,1535664.0,False
300.0,4ee13ffb8d0ec1ceaf1bb37447281f58.param,0.0,0.0,0.0,27.599,506016928.0,8acd8bcf7d4ba219fcb1a45a08aed221,46382.0,1.0,0.0,9.185,15-41,6407.0,0.0,701911.0,4118.0,2.645,13149.0,4118.0,-1.0,8973.0,0.0,819300.0,12856.0,506016928.0,17.0,6.098,8.743,0.42,715062.0,False
300.0,4ee13ffb8d0ec1ceaf1bb37447281f58.param,1.0,0.0,0.0,31.235,506016928.0,8acd8bcf7d4ba219fcb1a45a08aed221,46382.0,1.0,0.0,8.502,15-41,6407.0,0.0,701911.0,4118.0,2.6260000000000003,13149.0,4118.0,-1.0,8973.0,0.0,819300.0,12856.0,506016928.0,17.0,5.343999999999999,7.97,0.42,715062.0,False
300.0,4ee13ffb8d0ec1ceaf1bb37447281f58.param,2.0,0.0,0.0,27.985,506016928.0,8acd8bcf7d4ba219fcb1a45a08aed221,46382.0,1.0,0.0,8.54,15-41,6407.0,0.0,701911.0,4118.0,2.636,13149.0,4118.0,-1.0,8973.0,0.0,819300.0,12856.0,506016928.0,17.0,5.4860000000000015,8.122,0.42,715062.0,False
300.0,62e2738034d51eb1ca2518ead10bb1b8.param,0.0,0.0,0.0,15.635,270657042.0,c9f66f467947cacc25bd9283de7f14a7,95194.0,1.0,0.0,3.977,15-41,47079.0,0.0,340206.0,5626.0,1.258,5663.0,5626.0,-1.0,8421.0,0.0,553518.0,5425.0,270657042.0,24.0,2.483,3.741,0.28,345871.0,False
300.0,62e2738034d51eb1ca2518ead10bb1b8.param,1.0,0.0,0.0,16.123,270657042.0,c9f66f467947cacc25bd9283de7f14a7,95194.0,1.0,0.0,3.677,15-41,47079.0,0.0,340206.0,5626.0,1.227,5663.0,5626.0,-1.0,8421.0,0.0,553518.0,5425.0,270657042.0,24.0,2.239,3.466,0.28,345871.0,False
300.0,62e2738034d51eb1ca2518ead10bb1b8.param,2.0,0.0,0.0,14.671,270657042.0,c9f66f467947cacc25bd9283de7f14a7,95194.0,1.0,0.0,4.03,15-41,47079.0,0.0,340206.0,5626.0,1.284,5663.0,5626.0,-1.0,8421.0,0.0,553518.0,5425.0,270657042.0,24.0,2.513,3.7969999999999997,0.28,345871.0,False
300.0,ba49f12ab41d4271c475e4948758589d.param,0.0,0.0,0.0,24.548000000000002,83966730.0,29b6f78d66b825a5e4fd1182027887b3,51023.0,1.0,0.0,3.49,15-41,23134.0,0.0,588599.0,4150.0,2.228,10729.0,4150.0,-1.0,5255.0,0.0,464928.0,10474.0,83966730.0,17.0,0.919,3.147,0.42,599330.0,False
300.0,ba49f12ab41d4271c475e4948758589d.param,1.0,0.0,0.0,25.113000000000003,83966730.0,29b6f78d66b825a5e4fd1182027887b3,51023.0,1.0,0.0,3.5439999999999996,15-41,23134.0,0.0,588599.0,4150.0,2.227,10729.0,4150.0,-1.0,5255.0,0.0,464928.0,10474.0,83966730.0,17.0,0.9670000000000001,3.194,0.42,599330.0,False
300.0,ba49f12ab41d4271c475e4948758589d.param,2.0,0.0,0.0,24.439,83966730.0,29b6f78d66b825a5e4fd1182027887b3,51023.0,1.0,0.0,3.449,15-41,23134.0,0.0,588599.0,4150.0,2.195,10729.0,4150.0,-1.0,5255.0,0.0,464928.0,10474.0,83966730.0,17.0,0.909,3.1039999999999996,0.42,599330.0,False
300.0,4fb489f83300339f94af01b969c1f325.param,0.0,0.0,0.0,57.022,1098776393.0,ef6d5edd70cd5792bd6aa78737f67d56,777972.0,1.0,0.0,28.971999999999998,15-41,629012.0,0.0,1351542.0,11200.0,5.109,17303.0,11200.0,-1.0,19395.0,0.0,2038011.0,16950.0,1098776393.0,40.0,22.843000000000004,27.951999999999998,0.63,1368847.0,False
300.0,4fb489f83300339f94af01b969c1f325.param,1.0,0.0,0.0,55.026,1098776393.0,ef6d5edd70cd5792bd6aa78737f67d56,777972.0,1.0,0.0,28.873,15-41,629012.0,0.0,1351542.0,11200.0,5.207999999999998,17303.0,11200.0,-1.0,19395.0,0.0,2038011.0,16950.0,1098776393.0,40.0,22.88,28.088,0.63,1368847.0,False
300.0,4fb489f83300339f94af01b969c1f325.param,2.0,0.0,0.0,57.78100000000001,1098776393.0,ef6d5edd70cd5792bd6aa78737f67d56,777972.0,1.0,0.0,27.588,15-41,629012.0,0.0,1351542.0,11200.0,5.14,17303.0,11200.0,-1.0,19395.0,0.0,2038011.0,16950.0,1098776393.0,40.0,21.732,26.872,0.63,1368847.0,False
300.0,c1fde8776f334c859cdb281cb0bed488.param,0.0,0.0,0.0,13.562000000000001,506016928.0,2fbc3b8e73d183a24e7344601a792557,82947.0,1.0,0.0,3.503,15-41,43227.0,0.0,315205.0,4178.0,1.157,5747.0,4178.0,-1.0,10260.0,0.0,403788.0,5481.0,506016928.0,17.0,2.134,3.2910000000000004,0.42,320954.0,False
300.0,c1fde8776f334c859cdb281cb0bed488.param,1.0,0.0,0.0,13.970999999999998,506016928.0,2fbc3b8e73d183a24e7344601a792557,82947.0,1.0,0.0,3.583,15-41,43227.0,0.0,315205.0,4178.0,1.23,5747.0,4178.0,-1.0,10260.0,0.0,403788.0,5481.0,506016928.0,17.0,2.137,3.367,0.42,320954.0,False
300.0,c1fde8776f334c859cdb281cb0bed488.param,2.0,0.0,0.0,14.247,506016928.0,2fbc3b8e73d183a24e7344601a792557,82947.0,1.0,0.0,3.486,15-41,43227.0,0.0,315205.0,4178.0,1.1540000000000001,5747.0,4178.0,-1.0,10260.0,0.0,403788.0,5481.0,506016928.0,17.0,2.128,3.282,0.42,320954.0,False
300.0,f2209196093db16c0e1ccffc86fe7af3.param,0.0,0.0,0.0,47.621,1242281828.0,3b4d937dfa959f41ad8ad470800b3e79,62453.0,1.0,0.0,9.166,15-41,13788.0,0.0,1192302.0,4696.0,4.501,20875.0,4696.0,-1.0,10546.0,0.0,979988.0,20588.0,1242281828.0,20.0,4.038,8.539,0.94,1213179.0,False
300.0,f2209196093db16c0e1ccffc86fe7af3.param,1.0,0.0,0.0,49.02,1242281828.0,3b4d937dfa959f41ad8ad470800b3e79,62453.0,1.0,0.0,10.274000000000001,15-41,13788.0,0.0,1192302.0,4696.0,4.7219999999999995,20875.0,4696.0,-1.0,10546.0,0.0,979988.0,20588.0,1242281828.0,20.0,4.874,9.596,0.94,1213179.0,False
300.0,f2209196093db16c0e1ccffc86fe7af3.param,2.0,0.0,0.0,49.053999999999995,1242281828.0,3b4d937dfa959f41ad8ad470800b3e79,62453.0,1.0,0.0,9.304,15-41,13788.0,0.0,1192302.0,4696.0,4.593,20875.0,4696.0,-1.0,10546.0,0.0,979988.0,20588.0,1242281828.0,20.0,4.074,8.667,0.94,1213179.0,False
300.0,37f39e77e4ab35860e338849791d985b.param,0.0,0.0,0.0,58.867,1057470620.0,fe5463fa8e0ecd43cd66e44180af21a0,2711022.0,1.0,0.0,72.112,15-41,2357463.0,0.0,1468719.0,11251.0,5.69,18621.0,11251.0,-1.0,37744.0,0.0,4858831.0,18220.0,1057470620.0,40.0,65.333,71.023,1.41,1487342.0,False
300.0,37f39e77e4ab35860e338849791d985b.param,1.0,0.0,0.0,56.032,1057470620.0,fe5463fa8e0ecd43cd66e44180af21a0,2711022.0,1.0,0.0,70.53699999999998,15-41,2357463.0,0.0,1468719.0,11251.0,5.5729999999999995,18621.0,11251.0,-1.0,37744.0,0.0,4858831.0,18220.0,1057470620.0,40.0,64.171,69.744,1.41,1487342.0,False
300.0,37f39e77e4ab35860e338849791d985b.param,2.0,0.0,0.0,57.865,1057470620.0,fe5463fa8e0ecd43cd66e44180af21a0,2711022.0,1.0,0.0,72.28699999999998,15-41,2357463.0,0.0,1468719.0,11251.0,5.704,18621.0,11251.0,-1.0,37744.0,0.0,4858831.0,18220.0,1057470620.0,40.0,65.49600000000001,71.2,1.41,1487342.0,False
300.0,10049dd55bf99f7dbc88dc007745262f.param,0.0,0.0,0.0,11.324000000000002,254168822.0,ff8e900ce3c85227fd76be62a72b5e16,63337.0,1.0,0.0,2.6689999999999996,15-41,11986.0,0.0,255506.0,6200.0,0.925,3913.0,6200.0,-1.0,7651.0,0.0,553420.0,3661.0,254168822.0,28.0,1.574,2.499,0.28,259421.0,False
300.0,10049dd55bf99f7dbc88dc007745262f.param,1.0,0.0,0.0,11.695,254168822.0,ff8e900ce3c85227fd76be62a72b5e16,63337.0,1.0,0.0,3.0060000000000002,15-41,11986.0,0.0,255506.0,6200.0,1.094,3913.0,6200.0,-1.0,7651.0,0.0,553420.0,3661.0,254168822.0,28.0,1.683,2.7769999999999997,0.28,259421.0,False
300.0,10049dd55bf99f7dbc88dc007745262f.param,2.0,0.0,0.0,11.922,254168822.0,ff8e900ce3c85227fd76be62a72b5e16,63337.0,1.0,0.0,2.682,15-41,11986.0,0.0,255506.0,6200.0,0.9359999999999999,3913.0,6200.0,-1.0,7651.0,0.0,553420.0,3661.0,254168822.0,28.0,1.584,2.52,0.28,259421.0,False
300.0,f019c54ca541e1449e1424c6aa46d35e.param,0.0,0.0,0.0,5.862,95956545.0,38b51f7e1f8f0c9c8195b80cc37dda63,731487.0,1.0,0.0,7.68,15-45,679238.0,0.0,116039.0,10201.0,0.424,1558.0,10201.0,-1.0,6063.0,0.0,1314085.0,1168.0,95956545.0,36.0,7.155,7.579,0.42,117599.0,False
300.0,f019c54ca541e1449e1424c6aa46d35e.param,1.0,0.0,0.0,5.502999999999999,95956545.0,38b51f7e1f8f0c9c8195b80cc37dda63,731487.0,1.0,0.0,8.145,15-45,679238.0,0.0,116039.0,10201.0,0.42100000000000004,1558.0,10201.0,-1.0,6063.0,0.0,1314085.0,1168.0,95956545.0,36.0,7.603,8.024,0.42,117599.0,False
300.0,f019c54ca541e1449e1424c6aa46d35e.param,2.0,0.0,0.0,5.82,95956545.0,38b51f7e1f8f0c9c8195b80cc37dda63,731487.0,1.0,0.0,7.415,15-45,679238.0,0.0,116039.0,10201.0,0.409,1558.0,10201.0,-1.0,6063.0,0.0,1314085.0,1168.0,95956545.0,36.0,6.912000000000001,7.3210000000000015,0.42,117599.0,False
300.0,222abd76a7db47e3d5cbf580e108b101.param,0.0,0.0,0.0,53.342,1802391418.0,4cd0219343e6ff4d3932381ef4a3915b,84592.0,1.0,0.0,11.01,15-41,20831.0,0.0,1326845.0,6276.0,5.265,20069.0,6276.0,-1.0,10215.0,0.0,1118564.0,19756.0,1802391418.0,28.0,4.773,10.038,0.94,1346916.0,False
300.0,222abd76a7db47e3d5cbf580e108b101.param,1.0,0.0,0.0,55.111999999999995,1802391418.0,4cd0219343e6ff4d3932381ef4a3915b,84592.0,1.0,0.0,9.758,15-41,20831.0,0.0,1326845.0,6276.0,5.075,20069.0,6276.0,-1.0,10215.0,0.0,1118564.0,19756.0,1802391418.0,28.0,3.906,8.981,0.94,1346916.0,False
300.0,222abd76a7db47e3d5cbf580e108b101.param,2.0,0.0,0.0,54.431999999999995,1802391418.0,4cd0219343e6ff4d3932381ef4a3915b,84592.0,1.0,0.0,9.794,15-41,20831.0,0.0,1326845.0,6276.0,5.07,20069.0,6276.0,-1.0,10215.0,0.0,1118564.0,19756.0,1802391418.0,28.0,4.001,9.071,0.94,1346916.0,False
300.0,94211d2a9b412d1df1f93eb8fa322afa.param,0.0,0.0,0.0,14.097000000000001,270657042.0,4a59d162f7add408657dfa64aa70c018,362912.0,1.0,0.0,3.5589999999999997,15-45,329412.0,0.0,302312.0,4601.0,1.103,4405.0,4601.0,-1.0,9997.0,0.0,1022251.0,4111.0,270657042.0,20.0,2.26,3.363,0.42,306719.0,False
300.0,94211d2a9b412d1df1f93eb8fa322afa.param,1.0,0.0,0.0,13.4,270657042.0,4a59d162f7add408657dfa64aa70c018,362912.0,1.0,0.0,3.6,15-45,329412.0,0.0,302312.0,4601.0,1.109,4405.0,4601.0,-1.0,9997.0,0.0,1022251.0,4111.0,270657042.0,20.0,2.291,3.4,0.42,306719.0,False
300.0,94211d2a9b412d1df1f93eb8fa322afa.param,2.0,0.0,0.0,14.627,270657042.0,4a59d162f7add408657dfa64aa70c018,362912.0,1.0,0.0,3.705,15-45,329412.0,0.0,302312.0,4601.0,1.208,4405.0,4601.0,-1.0,9997.0,0.0,1022251.0,4111.0,270657042.0,20.0,2.299,3.5069999999999997,0.42,306719.0,False
300.0,fc2d899db36a3003ebbcd92cad9223b0.param,0.0,0.0,0.0,26.247,1923385776.0,6a48402c2f80ad2ac13eb7935e5a7030,57064.0,1.0,0.0,5.2829999999999995,15-41,19679.0,0.0,622207.0,4604.0,2.635,9205.0,4604.0,-1.0,7191.0,0.0,767898.0,8918.0,1923385776.0,20.0,2.251,4.886,0.42,631414.0,False
300.0,fc2d899db36a3003ebbcd92cad9223b0.param,1.0,0.0,0.0,25.166,1923385776.0,6a48402c2f80ad2ac13eb7935e5a7030,57064.0,1.0,0.0,4.96,15-41,19679.0,0.0,622207.0,4604.0,2.358,9205.0,4604.0,-1.0,7191.0,0.0,767898.0,8918.0,1923385776.0,20.0,2.233,4.591,0.42,631414.0,False
300.0,fc2d899db36a3003ebbcd92cad9223b0.param,2.0,0.0,0.0,26.079,1923385776.0,6a48402c2f80ad2ac13eb7935e5a7030,57064.0,1.0,0.0,4.794,15-41,19679.0,0.0,622207.0,4604.0,2.299,9205.0,4604.0,-1.0,7191.0,0.0,767898.0,8918.0,1923385776.0,20.0,2.133,4.4319999999999995,0.42,631414.0,False
300.0,f0b6a6311818b4dd8f5227b40762bd4a.param,0.0,0.0,0.0,34.537,1057470620.0,bc62cac43e4f8aedadc87f0d45511309,59214.0,1.0,0.0,6.235,15-41,12427.0,0.0,796254.0,4731.0,3.284,13579.0,4731.0,-1.0,9443.0,0.0,921026.0,13224.0,1057470620.0,21.0,2.431,5.715,0.63,809835.0,False
300.0,f0b6a6311818b4dd8f5227b40762bd4a.param,1.0,0.0,0.0,34.169000000000004,1057470620.0,bc62cac43e4f8aedadc87f0d45511309,59214.0,1.0,0.0,5.645,15-41,12427.0,0.0,796254.0,4731.0,2.975,13579.0,4731.0,-1.0,9443.0,0.0,921026.0,13224.0,1057470620.0,21.0,2.23,5.205,0.63,809835.0,False
300.0,f0b6a6311818b4dd8f5227b40762bd4a.param,2.0,0.0,0.0,33.036,1057470620.0,bc62cac43e4f8aedadc87f0d45511309,59214.0,1.0,0.0,5.64,15-41,12427.0,0.0,796254.0,4731.0,2.998,13579.0,4731.0,-1.0,9443.0,0.0,921026.0,13224.0,1057470620.0,21.0,2.1919999999999997,5.19,0.63,809835.0,False
300.0,d0bc402d6d4e2f421314981899e705da.param,0.0,0.0,0.0,60.793,1057470620.0,41d5ee8ca2acef5b0b2a29c9fb5e25b3,121922.0,1.0,0.0,11.603,15-41,46073.0,0.0,1488487.0,6367.0,5.684,21301.0,6367.0,-1.0,16951.0,0.0,896998.0,20936.0,1057470620.0,29.0,5.104,10.788,0.94,1509790.0,False
300.0,d0bc402d6d4e2f421314981899e705da.param,1.0,0.0,0.0,61.4,1057470620.0,41d5ee8ca2acef5b0b2a29c9fb5e25b3,121922.0,1.0,0.0,12.273,15-41,46073.0,0.0,1488487.0,6367.0,5.785,21301.0,6367.0,-1.0,16951.0,0.0,896998.0,20936.0,1057470620.0,29.0,5.399,11.184000000000001,0.94,1509790.0,False
300.0,d0bc402d6d4e2f421314981899e705da.param,2.0,0.0,0.0,62.35,1057470620.0,41d5ee8ca2acef5b0b2a29c9fb5e25b3,121922.0,1.0,0.0,12.03,15-41,46073.0,0.0,1488487.0,6367.0,5.706,21301.0,6367.0,-1.0,16951.0,0.0,896998.0,20936.0,1057470620.0,29.0,5.242999999999999,10.949000000000002,0.94,1509790.0,False
300.0,8fafcc4984fc93de8a9182509b2a0a65.param,0.0,0.0,0.0,64.685,1057470620.0,918bf893d1c41e18d7f9f1b67d656ebd,2947543.0,1.0,0.0,71.22800000000002,15-41,2616086.0,0.0,1678202.0,11341.0,6.752999999999999,21075.0,11341.0,-1.0,34867.0,0.0,3514534.0,20653.0,1057470620.0,41.0,63.405,70.158,0.94,1699279.0,False
300.0,8fafcc4984fc93de8a9182509b2a0a65.param,1.0,0.0,0.0,64.133,1057470620.0,918bf893d1c41e18d7f9f1b67d656ebd,2947543.0,1.0,0.0,71.242,15-41,2616086.0,0.0,1678202.0,11341.0,6.7070000000000025,21075.0,11341.0,-1.0,34867.0,0.0,3514534.0,20653.0,1057470620.0,41.0,63.57100000000001,70.278,0.94,1699279.0,False
300.0,8fafcc4984fc93de8a9182509b2a0a65.param,2.0,0.0,0.0,66.904,1057470620.0,918bf893d1c41e18d7f9f1b67d656ebd,2947543.0,1.0,0.0,72.181,15-41,2616086.0,0.0,1678202.0,11341.0,6.645,21075.0,11341.0,-1.0,34867.0,0.0,3514534.0,20653.0,1057470620.0,41.0,64.592,71.237,0.94,1699279.0,False
300.0,d62c2a52625c21dd4bc4370bcd02db43.param,0.0,0.0,0.0,45.669,554543104.0,adf23caad1f4f9075279e839ea567c2b,72898.0,1.0,0.0,9.067,15-41,13149.0,0.0,1129820.0,11297.0,4.605,14329.0,11297.0,-1.0,7030.0,0.0,1033466.0,13999.0,554543104.0,40.0,3.668,8.273,0.63,1144151.0,False
300.0,d62c2a52625c21dd4bc4370bcd02db43.param,1.0,0.0,0.0,43.71100000000001,554543104.0,adf23caad1f4f9075279e839ea567c2b,72898.0,1.0,0.0,8.463,15-41,13149.0,0.0,1129820.0,11297.0,4.331,14329.0,11297.0,-1.0,7030.0,0.0,1033466.0,13999.0,554543104.0,40.0,3.5210000000000004,7.852,0.63,1144151.0,False
300.0,d62c2a52625c21dd4bc4370bcd02db43.param,2.0,0.0,0.0,44.431999999999995,554543104.0,adf23caad1f4f9075279e839ea567c2b,72898.0,1.0,0.0,8.45,15-41,13149.0,0.0,1129820.0,11297.0,4.298,14329.0,11297.0,-1.0,7030.0,0.0,1033466.0,13999.0,554543104.0,40.0,3.471,7.769,0.63,1144151.0,False
300.0,867c000858982af2c7444466a304af04.param,0.0,0.0,0.0,48.995,1057470620.0,2b0706b11ec99b2799a70406695dd36f,228261.0,1.0,0.0,16.335,15-41,121756.0,0.0,1255508.0,4795.0,4.761,20875.0,4795.0,-1.0,16227.0,0.0,1330756.0,20511.0,1057470620.0,21.0,10.663,15.424000000000001,0.63,1276385.0,False
300.0,867c000858982af2c7444466a304af04.param,1.0,0.0,0.0,53.648,1057470620.0,2b0706b11ec99b2799a70406695dd36f,228261.0,1.0,0.0,17.160999999999998,15-41,121756.0,0.0,1255508.0,4795.0,4.904,20875.0,4795.0,-1.0,16227.0,0.0,1330756.0,20511.0,1057470620.0,21.0,11.354000000000001,16.258,0.63,1276385.0,False
300.0,867c000858982af2c7444466a304af04.param,2.0,0.0,0.0,49.434,1057470620.0,2b0706b11ec99b2799a70406695dd36f,228261.0,1.0,0.0,16.781,15-41,121756.0,0.0,1255508.0,4795.0,4.848,20875.0,4795.0,-1.0,16227.0,0.0,1330756.0,20511.0,1057470620.0,21.0,11.01,15.857999999999999,0.63,1276385.0,False
300.0,d52ad8a9dee13cb147c0b0d6d29d8a1a.param,0.0,0.0,0.0,16.703,1257636424.0,5109f06f557cfe4e92816bc6f5fa704a,211083.0,1.0,0.0,4.024,15-45,178938.0,0.0,351392.0,5714.0,1.3090000000000002,5173.0,5714.0,-1.0,6714.0,0.0,792168.0,4831.0,1257636424.0,25.0,2.488,3.7969999999999997,0.94,356567.0,False
300.0,d52ad8a9dee13cb147c0b0d6d29d8a1a.param,1.0,0.0,0.0,15.543,1257636424.0,5109f06f557cfe4e92816bc6f5fa704a,211083.0,1.0,0.0,4.005,15-45,178938.0,0.0,351392.0,5714.0,1.3330000000000002,5173.0,5714.0,-1.0,6714.0,0.0,792168.0,4831.0,1257636424.0,25.0,2.441,3.7739999999999996,0.94,356567.0,False
300.0,d52ad8a9dee13cb147c0b0d6d29d8a1a.param,2.0,0.0,0.0,15.824000000000002,1257636424.0,5109f06f557cfe4e92816bc6f5fa704a,211083.0,1.0,0.0,4.0280000000000005,15-45,178938.0,0.0,351392.0,5714.0,1.287,5173.0,5714.0,-1.0,6714.0,0.0,792168.0,4831.0,1257636424.0,25.0,2.5140000000000002,3.801,0.94,356567.0,False
300.0,a2bb37bd1970b7fe11a8b59cb1f3a6f3.param,0.0,0.0,0.0,36.515,1139903203.0,989b257dc7fba188a83c2faa660438f1,712185.0,1.0,0.0,14.231,15-45,625795.0,0.0,907724.0,10202.0,3.577,11688.0,10202.0,-1.0,18491.0,0.0,1760324.0,11333.0,1139903203.0,36.0,9.971,13.548,1.41,919414.0,False
300.0,a2bb37bd1970b7fe11a8b59cb1f3a6f3.param,1.0,0.0,0.0,37.917,1139903203.0,989b257dc7fba188a83c2faa660438f1,712185.0,1.0,0.0,14.152999999999999,15-45,625795.0,0.0,907724.0,10202.0,3.4739999999999998,11688.0,10202.0,-1.0,18491.0,0.0,1760324.0,11333.0,1139903203.0,36.0,10.128,13.602,1.41,919414.0,False
300.0,a2bb37bd1970b7fe11a8b59cb1f3a6f3.param,2.0,0.0,0.0,35.501,1139903203.0,989b257dc7fba188a83c2faa660438f1,712185.0,1.0,0.0,14.606,15-45,625795.0,0.0,907724.0,10202.0,3.5189999999999997,11688.0,10202.0,-1.0,18491.0,0.0,1760324.0,11333.0,1139903203.0,36.0,10.363,13.882,1.41,919414.0,False
300.0,b6b46bc646920ea1298e9f12b19fab10.param,0.0,0.0,0.0,46.536,254168822.0,2e630ea7d5b0f7fc2891c0a5d41252aa,64977.0,1.0,0.0,6.638,15-41,24179.0,0.0,1193234.0,5788.0,4.538,18257.0,5788.0,-1.0,8992.0,0.0,695874.0,17961.0,254168822.0,25.0,1.47,6.007999999999999,0.63,1211493.0,False
300.0,b6b46bc646920ea1298e9f12b19fab10.param,1.0,0.0,0.0,50.63399999999999,254168822.0,2e630ea7d5b0f7fc2891c0a5d41252aa,64977.0,1.0,0.0,6.9670000000000005,15-41,24179.0,0.0,1193234.0,5788.0,4.627,18257.0,5788.0,-1.0,8992.0,0.0,695874.0,17961.0,254168822.0,25.0,1.66,6.287000000000001,0.63,1211493.0,False
300.0,b6b46bc646920ea1298e9f12b19fab10.param,2.0,0.0,0.0,48.955,254168822.0,2e630ea7d5b0f7fc2891c0a5d41252aa,64977.0,1.0,0.0,7.1770000000000005,15-41,24179.0,0.0,1193234.0,5788.0,4.63,18257.0,5788.0,-1.0,8992.0,0.0,695874.0,17961.0,254168822.0,25.0,1.683,6.313,0.63,1211493.0,False
300.0,44fed91bbf02c3af539328e6662bf914.param,0.0,0.0,0.0,50.632,95956545.0,8ab6aca32ef3429b02645a6ae67dcca5,169938.0,1.0,0.0,13.327,15-41,92110.0,0.0,1169315.0,5789.0,4.671,17681.0,5789.0,-1.0,12500.0,0.0,1308237.0,17314.0,95956545.0,25.0,8.017999999999999,12.689,0.63,1186998.0,False
300.0,44fed91bbf02c3af539328e6662bf914.param,1.0,0.0,0.0,49.13800000000001,95956545.0,8ab6aca32ef3429b02645a6ae67dcca5,169938.0,1.0,0.0,13.46,15-41,92110.0,0.0,1169315.0,5789.0,4.584,17681.0,5789.0,-1.0,12500.0,0.0,1308237.0,17314.0,95956545.0,25.0,8.218,12.802,0.63,1186998.0,False
300.0,44fed91bbf02c3af539328e6662bf914.param,2.0,0.0,0.0,48.543,95956545.0,8ab6aca32ef3429b02645a6ae67dcca5,169938.0,1.0,0.0,13.095,15-41,92110.0,0.0,1169315.0,5789.0,4.466,17681.0,5789.0,-1.0,12500.0,0.0,1308237.0,17314.0,95956545.0,25.0,8.01,12.475999999999999,0.63,1186998.0,False
300.0,8b3ad6188dc92a4335827c8e01628c0f.param,0.0,0.0,0.0,33.542,182366586.0,c25a8582533bfa5aa902eed65babfdb1,231681.0,1.0,0.0,6.001,15-45,177554.0,0.0,823802.0,4668.0,3.093,14161.0,4668.0,-1.0,13948.0,0.0,915453.0,13849.0,182366586.0,20.0,2.408,5.501,0.94,837965.0,False
300.0,8b3ad6188dc92a4335827c8e01628c0f.param,1.0,0.0,0.0,33.711999999999996,182366586.0,c25a8582533bfa5aa902eed65babfdb1,231681.0,1.0,0.0,5.9879999999999995,15-45,177554.0,0.0,823802.0,4668.0,3.1260000000000003,14161.0,4668.0,-1.0,13948.0,0.0,915453.0,13849.0,182366586.0,20.0,2.399,5.525,0.94,837965.0,False
300.0,8b3ad6188dc92a4335827c8e01628c0f.param,2.0,0.0,0.0,34.742,182366586.0,c25a8582533bfa5aa902eed65babfdb1,231681.0,1.0,0.0,5.869,15-45,177554.0,0.0,823802.0,4668.0,3.053,14161.0,4668.0,-1.0,13948.0,0.0,915453.0,13849.0,182366586.0,20.0,2.363,5.416,0.94,837965.0,False
300.0,85b90a483e5d2ab64757532083d99628.param,0.0,0.0,0.0,63.231,1083416308.0,0860306895d55659968aa9374af2cc74,238090.0,1.0,0.0,28.615,15-41,66774.0,0.0,1591458.0,9771.0,6.15,21841.0,9771.0,-1.0,20885.0,0.0,1317616.0,21497.0,1083416308.0,33.0,21.319000000000006,27.469,0.94,1613301.0,False
300.0,85b90a483e5d2ab64757532083d99628.param,1.0,0.0,0.0,61.59,1083416308.0,0860306895d55659968aa9374af2cc74,238090.0,1.0,0.0,29.525,15-41,66774.0,0.0,1591458.0,9771.0,6.221,21841.0,9771.0,-1.0,20885.0,0.0,1317616.0,21497.0,1083416308.0,33.0,22.093000000000004,28.314,0.94,1613301.0,False
300.0,85b90a483e5d2ab64757532083d99628.param,2.0,0.0,0.0,64.72800000000001,1083416308.0,0860306895d55659968aa9374af2cc74,238090.0,1.0,0.0,30.199,15-41,66774.0,0.0,1591458.0,9771.0,6.365,21841.0,9771.0,-1.0,20885.0,0.0,1317616.0,21497.0,1083416308.0,33.0,22.659000000000002,29.024,0.94,1613301.0,False
300.0,5fef6050cdd12ec4963b342a00b8769f.param,0.0,0.0,0.0,51.152,335975281.0,3dc3d191f13f0e488a712ba8c2351297,169585.0,1.0,0.0,7.622000000000001,15-45,121652.0,0.0,1296150.0,5610.0,4.961,18669.0,5610.0,-1.0,9263.0,0.0,992519.0,18301.0,335975281.0,24.0,1.94,6.901,4.75,1314821.0,False
300.0,5fef6050cdd12ec4963b342a00b8769f.param,1.0,0.0,0.0,54.881,335975281.0,3dc3d191f13f0e488a712ba8c2351297,169585.0,1.0,0.0,7.647,15-45,121652.0,0.0,1296150.0,5610.0,4.948,18669.0,5610.0,-1.0,9263.0,0.0,992519.0,18301.0,335975281.0,24.0,1.986,6.934,4.75,1314821.0,False
300.0,5fef6050cdd12ec4963b342a00b8769f.param,2.0,0.0,0.0,50.283,335975281.0,3dc3d191f13f0e488a712ba8c2351297,169585.0,1.0,0.0,8.228,15-45,121652.0,0.0,1296150.0,5610.0,5.066,18669.0,5610.0,-1.0,9263.0,0.0,992519.0,18301.0,335975281.0,24.0,2.224,7.29,4.75,1314821.0,False
300.0,fece5a92f820b73659733b9639b82885.param,0.0,0.0,0.0,16.85,1242281828.0,5c113cf11bbeaa57743367df6c449d29,1378172.0,1.0,0.0,13.468,15-45,1295529.0,0.0,403424.0,9767.0,1.551,5511.0,9767.0,-1.0,13626.0,0.0,3831503.0,5083.0,1242281828.0,33.0,11.652999999999999,13.204,0.94,408937.0,False
300.0,fece5a92f820b73659733b9639b82885.param,1.0,0.0,0.0,18.357,1242281828.0,5c113cf11bbeaa57743367df6c449d29,1378172.0,1.0,0.0,14.012,15-45,1295529.0,0.0,403424.0,9767.0,1.4709999999999999,5511.0,9767.0,-1.0,13626.0,0.0,3831503.0,5083.0,1242281828.0,33.0,12.199000000000002,13.67,0.94,408937.0,False
300.0,fece5a92f820b73659733b9639b82885.param,2.0,0.0,0.0,18.534000000000002,1242281828.0,5c113cf11bbeaa57743367df6c449d29,1378172.0,1.0,0.0,12.76,15-45,1295529.0,0.0,403424.0,9767.0,1.5019999999999998,5511.0,9767.0,-1.0,13626.0,0.0,3831503.0,5083.0,1242281828.0,33.0,11.015,12.517000000000001,0.94,408937.0,False
300.0,f77193d98d97a8df35aba3d3d50b907e.param,0.0,0.0,0.0,34.571,646920589.0,6bf712e894c02eb006f6766b8348a58f,614780.0,1.0,0.0,6.952000000000001,15-45,554379.0,0.0,824144.0,5637.0,3.187,12840.0,5637.0,-1.0,18245.0,0.0,1552187.0,12511.0,646920589.0,24.0,3.2889999999999997,6.476,1.41,836986.0,False
300.0,f77193d98d97a8df35aba3d3d50b907e.param,1.0,0.0,0.0,32.542,646920589.0,6bf712e894c02eb006f6766b8348a58f,614780.0,1.0,0.0,6.916,15-45,554379.0,0.0,824144.0,5637.0,3.074,12840.0,5637.0,-1.0,18245.0,0.0,1552187.0,12511.0,646920589.0,24.0,3.358,6.432,1.41,836986.0,False
300.0,f77193d98d97a8df35aba3d3d50b907e.param,2.0,0.0,0.0,33.602,646920589.0,6bf712e894c02eb006f6766b8348a58f,614780.0,1.0,0.0,6.676,15-45,554379.0,0.0,824144.0,5637.0,3.0610000000000004,12840.0,5637.0,-1.0,18245.0,0.0,1552187.0,12511.0,646920589.0,24.0,3.153,6.2139999999999995,1.41,836986.0,False
300.0,b24ff19d000a151b6659a6c65e6c35c6.param,0.0,0.0,0.0,39.501,590654055.0,0b4f55f902e587038b86bfdc0715b533,944636.0,1.0,0.0,21.965,15-45,807731.0,0.0,938427.0,10201.0,3.594,12559.0,10201.0,-1.0,27009.0,0.0,2150668.0,12150.0,590654055.0,36.0,17.644000000000005,21.238000000000003,1.41,950988.0,False
300.0,b24ff19d000a151b6659a6c65e6c35c6.param,1.0,0.0,0.0,41.022,590654055.0,0b4f55f902e587038b86bfdc0715b533,944636.0,1.0,0.0,20.872,15-45,807731.0,0.0,938427.0,10201.0,3.64,12559.0,10201.0,-1.0,27009.0,0.0,2150668.0,12150.0,590654055.0,36.0,16.725,20.365,1.41,950988.0,False
300.0,b24ff19d000a151b6659a6c65e6c35c6.param,2.0,0.0,0.0,36.518,590654055.0,0b4f55f902e587038b86bfdc0715b533,944636.0,1.0,0.0,20.965,15-45,807731.0,0.0,938427.0,10201.0,3.48,12559.0,10201.0,-1.0,27009.0,0.0,2150668.0,12150.0,590654055.0,36.0,16.939,20.419,1.41,950988.0,False
300.0,b7c1926b06d5191f5f23b3654f7eea8a.param,0.0,0.0,0.0,31.855999999999998,1883039101.0,b06944d7f68ea4334e8655fb9480bfe8,123290.0,1.0,0.0,4.45,15-45,101822.0,0.0,744442.0,4027.0,2.819,14260.0,4027.0,-1.0,10248.0,0.0,579779.0,13949.0,1883039101.0,16.0,1.204,4.023,0.63,758704.0,False
300.0,b7c1926b06d5191f5f23b3654f7eea8a.param,1.0,0.0,0.0,31.073,1883039101.0,b06944d7f68ea4334e8655fb9480bfe8,123290.0,1.0,0.0,4.427,15-45,101822.0,0.0,744442.0,4027.0,2.815,14260.0,4027.0,-1.0,10248.0,0.0,579779.0,13949.0,1883039101.0,16.0,1.183,3.998,0.63,758704.0,False
300.0,b7c1926b06d5191f5f23b3654f7eea8a.param,2.0,0.0,0.0,29.4,1883039101.0,b06944d7f68ea4334e8655fb9480bfe8,123290.0,1.0,0.0,4.399,15-45,101822.0,0.0,744442.0,4027.0,2.7510000000000003,14260.0,4027.0,-1.0,10248.0,0.0,579779.0,13949.0,1883039101.0,16.0,1.202,3.9530000000000003,0.63,758704.0,False
300.0,a41351309b1ab4b5310538c23b8dec0e.param,0.0,0.0,0.0,66.404,1234135464.0,5336318eddb47be13de9bfe72ee3763b,197627.0,1.0,0.0,9.709,15-45,138737.0,0.0,1571144.0,5687.0,6.022,21457.0,5687.0,-1.0,13833.0,0.0,1137425.0,21031.0,1234135464.0,24.0,2.7960000000000003,8.818,0.94,1592603.0,False
300.0,a41351309b1ab4b5310538c23b8dec0e.param,1.0,0.0,0.0,61.463,1234135464.0,5336318eddb47be13de9bfe72ee3763b,197627.0,1.0,0.0,9.637,15-45,138737.0,0.0,1571144.0,5687.0,5.9570000000000025,21457.0,5687.0,-1.0,13833.0,0.0,1137425.0,21031.0,1234135464.0,24.0,2.8160000000000003,8.773,0.94,1592603.0,False
300.0,a41351309b1ab4b5310538c23b8dec0e.param,2.0,0.0,0.0,64.676,1234135464.0,5336318eddb47be13de9bfe72ee3763b,197627.0,1.0,0.0,10.025,15-45,138737.0,0.0,1571144.0,5687.0,6.1339999999999995,21457.0,5687.0,-1.0,13833.0,0.0,1137425.0,21031.0,1234135464.0,24.0,2.917,9.051,0.94,1592603.0,False
300.0,e5fa51f4b48f9d73b966b1eb0389e73c.param,0.0,0.0,0.0,94.416,2136253402.0,355f5d3fe217b27321d8c79186db4ac7,139921.0,1.0,0.0,17.848,15-41,50208.0,0.0,2259656.0,9776.0,8.939,28381.0,9776.0,-1.0,14553.0,0.0,2026782.0,27997.0,2136253402.0,33.0,7.706,16.645,0.94,2288039.0,False
300.0,e5fa51f4b48f9d73b966b1eb0389e73c.param,1.0,0.0,0.0,91.745,2136253402.0,355f5d3fe217b27321d8c79186db4ac7,139921.0,1.0,0.0,17.622,15-41,50208.0,0.0,2259656.0,9776.0,8.785,28381.0,9776.0,-1.0,14553.0,0.0,2026782.0,27997.0,2136253402.0,33.0,7.6629999999999985,16.448,0.94,2288039.0,False
300.0,e5fa51f4b48f9d73b966b1eb0389e73c.param,2.0,0.0,0.0,93.928,2136253402.0,355f5d3fe217b27321d8c79186db4ac7,139921.0,1.0,0.0,19.433,15-41,50208.0,0.0,2259656.0,9776.0,8.898,28381.0,9776.0,-1.0,14553.0,0.0,2026782.0,27997.0,2136253402.0,33.0,8.968,17.866,0.94,2288039.0,False
300.0,3202e56149cbd27d0de3bdbd879f81e3.param,0.0,0.0,0.0,13.924000000000001,83966730.0,e6e149de5136f1a61c75e3a804101a5b,79062.0,1.0,0.0,2.381,15-45,57910.0,0.0,323560.0,4145.0,1.175,5105.0,4145.0,-1.0,5100.0,0.0,412817.0,4839.0,83966730.0,17.0,0.943,2.1180000000000003,0.94,328667.0,False
300.0,3202e56149cbd27d0de3bdbd879f81e3.param,1.0,0.0,0.0,13.616,83966730.0,e6e149de5136f1a61c75e3a804101a5b,79062.0,1.0,0.0,2.355,15-45,57910.0,0.0,323560.0,4145.0,1.185,5105.0,4145.0,-1.0,5100.0,0.0,412817.0,4839.0,83966730.0,17.0,0.9570000000000001,2.142,0.94,328667.0,False
300.0,3202e56149cbd27d0de3bdbd879f81e3.param,2.0,0.0,0.0,15.465,83966730.0,e6e149de5136f1a61c75e3a804101a5b,79062.0,1.0,0.0,2.351,15-45,57910.0,0.0,323560.0,4145.0,1.244,5105.0,4145.0,-1.0,5100.0,0.0,412817.0,4839.0,83966730.0,17.0,0.912,2.156,0.94,328667.0,False
300.0,f96e501784f98c21890b02a2712e89bd.param,0.0,0.0,0.0,47.407,590654055.0,b6b79e8ee628d6fb867791e7fbf377ba,72480.0,1.0,0.0,6.737,15-45,37996.0,0.0,1218461.0,5777.0,4.683,17733.0,5777.0,-1.0,6676.0,0.0,735393.0,17348.0,590654055.0,25.0,1.395,6.077999999999999,0.63,1236196.0,False
300.0,f96e501784f98c21890b02a2712e89bd.param,1.0,0.0,0.0,46.271,590654055.0,b6b79e8ee628d6fb867791e7fbf377ba,72480.0,1.0,0.0,6.6,15-45,37996.0,0.0,1218461.0,5777.0,4.602,17733.0,5777.0,-1.0,6676.0,0.0,735393.0,17348.0,590654055.0,25.0,1.351,5.952999999999999,0.63,1236196.0,False
300.0,f96e501784f98c21890b02a2712e89bd.param,2.0,0.0,0.0,47.669,590654055.0,b6b79e8ee628d6fb867791e7fbf377ba,72480.0,1.0,0.0,6.752999999999999,15-45,37996.0,0.0,1218461.0,5777.0,4.723,17733.0,5777.0,-1.0,6676.0,0.0,735393.0,17348.0,590654055.0,25.0,1.375,6.098,0.63,1236196.0,False
300.0,ff29c8f9c07b239fedaec27dbf4ce49d.param,0.0,0.0,0.0,31.281999999999996,34754393.0,d2eb4a2dabb39fa2bc5debf69d681247,213820.0,1.0,0.0,8.386000000000001,15-45,141983.0,0.0,738961.0,9728.0,2.815,10301.0,9728.0,-1.0,13630.0,0.0,1145651.0,9880.0,34754393.0,33.0,5.043,7.858,0.94,749264.0,False
300.0,ff29c8f9c07b239fedaec27dbf4ce49d.param,1.0,0.0,0.0,29.386,34754393.0,d2eb4a2dabb39fa2bc5debf69d681247,213820.0,1.0,0.0,8.545,15-45,141983.0,0.0,738961.0,9728.0,2.765,10301.0,9728.0,-1.0,13630.0,0.0,1145651.0,9880.0,34754393.0,33.0,5.237,8.002,0.94,749264.0,False
300.0,ff29c8f9c07b239fedaec27dbf4ce49d.param,2.0,0.0,0.0,29.737,34754393.0,d2eb4a2dabb39fa2bc5debf69d681247,213820.0,1.0,0.0,8.004,15-45,141983.0,0.0,738961.0,9728.0,2.761,10301.0,9728.0,-1.0,13630.0,0.0,1145651.0,9880.0,34754393.0,33.0,4.8180000000000005,7.579,0.94,749264.0,False
300.0,411eb8af67a987b6d330a3f7c487347c.param,0.0,0.0,0.0,14.717,1083416308.0,5795d0e98990a24719ce1fb9cb508be5,301120.0,1.0,0.0,3.825,15-45,274306.0,0.0,335798.0,4730.0,1.217,5628.0,4730.0,-1.0,5731.0,0.0,998887.0,5351.0,1083416308.0,21.0,2.373,3.59,0.42,341428.0,False
300.0,411eb8af67a987b6d330a3f7c487347c.param,1.0,0.0,0.0,14.874,1083416308.0,5795d0e98990a24719ce1fb9cb508be5,301120.0,1.0,0.0,3.63,15-45,274306.0,0.0,335798.0,4730.0,1.225,5628.0,4730.0,-1.0,5731.0,0.0,998887.0,5351.0,1083416308.0,21.0,2.197,3.4219999999999997,0.42,341428.0,False
300.0,411eb8af67a987b6d330a3f7c487347c.param,2.0,0.0,0.0,15.73,1083416308.0,5795d0e98990a24719ce1fb9cb508be5,301120.0,1.0,0.0,3.767,15-45,274306.0,0.0,335798.0,4730.0,1.266,5628.0,4730.0,-1.0,5731.0,0.0,998887.0,5351.0,1083416308.0,21.0,2.279,3.545,0.42,341428.0,False
300.0,f8df5f5150968e8beed02c87bc2ab666.param,0.0,0.0,0.0,55.799,1258716603.0,dbf73b2bbb442ca7edbaca837d0dc71d,418217.0,1.0,0.0,8.306000000000001,15-45,395082.0,0.0,1444536.0,4705.0,5.7479999999999976,21267.0,4705.0,-1.0,10559.0,0.0,1020901.0,20891.0,1258716603.0,21.0,1.754,7.5020000000000024,4.75,1465805.0,False
300.0,f8df5f5150968e8beed02c87bc2ab666.param,1.0,0.0,0.0,56.063,1258716603.0,dbf73b2bbb442ca7edbaca837d0dc71d,418217.0,1.0,0.0,7.739,15-45,395082.0,0.0,1444536.0,4705.0,5.42,21267.0,4705.0,-1.0,10559.0,0.0,1020901.0,20891.0,1258716603.0,21.0,1.537,6.9570000000000025,4.75,1465805.0,False
300.0,f8df5f5150968e8beed02c87bc2ab666.param,2.0,0.0,0.0,55.235,1258716603.0,dbf73b2bbb442ca7edbaca837d0dc71d,418217.0,1.0,0.0,7.976,15-45,395082.0,0.0,1444536.0,4705.0,5.5120000000000005,21267.0,4705.0,-1.0,10559.0,0.0,1020901.0,20891.0,1258716603.0,21.0,1.693,7.205,4.75,1465805.0,False
300.0,f48c0154c055dd2d9e427d94e5cc96fd.param,0.0,0.0,0.0,52.367,1098776393.0,aa88c06655c5a684a79c30af4c8e2ba2,103552.0,1.0,0.0,7.291,15-45,78213.0,0.0,1282885.0,5612.0,4.9510000000000005,16360.0,5612.0,-1.0,8732.0,0.0,931052.0,15984.0,1098776393.0,24.0,1.635,6.586,4.75,1299247.0,False
300.0,f48c0154c055dd2d9e427d94e5cc96fd.param,1.0,0.0,0.0,50.339,1098776393.0,aa88c06655c5a684a79c30af4c8e2ba2,103552.0,1.0,0.0,7.2860000000000005,15-45,78213.0,0.0,1282885.0,5612.0,4.896,16360.0,5612.0,-1.0,8732.0,0.0,931052.0,15984.0,1098776393.0,24.0,1.6280000000000001,6.524,4.75,1299247.0,False
300.0,f48c0154c055dd2d9e427d94e5cc96fd.param,2.0,0.0,0.0,49.386,1098776393.0,aa88c06655c5a684a79c30af4c8e2ba2,103552.0,1.0,0.0,7.25,15-45,78213.0,0.0,1282885.0,5612.0,4.915,16360.0,5612.0,-1.0,8732.0,0.0,931052.0,15984.0,1098776393.0,24.0,1.615,6.53,4.75,1299247.0,False
300.0,9847d0c027bbaccb1847a48fd98a95ac.param,0.0,0.0,0.0,25.335,1405409883.0,e340e7aad23a8f1a0f3c2df098b27faf,36122.0,1.0,0.0,3.0180000000000002,15-45,23623.0,0.0,541556.0,4186.0,2.08,7327.0,4186.0,-1.0,3603.0,0.0,460667.0,6991.0,1405409883.0,17.0,0.611,2.6910000000000003,1.41,548885.0,False
300.0,9847d0c027bbaccb1847a48fd98a95ac.param,1.0,0.0,0.0,25.035999999999998,1405409883.0,e340e7aad23a8f1a0f3c2df098b27faf,36122.0,1.0,0.0,2.897,15-45,23623.0,0.0,541556.0,4186.0,1.995,7327.0,4186.0,-1.0,3603.0,0.0,460667.0,6991.0,1405409883.0,17.0,0.588,2.583,1.41,548885.0,False
300.0,9847d0c027bbaccb1847a48fd98a95ac.param,2.0,0.0,0.0,24.59,1405409883.0,e340e7aad23a8f1a0f3c2df098b27faf,36122.0,1.0,0.0,3.037,15-45,23623.0,0.0,541556.0,4186.0,2.128,7327.0,4186.0,-1.0,3603.0,0.0,460667.0,6991.0,1405409883.0,17.0,0.599,2.727,1.41,548885.0,False
300.0,9feb6f2064b86f090bb3887f069a4d0d.param,0.0,0.0,0.0,68.007,1918631718.0,a8bd4d943849e15c77c547609d043d1e,447874.0,1.0,0.0,24.811999999999998,15-45,358092.0,0.0,1657333.0,9645.0,6.69,21116.0,9645.0,-1.0,19668.0,0.0,1487352.0,20653.0,1918631718.0,32.0,17.037,23.726999999999997,4.75,1678451.0,False
300.0,9feb6f2064b86f090bb3887f069a4d0d.param,1.0,0.0,0.0,64.212,1918631718.0,a8bd4d943849e15c77c547609d043d1e,447874.0,1.0,0.0,23.752,15-45,358092.0,0.0,1657333.0,9645.0,6.325,21116.0,9645.0,-1.0,19668.0,0.0,1487352.0,20653.0,1918631718.0,32.0,16.489,22.814,4.75,1678451.0,False
300.0,9feb6f2064b86f090bb3887f069a4d0d.param,2.0,0.0,0.0,63.853,1918631718.0,a8bd4d943849e15c77c547609d043d1e,447874.0,1.0,0.0,23.965,15-45,358092.0,0.0,1657333.0,9645.0,6.313,21116.0,9645.0,-1.0,19668.0,0.0,1487352.0,20653.0,1918631718.0,32.0,16.494,22.807,4.75,1678451.0,False
300.0,964d1ae550e8b1567ec8e3803e14c5da.param,0.0,0.0,0.0,36.169000000000004,693280077.0,84e40c2d21f4d7f1dc1d6b1fe275b135,344988.0,1.0,0.0,7.162000000000001,15-45,294377.0,0.0,895712.0,4097.0,3.403,16654.0,4097.0,-1.0,16938.0,0.0,916574.0,16261.0,693280077.0,16.0,3.068,6.471,0.94,912368.0,False
300.0,964d1ae550e8b1567ec8e3803e14c5da.param,1.0,0.0,0.0,40.287,693280077.0,84e40c2d21f4d7f1dc1d6b1fe275b135,344988.0,1.0,0.0,6.593999999999999,15-45,294377.0,0.0,895712.0,4097.0,3.367,16654.0,4097.0,-1.0,16938.0,0.0,916574.0,16261.0,693280077.0,16.0,2.722,6.0889999999999995,0.94,912368.0,False
300.0,964d1ae550e8b1567ec8e3803e14c5da.param,2.0,0.0,0.0,37.772,693280077.0,84e40c2d21f4d7f1dc1d6b1fe275b135,344988.0,1.0,0.0,6.6370000000000005,15-45,294377.0,0.0,895712.0,4097.0,3.362,16654.0,4097.0,-1.0,16938.0,0.0,916574.0,16261.0,693280077.0,16.0,2.765,6.1270000000000024,0.94,912368.0,False
300.0,0faee3ca8e450721dd5b73cb48656439.param,0.0,0.0,0.0,103.363,221638566.0,b6fdcb21cae39140b8f1612bb783a9d0,212615.0,1.0,0.0,16.924,15-45,156781.0,0.0,2609103.0,4682.0,10.433,35260.0,4682.0,-1.0,21276.0,0.0,981925.0,34757.0,221638566.0,20.0,4.602,15.035,7.12,2644365.0,False
300.0,0faee3ca8e450721dd5b73cb48656439.param,1.0,0.0,0.0,99.51299999999999,221638566.0,b6fdcb21cae39140b8f1612bb783a9d0,212615.0,1.0,0.0,16.284000000000002,15-45,156781.0,0.0,2609103.0,4682.0,10.115,35260.0,4682.0,-1.0,21276.0,0.0,981925.0,34757.0,221638566.0,20.0,4.261,14.376,7.12,2644365.0,False
300.0,0faee3ca8e450721dd5b73cb48656439.param,2.0,0.0,0.0,110.43700000000001,221638566.0,b6fdcb21cae39140b8f1612bb783a9d0,212615.0,1.0,0.0,16.871,15-45,156781.0,0.0,2609103.0,4682.0,10.263,35260.0,4682.0,-1.0,21276.0,0.0,981925.0,34757.0,221638566.0,20.0,4.774,15.037,7.12,2644365.0,False
300.0,be934c0585611c7f00126ccfde3651ad.param,0.0,0.0,0.0,61.916000000000004,590654055.0,231db4cdde4cf6fcd0ecb30dd8ae1fed,474198.0,1.0,0.0,30.426,15-45,301542.0,0.0,1563665.0,9602.0,5.96,20710.0,9602.0,-1.0,23944.0,0.0,1413221.0,20239.0,590654055.0,32.0,23.592,29.552,4.75,1584377.0,False
300.0,be934c0585611c7f00126ccfde3651ad.param,1.0,0.0,0.0,62.493,590654055.0,231db4cdde4cf6fcd0ecb30dd8ae1fed,474198.0,1.0,0.0,31.267,15-45,301542.0,0.0,1563665.0,9602.0,6.011,20710.0,9602.0,-1.0,23944.0,0.0,1413221.0,20239.0,590654055.0,32.0,24.108,30.119,4.75,1584377.0,False
300.0,be934c0585611c7f00126ccfde3651ad.param,2.0,0.0,0.0,60.83600000000001,590654055.0,231db4cdde4cf6fcd0ecb30dd8ae1fed,474198.0,1.0,0.0,31.175,15-45,301542.0,0.0,1563665.0,9602.0,5.9179999999999975,20710.0,9602.0,-1.0,23944.0,0.0,1413221.0,20239.0,590654055.0,32.0,24.381999999999998,30.3,4.75,1584377.0,False
300.0,813211425de754d47420bda81be7c3af.param,0.0,0.0,0.0,29.029,2028359165.0,9e46c776d86214db8556590beceacf76,60617.0,1.0,0.0,3.77,15-45,32342.0,0.0,663666.0,4061.0,2.5069999999999997,10465.0,4061.0,-1.0,5783.0,0.0,476763.0,10161.0,2028359165.0,16.0,0.9,3.407,2.11,674133.0,False
300.0,813211425de754d47420bda81be7c3af.param,1.0,0.0,0.0,28.409000000000002,2028359165.0,9e46c776d86214db8556590beceacf76,60617.0,1.0,0.0,3.787,15-45,32342.0,0.0,663666.0,4061.0,2.447,10465.0,4061.0,-1.0,5783.0,0.0,476763.0,10161.0,2028359165.0,16.0,0.927,3.3739999999999997,2.11,674133.0,False
300.0,813211425de754d47420bda81be7c3af.param,2.0,0.0,0.0,29.160999999999998,2028359165.0,9e46c776d86214db8556590beceacf76,60617.0,1.0,0.0,3.781,15-45,32342.0,0.0,663666.0,4061.0,2.497,10465.0,4061.0,-1.0,5783.0,0.0,476763.0,10161.0,2028359165.0,16.0,0.903,3.4,2.11,674133.0,False
300.0,a1d4e09d3abf0a4eca987babbe1df4ca.param,0.0,0.0,0.0,5.01,1571287961.0,62b2db0660b5afe84b0caf03b326cb99,247400.0,1.0,0.0,4.803999999999999,15-45,209538.0,0.0,106595.0,9604.0,0.413,1390.0,9604.0,-1.0,5311.0,0.0,1007749.0,1042.0,1571287961.0,32.0,4.298,4.711,0.28,107987.0,False
300.0,a1d4e09d3abf0a4eca987babbe1df4ca.param,1.0,0.0,0.0,5.252000000000002,1571287961.0,62b2db0660b5afe84b0caf03b326cb99,247400.0,1.0,0.0,4.832,15-45,209538.0,0.0,106595.0,9604.0,0.371,1390.0,9604.0,-1.0,5311.0,0.0,1007749.0,1042.0,1571287961.0,32.0,4.3610000000000015,4.732,0.28,107987.0,False
300.0,a1d4e09d3abf0a4eca987babbe1df4ca.param,2.0,0.0,0.0,5.263,1571287961.0,62b2db0660b5afe84b0caf03b326cb99,247400.0,1.0,0.0,4.792,15-45,209538.0,0.0,106595.0,9604.0,0.379,1390.0,9604.0,-1.0,5311.0,0.0,1007749.0,1042.0,1571287961.0,32.0,4.308,4.687,0.28,107987.0,False
300.0,9038037b7d7e09779716658ee51f043a.param,0.0,0.0,0.0,35.134,1470727592.0,24bc7d94c6a142dfe2d2d0a9044c613a,118389.0,1.0,0.0,6.131,15-45,67457.0,0.0,915353.0,4051.0,3.4610000000000003,16147.0,4051.0,-1.0,10824.0,0.0,589150.0,15820.0,1470727592.0,16.0,2.125,5.586,0.94,931502.0,False
300.0,9038037b7d7e09779716658ee51f043a.param,1.0,0.0,0.0,37.791,1470727592.0,24bc7d94c6a142dfe2d2d0a9044c613a,118389.0,1.0,0.0,6.053,15-45,67457.0,0.0,915353.0,4051.0,3.4589999999999996,16147.0,4051.0,-1.0,10824.0,0.0,589150.0,15820.0,1470727592.0,16.0,2.07,5.529,0.94,931502.0,False
300.0,9038037b7d7e09779716658ee51f043a.param,2.0,0.0,0.0,35.995,1470727592.0,24bc7d94c6a142dfe2d2d0a9044c613a,118389.0,1.0,0.0,6.056,15-45,67457.0,0.0,915353.0,4051.0,3.432,16147.0,4051.0,-1.0,10824.0,0.0,589150.0,15820.0,1470727592.0,16.0,2.112,5.544,0.94,931502.0,False
300.0,2389afb57cc1c7542bfddc76320706af.param,0.0,0.0,0.0,39.265,1405409883.0,29b3d82ff5003e60e6877b3cba6874c0,80078.0,1.0,0.0,4.988,15-45,56286.0,0.0,960843.0,2316.0,3.5989999999999998,17641.0,2316.0,-1.0,8806.0,0.0,490251.0,17298.0,1405409883.0,13.0,0.8490000000000001,4.448,3.16,978486.0,False
300.0,2389afb57cc1c7542bfddc76320706af.param,1.0,0.0,0.0,38.532,1405409883.0,29b3d82ff5003e60e6877b3cba6874c0,80078.0,1.0,0.0,4.93,15-45,56286.0,0.0,960843.0,2316.0,3.603,17641.0,2316.0,-1.0,8806.0,0.0,490251.0,17298.0,1405409883.0,13.0,0.809,4.412,3.16,978486.0,False
300.0,2389afb57cc1c7542bfddc76320706af.param,2.0,0.0,0.0,36.88,1405409883.0,29b3d82ff5003e60e6877b3cba6874c0,80078.0,1.0,0.0,4.982,15-45,56286.0,0.0,960843.0,2316.0,3.6189999999999998,17641.0,2316.0,-1.0,8806.0,0.0,490251.0,17298.0,1405409883.0,13.0,0.828,4.447,3.16,978486.0,False
300.0,573a8627b23c29141b9965518a1ea628.param,0.0,0.0,0.0,75.908,1057470620.0,626a7cba0309c4690a5cbdc2c2e03c71,4844506.0,1.0,0.0,61.049,15-45,4596639.0,0.0,1879235.0,9770.0,7.235,25654.0,9770.0,-1.0,41186.0,0.0,6243076.0,25180.0,1057470620.0,33.0,52.45399999999999,59.68899999999999,3.16,1904891.0,False
300.0,573a8627b23c29141b9965518a1ea628.param,1.0,0.0,0.0,71.475,1057470620.0,626a7cba0309c4690a5cbdc2c2e03c71,4844506.0,1.0,0.0,64.021,15-45,4596639.0,0.0,1879235.0,9770.0,7.189,25654.0,9770.0,-1.0,41186.0,0.0,6243076.0,25180.0,1057470620.0,33.0,55.413000000000004,62.602,3.16,1904891.0,False
300.0,573a8627b23c29141b9965518a1ea628.param,2.0,0.0,0.0,76.229,1057470620.0,626a7cba0309c4690a5cbdc2c2e03c71,4844506.0,1.0,0.0,65.58,15-45,4596639.0,0.0,1879235.0,9770.0,7.2810000000000015,25654.0,9770.0,-1.0,41186.0,0.0,6243076.0,25180.0,1057470620.0,33.0,56.89,64.171,3.16,1904891.0,False
300.0,c561707c3f0ff054acd49c4f7f7f9eae.param,0.0,0.0,0.0,78.797,590654055.0,1aa4666d77c5dbf6a217aca1efd8c6fe,2968831.0,1.0,0.0,50.714,15-45,2772143.0,0.0,1893527.0,10338.0,7.4670000000000005,24838.0,10338.0,-1.0,35078.0,0.0,5064424.0,24376.0,590654055.0,37.0,41.82,49.287,2.11,1918367.0,False
300.0,c561707c3f0ff054acd49c4f7f7f9eae.param,1.0,0.0,0.0,71.828,590654055.0,1aa4666d77c5dbf6a217aca1efd8c6fe,2968831.0,1.0,0.0,49.126999999999995,15-45,2772143.0,0.0,1893527.0,10338.0,7.325,24838.0,10338.0,-1.0,35078.0,0.0,5064424.0,24376.0,590654055.0,37.0,40.414,47.739,2.11,1918367.0,False
300.0,c561707c3f0ff054acd49c4f7f7f9eae.param,2.0,0.0,0.0,75.734,590654055.0,1aa4666d77c5dbf6a217aca1efd8c6fe,2968831.0,1.0,0.0,47.768,15-45,2772143.0,0.0,1893527.0,10338.0,7.296,24838.0,10338.0,-1.0,35078.0,0.0,5064424.0,24376.0,590654055.0,37.0,39.417,46.713,2.11,1918367.0,False
300.0,400673ca8ff3edef3535b5791da29758.param,0.0,0.0,0.0,28.134,1139903203.0,557e04f54443bc924a5f71fa527d3328,129147.0,1.0,0.0,4.481,15-45,98364.0,0.0,723244.0,4674.0,2.694,12427.0,4674.0,-1.0,7504.0,0.0,729800.0,12111.0,1139903203.0,20.0,1.3730000000000002,4.067,0.63,735673.0,False
300.0,400673ca8ff3edef3535b5791da29758.param,1.0,0.0,0.0,28.802,1139903203.0,557e04f54443bc924a5f71fa527d3328,129147.0,1.0,0.0,4.495,15-45,98364.0,0.0,723244.0,4674.0,2.736,12427.0,4674.0,-1.0,7504.0,0.0,729800.0,12111.0,1139903203.0,20.0,1.348,4.084,0.63,735673.0,False
300.0,400673ca8ff3edef3535b5791da29758.param,2.0,0.0,0.0,30.750999999999998,1139903203.0,557e04f54443bc924a5f71fa527d3328,129147.0,1.0,0.0,4.931,15-45,98364.0,0.0,723244.0,4674.0,2.784,12427.0,4674.0,-1.0,7504.0,0.0,729800.0,12111.0,1139903203.0,20.0,1.584,4.368,0.63,735673.0,False
300.0,1ec21c7d8e15d35901cd608efade836b.param,0.0,0.0,0.0,8.514,1802391418.0,7b186ac16b50b1abfd91c72def7da9d4,133182.0,1.0,0.0,1.89,15-45,99694.0,0.0,193910.0,5636.0,0.701,2654.0,5636.0,-1.0,9203.0,0.0,677580.0,2361.0,1802391418.0,24.0,1.055,1.756,0.42,196566.0,False
300.0,1ec21c7d8e15d35901cd608efade836b.param,1.0,0.0,0.0,8.402000000000001,1802391418.0,7b186ac16b50b1abfd91c72def7da9d4,133182.0,1.0,0.0,1.882,15-45,99694.0,0.0,193910.0,5636.0,0.7509999999999999,2654.0,5636.0,-1.0,9203.0,0.0,677580.0,2361.0,1802391418.0,24.0,0.998,1.749,0.42,196566.0,False
300.0,1ec21c7d8e15d35901cd608efade836b.param,2.0,0.0,0.0,8.482999999999999,1802391418.0,7b186ac16b50b1abfd91c72def7da9d4,133182.0,1.0,0.0,1.8880000000000001,15-45,99694.0,0.0,193910.0,5636.0,0.705,2654.0,5636.0,-1.0,9203.0,0.0,677580.0,2361.0,1802391418.0,24.0,1.0390000000000001,1.744,0.42,196566.0,False
300.0,82716a7451af0bb025940cb2be8712d2.param,0.0,0.0,0.0,15.290999999999999,1802391418.0,e9871afe5ab49632af16534af052c0bb,17601.0,1.0,0.0,1.656,15-45,11093.0,0.0,323781.0,2241.0,1.168,5169.0,2241.0,-1.0,1243.0,0.0,382210.0,4900.0,1802391418.0,12.0,0.287,1.455,0.28,328952.0,False
300.0,82716a7451af0bb025940cb2be8712d2.param,1.0,0.0,0.0,15.239,1802391418.0,e9871afe5ab49632af16534af052c0bb,17601.0,1.0,0.0,1.735,15-45,11093.0,0.0,323781.0,2241.0,1.206,5169.0,2241.0,-1.0,1243.0,0.0,382210.0,4900.0,1802391418.0,12.0,0.302,1.508,0.28,328952.0,False
300.0,82716a7451af0bb025940cb2be8712d2.param,2.0,0.0,0.0,13.505999999999998,1802391418.0,e9871afe5ab49632af16534af052c0bb,17601.0,1.0,0.0,1.71,15-45,11093.0,0.0,323781.0,2241.0,1.214,5169.0,2241.0,-1.0,1243.0,0.0,382210.0,4900.0,1802391418.0,12.0,0.293,1.507,0.28,328952.0,False
300.0,8e69ece5afd42db3ce1e7ed475eaaf08.param,0.0,0.0,0.0,35.91900000000001,1979567522.0,a21f6df3bacf21add1c4d65bc70a10a3,53267.0,1.0,0.0,4.689,15-45,33830.0,0.0,856586.0,4056.0,3.2430000000000003,15094.0,4056.0,-1.0,5476.0,0.0,529116.0,14731.0,1979567522.0,16.0,0.9740000000000001,4.217,0.94,871682.0,False
300.0,8e69ece5afd42db3ce1e7ed475eaaf08.param,1.0,0.0,0.0,34.467,1979567522.0,a21f6df3bacf21add1c4d65bc70a10a3,53267.0,1.0,0.0,4.643,15-45,33830.0,0.0,856586.0,4056.0,3.193,15094.0,4056.0,-1.0,5476.0,0.0,529116.0,14731.0,1979567522.0,16.0,0.973,4.166,0.94,871682.0,False
300.0,8e69ece5afd42db3ce1e7ed475eaaf08.param,2.0,0.0,0.0,33.488,1979567522.0,a21f6df3bacf21add1c4d65bc70a10a3,53267.0,1.0,0.0,4.724,15-45,33830.0,0.0,856586.0,4056.0,3.208,15094.0,4056.0,-1.0,5476.0,0.0,529116.0,14731.0,1979567522.0,16.0,1.023,4.231,0.94,871682.0,False
300.0,5c79d1d9a7223b0aa7f24b9abb13ee2f.param,0.0,0.0,0.0,76.682,1923385776.0,51a0ab4658378165026786af6e0ef87c,130670.0,1.0,0.0,14.595999999999998,15-45,91671.0,0.0,1862216.0,4704.0,7.345,26251.0,4704.0,-1.0,13530.0,0.0,812758.0,25835.0,1923385776.0,21.0,5.852,13.197000000000001,7.12,1888469.0,False
300.0,5c79d1d9a7223b0aa7f24b9abb13ee2f.param,1.0,0.0,0.0,75.16199999999998,1923385776.0,51a0ab4658378165026786af6e0ef87c,130670.0,1.0,0.0,14.222000000000001,15-45,91671.0,0.0,1862216.0,4704.0,7.2189999999999985,26251.0,4704.0,-1.0,13530.0,0.0,812758.0,25835.0,1923385776.0,21.0,5.6770000000000005,12.895999999999999,7.12,1888469.0,False
300.0,5c79d1d9a7223b0aa7f24b9abb13ee2f.param,2.0,0.0,0.0,74.042,1923385776.0,51a0ab4658378165026786af6e0ef87c,130670.0,1.0,0.0,13.745,15-45,91671.0,0.0,1862216.0,4704.0,7.229,26251.0,4704.0,-1.0,13530.0,0.0,812758.0,25835.0,1923385776.0,21.0,5.528,12.757,7.12,1888469.0,False
300.0,356667c28689cc2615ddddc6ad11e53e.param,0.0,0.0,0.0,80.542,693280077.0,7d2bc17e512b312d904921eb0c8a56b7,590340.0,1.0,0.0,16.081,15-45,491682.0,0.0,1999965.0,5702.0,7.85,28766.0,5702.0,-1.0,23550.0,0.0,1417451.0,28269.0,693280077.0,25.0,7.146,14.995999999999999,7.12,2028733.0,False
300.0,356667c28689cc2615ddddc6ad11e53e.param,1.0,0.0,0.0,82.31,693280077.0,7d2bc17e512b312d904921eb0c8a56b7,590340.0,1.0,0.0,15.674000000000001,15-45,491682.0,0.0,1999965.0,5702.0,7.67,28766.0,5702.0,-1.0,23550.0,0.0,1417451.0,28269.0,693280077.0,25.0,6.952999999999999,14.623,7.12,2028733.0,False
300.0,356667c28689cc2615ddddc6ad11e53e.param,2.0,0.0,0.0,82.655,693280077.0,7d2bc17e512b312d904921eb0c8a56b7,590340.0,1.0,0.0,15.9,15-45,491682.0,0.0,1999965.0,5702.0,7.6679999999999975,28766.0,5702.0,-1.0,23550.0,0.0,1417451.0,28269.0,693280077.0,25.0,7.162000000000001,14.83,7.12,2028733.0,False
300.0,7ee038a2d306328bf29f3cc3ddd33ea0.param,0.0,0.0,0.0,67.612,2050821110.0,cb1f6d074197ced26c69df1bb910f5af,628515.0,1.0,0.0,14.440999999999999,15-45,536913.0,0.0,1643933.0,10244.0,6.225,21789.0,10244.0,-1.0,14375.0,0.0,2187294.0,21376.0,2050821110.0,36.0,7.037999999999999,13.263,4.75,1665724.0,False
300.0,7ee038a2d306328bf29f3cc3ddd33ea0.param,1.0,0.0,0.0,65.999,2050821110.0,cb1f6d074197ced26c69df1bb910f5af,628515.0,1.0,0.0,14.998,15-45,536913.0,0.0,1643933.0,10244.0,6.421,21789.0,10244.0,-1.0,14375.0,0.0,2187294.0,21376.0,2050821110.0,36.0,7.395,13.815999999999999,4.75,1665724.0,False
300.0,7ee038a2d306328bf29f3cc3ddd33ea0.param,2.0,0.0,0.0,61.97,2050821110.0,cb1f6d074197ced26c69df1bb910f5af,628515.0,1.0,0.0,14.237,15-45,536913.0,0.0,1643933.0,10244.0,6.303999999999999,21789.0,10244.0,-1.0,14375.0,0.0,2187294.0,21376.0,2050821110.0,36.0,7.0,13.304,4.75,1665724.0,False
300.0,589bbf864478462408d49f56b3acebc9.param,0.0,0.0,0.0,48.85,182366586.0,b899112a9b12568ea02e4989179bb887,66295.0,1.0,0.0,6.5870000000000015,15-45,42212.0,0.0,1273442.0,4630.0,4.803,18955.0,4630.0,-1.0,10528.0,0.0,533331.0,18589.0,182366586.0,20.0,1.085,5.888,0.94,1292399.0,False
300.0,589bbf864478462408d49f56b3acebc9.param,1.0,0.0,0.0,50.854,182366586.0,b899112a9b12568ea02e4989179bb887,66295.0,1.0,0.0,6.662999999999999,15-45,42212.0,0.0,1273442.0,4630.0,4.863,18955.0,4630.0,-1.0,10528.0,0.0,533331.0,18589.0,182366586.0,20.0,1.081,5.944,0.94,1292399.0,False
300.0,589bbf864478462408d49f56b3acebc9.param,2.0,0.0,0.0,48.938,182366586.0,b899112a9b12568ea02e4989179bb887,66295.0,1.0,0.0,6.59,15-45,42212.0,0.0,1273442.0,4630.0,4.843999999999999,18955.0,4630.0,-1.0,10528.0,0.0,533331.0,18589.0,182366586.0,20.0,1.065,5.909,0.94,1292399.0,False
300.0,911e1a0f8b4680f2864fa59b12973cad.param,0.0,0.0,0.0,43.351000000000006,1145031130.0,e100015ba057d8d9e1d1a34a0b151b04,149774.0,1.0,0.0,9.758,15-45,89942.0,0.0,1022416.0,4092.0,3.9219999999999997,18735.0,4092.0,-1.0,15360.0,0.0,758390.0,18259.0,1145031130.0,16.0,5.237,9.158999999999999,3.16,1041153.0,False
300.0,911e1a0f8b4680f2864fa59b12973cad.param,1.0,0.0,0.0,40.931999999999995,1145031130.0,e100015ba057d8d9e1d1a34a0b151b04,149774.0,1.0,0.0,9.592,15-45,89942.0,0.0,1022416.0,4092.0,3.885,18735.0,4092.0,-1.0,15360.0,0.0,758390.0,18259.0,1145031130.0,16.0,5.152,9.037,3.16,1041153.0,False
300.0,911e1a0f8b4680f2864fa59b12973cad.param,2.0,0.0,0.0,40.533,1145031130.0,e100015ba057d8d9e1d1a34a0b151b04,149774.0,1.0,0.0,9.546,15-45,89942.0,0.0,1022416.0,4092.0,3.8360000000000003,18735.0,4092.0,-1.0,15360.0,0.0,758390.0,18259.0,1145031130.0,16.0,5.126,8.962,3.16,1041153.0,False
300.0,a37d28d43d69aa0103e8f6c03a25328d.param,0.0,0.0,0.0,10.059,1057470620.0,d5d7c384f3a96fe46dc3ca9151e7286a,888026.0,1.0,0.0,5.682,15-45,854927.0,0.0,225343.0,6315.0,0.8140000000000001,2796.0,6315.0,-1.0,9365.0,0.0,2401264.0,2372.0,1057470620.0,29.0,4.7010000000000005,5.515,0.63,228141.0,False
300.0,a37d28d43d69aa0103e8f6c03a25328d.param,1.0,0.0,0.0,10.529000000000002,1057470620.0,d5d7c384f3a96fe46dc3ca9151e7286a,888026.0,1.0,0.0,6.064,15-45,854927.0,0.0,225343.0,6315.0,0.852,2796.0,6315.0,-1.0,9365.0,0.0,2401264.0,2372.0,1057470620.0,29.0,5.023,5.875,0.63,228141.0,False
300.0,a37d28d43d69aa0103e8f6c03a25328d.param,2.0,0.0,0.0,10.325,1057470620.0,d5d7c384f3a96fe46dc3ca9151e7286a,888026.0,1.0,0.0,5.247999999999998,15-45,854927.0,0.0,225343.0,6315.0,0.821,2796.0,6315.0,-1.0,9365.0,0.0,2401264.0,2372.0,1057470620.0,29.0,4.272,5.093,0.63,228141.0,False
300.0,3631b5ebf342811f42ca903194874739.param,0.0,0.0,0.0,23.511,254168822.0,a4f2c81d2836f79c8df33687a7503bcd,92183.0,1.0,0.0,3.355,15-45,64352.0,0.0,512721.0,4778.0,1.901,7635.0,4778.0,-1.0,6912.0,0.0,871974.0,7336.0,254168822.0,21.0,1.158,3.0589999999999997,0.63,520358.0,False
300.0,3631b5ebf342811f42ca903194874739.param,1.0,0.0,0.0,23.712,254168822.0,a4f2c81d2836f79c8df33687a7503bcd,92183.0,1.0,0.0,3.4210000000000003,15-45,64352.0,0.0,512721.0,4778.0,1.942,7635.0,4778.0,-1.0,6912.0,0.0,871974.0,7336.0,254168822.0,21.0,1.1840000000000002,3.1260000000000003,0.63,520358.0,False
300.0,3631b5ebf342811f42ca903194874739.param,2.0,0.0,0.0,22.711,254168822.0,a4f2c81d2836f79c8df33687a7503bcd,92183.0,1.0,0.0,3.321,15-45,64352.0,0.0,512721.0,4778.0,1.885,7635.0,4778.0,-1.0,6912.0,0.0,871974.0,7336.0,254168822.0,21.0,1.145,3.03,0.63,520358.0,False
300.0,a38985b17ca7f54344b29181a8584654.param,0.0,0.0,0.0,41.848,221638566.0,8fc12af6b481dc898ca5749a71c290a0,277759.0,1.0,0.0,7.999,15-45,203264.0,0.0,1056566.0,4031.0,4.006,20788.0,4031.0,-1.0,16532.0,0.0,985794.0,20331.0,221638566.0,16.0,3.397,7.403,1.41,1077356.0,False
300.0,a38985b17ca7f54344b29181a8584654.param,1.0,0.0,0.0,43.925,221638566.0,8fc12af6b481dc898ca5749a71c290a0,277759.0,1.0,0.0,7.848,15-45,203264.0,0.0,1056566.0,4031.0,3.94,20788.0,4031.0,-1.0,16532.0,0.0,985794.0,20331.0,221638566.0,16.0,3.3289999999999997,7.269,1.41,1077356.0,False
300.0,a38985b17ca7f54344b29181a8584654.param,2.0,0.0,0.0,44.055,221638566.0,8fc12af6b481dc898ca5749a71c290a0,277759.0,1.0,0.0,8.012,15-45,203264.0,0.0,1056566.0,4031.0,3.949,20788.0,4031.0,-1.0,16532.0,0.0,985794.0,20331.0,221638566.0,16.0,3.432,7.381,1.41,1077356.0,False
300.0,d0799a9d39f0850315a55b0ab4917638.param,0.0,0.0,0.0,45.59,1918631718.0,32886428f87184fe43501ead0c710c3b,258803.0,1.0,0.0,8.062000000000001,15-45,199767.0,0.0,1169342.0,5609.0,4.815,18001.0,5609.0,-1.0,11114.0,0.0,962226.0,17629.0,1918631718.0,24.0,2.595,7.41,3.16,1187345.0,False
300.0,d0799a9d39f0850315a55b0ab4917638.param,1.0,0.0,0.0,47.754,1918631718.0,32886428f87184fe43501ead0c710c3b,258803.0,1.0,0.0,7.607,15-45,199767.0,0.0,1169342.0,5609.0,4.388,18001.0,5609.0,-1.0,11114.0,0.0,962226.0,17629.0,1918631718.0,24.0,2.543,6.931,3.16,1187345.0,False
300.0,d0799a9d39f0850315a55b0ab4917638.param,2.0,0.0,0.0,48.617,1918631718.0,32886428f87184fe43501ead0c710c3b,258803.0,1.0,0.0,7.64,15-45,199767.0,0.0,1169342.0,5609.0,4.43,18001.0,5609.0,-1.0,11114.0,0.0,962226.0,17629.0,1918631718.0,24.0,2.56,6.99,3.16,1187345.0,False
300.0,bebd2cfe5e0562ebe11dc365507fd898.param,0.0,0.0,0.0,34.675,372553220.0,b9c966dec3aab2f5b0d2bfe3099f05c5,643507.0,1.0,0.0,22.031,15-45,476569.0,0.0,790745.0,10341.0,2.965,9892.0,10341.0,-1.0,20105.0,0.0,1697516.0,9502.0,372553220.0,37.0,18.615,21.58,2.11,800639.0,False
300.0,bebd2cfe5e0562ebe11dc365507fd898.param,1.0,0.0,0.0,32.242,372553220.0,b9c966dec3aab2f5b0d2bfe3099f05c5,643507.0,1.0,0.0,22.338,15-45,476569.0,0.0,790745.0,10341.0,2.952,9892.0,10341.0,-1.0,20105.0,0.0,1697516.0,9502.0,372553220.0,37.0,18.817,21.769000000000002,2.11,800639.0,False
300.0,bebd2cfe5e0562ebe11dc365507fd898.param,2.0,0.0,0.0,32.648,372553220.0,b9c966dec3aab2f5b0d2bfe3099f05c5,643507.0,1.0,0.0,22.609,15-45,476569.0,0.0,790745.0,10341.0,2.978,9892.0,10341.0,-1.0,20105.0,0.0,1697516.0,9502.0,372553220.0,37.0,19.029,22.006999999999998,2.11,800639.0,False
300.0,880c13fc9e1ae18f82e743ba707577a8.param,0.0,0.0,0.0,44.758,1923385776.0,138fb57485e404dd0d0b51645e84770d,68356.0,1.0,0.0,5.981,15-45,41296.0,0.0,1170122.0,4177.0,4.374,21205.0,4177.0,-1.0,11085.0,0.0,468255.0,20849.0,1923385776.0,17.0,0.985,5.359,0.94,1191329.0,False
300.0,880c13fc9e1ae18f82e743ba707577a8.param,1.0,0.0,0.0,44.994,1923385776.0,138fb57485e404dd0d0b51645e84770d,68356.0,1.0,0.0,6.051,15-45,41296.0,0.0,1170122.0,4177.0,4.447,21205.0,4177.0,-1.0,11085.0,0.0,468255.0,20849.0,1923385776.0,17.0,0.9540000000000001,5.401,0.94,1191329.0,False
300.0,880c13fc9e1ae18f82e743ba707577a8.param,2.0,0.0,0.0,48.36,1923385776.0,138fb57485e404dd0d0b51645e84770d,68356.0,1.0,0.0,6.2079999999999975,15-45,41296.0,0.0,1170122.0,4177.0,4.407,21205.0,4177.0,-1.0,11085.0,0.0,468255.0,20849.0,1923385776.0,17.0,0.943,5.35,0.94,1191329.0,False
300.0,8918e76cfcec0657c7d7950a1794604c.param,0.0,0.0,0.0,40.415,34754393.0,3b4f3745904b8ab07696209ba2f68b36,161063.0,1.0,0.0,6.553999999999999,15-45,114877.0,0.0,952124.0,5632.0,3.6289999999999996,13413.0,5632.0,-1.0,11339.0,0.0,1057746.0,13003.0,34754393.0,24.0,2.366,5.995,3.16,965539.0,False
300.0,8918e76cfcec0657c7d7950a1794604c.param,1.0,0.0,0.0,38.491,34754393.0,3b4f3745904b8ab07696209ba2f68b36,161063.0,1.0,0.0,6.4879999999999995,15-45,114877.0,0.0,952124.0,5632.0,3.679,13413.0,5632.0,-1.0,11339.0,0.0,1057746.0,13003.0,34754393.0,24.0,2.299,5.978,3.16,965539.0,False
300.0,8918e76cfcec0657c7d7950a1794604c.param,2.0,0.0,0.0,38.711999999999996,34754393.0,3b4f3745904b8ab07696209ba2f68b36,161063.0,1.0,0.0,6.4479999999999995,15-45,114877.0,0.0,952124.0,5632.0,3.61,13413.0,5632.0,-1.0,11339.0,0.0,1057746.0,13003.0,34754393.0,24.0,2.322,5.932,3.16,965539.0,False
300.0,1a9658e08918a7701123bae3cad3fdfa.param,0.0,0.0,0.0,23.688000000000002,2136253402.0,38b624cdc22128bf46df0179b1b65b44,1251493.0,1.0,0.0,8.795,15-45,1190713.0,0.0,563477.0,9681.0,2.083,7399.0,9681.0,-1.0,17276.0,0.0,1981261.0,7060.0,2136253402.0,32.0,6.3770000000000024,8.46,0.63,570878.0,False
300.0,1a9658e08918a7701123bae3cad3fdfa.param,1.0,0.0,0.0,25.523000000000003,2136253402.0,38b624cdc22128bf46df0179b1b65b44,1251493.0,1.0,0.0,9.017000000000001,15-45,1190713.0,0.0,563477.0,9681.0,2.1719999999999997,7399.0,9681.0,-1.0,17276.0,0.0,1981261.0,7060.0,2136253402.0,32.0,6.511,8.683,0.63,570878.0,False
300.0,1a9658e08918a7701123bae3cad3fdfa.param,2.0,0.0,0.0,25.555,2136253402.0,38b624cdc22128bf46df0179b1b65b44,1251493.0,1.0,0.0,8.777999999999999,15-45,1190713.0,0.0,563477.0,9681.0,2.121,7399.0,9681.0,-1.0,17276.0,0.0,1981261.0,7060.0,2136253402.0,32.0,6.335,8.456,0.63,570878.0,False
300.0,8ee114f3baa9833ce2ff8acd1c2f17dc.param,0.0,0.0,0.0,39.501,1242281828.0,d051866c460a6ae2e5e88aa77ef9515a,131179.0,1.0,0.0,6.343,15-45,74825.0,0.0,931765.0,5606.0,3.485,15227.0,5606.0,-1.0,10824.0,0.0,842612.0,14892.0,1242281828.0,24.0,2.303,5.787999999999999,0.94,946994.0,False
300.0,8ee114f3baa9833ce2ff8acd1c2f17dc.param,1.0,0.0,0.0,37.109,1242281828.0,d051866c460a6ae2e5e88aa77ef9515a,131179.0,1.0,0.0,6.327999999999999,15-45,74825.0,0.0,931765.0,5606.0,3.512,15227.0,5606.0,-1.0,10824.0,0.0,842612.0,14892.0,1242281828.0,24.0,2.283,5.795,0.94,946994.0,False
300.0,8ee114f3baa9833ce2ff8acd1c2f17dc.param,2.0,0.0,0.0,39.745,1242281828.0,d051866c460a6ae2e5e88aa77ef9515a,131179.0,1.0,0.0,6.4170000000000025,15-45,74825.0,0.0,931765.0,5606.0,3.498,15227.0,5606.0,-1.0,10824.0,0.0,842612.0,14892.0,1242281828.0,24.0,2.384,5.8820000000000014,0.94,946994.0,False
300.0,9d8011d62fbdace0c9682b0a56eb9c1a.param,0.0,0.0,0.0,16.575,475179535.0,97b9c43304b3971eb4b1ecdc25463e21,154964.0,1.0,0.0,2.967,15-45,123796.0,0.0,364182.0,6391.0,1.359,5363.0,6391.0,-1.0,5990.0,0.0,795977.0,5053.0,475179535.0,29.0,1.3719999999999999,2.7310000000000003,1.41,369547.0,False
300.0,9d8011d62fbdace0c9682b0a56eb9c1a.param,1.0,0.0,0.0,15.799000000000001,475179535.0,97b9c43304b3971eb4b1ecdc25463e21,154964.0,1.0,0.0,3.0580000000000003,15-45,123796.0,0.0,364182.0,6391.0,1.4069999999999998,5363.0,6391.0,-1.0,5990.0,0.0,795977.0,5053.0,475179535.0,29.0,1.403,2.81,1.41,369547.0,False
300.0,9d8011d62fbdace0c9682b0a56eb9c1a.param,2.0,0.0,0.0,16.594,475179535.0,97b9c43304b3971eb4b1ecdc25463e21,154964.0,1.0,0.0,2.9219999999999997,15-45,123796.0,0.0,364182.0,6391.0,1.335,5363.0,6391.0,-1.0,5990.0,0.0,795977.0,5053.0,475179535.0,29.0,1.3730000000000002,2.708,1.41,369547.0,False
300.0,5a074a62937cbcb2e921ae7f17a0123b.param,0.0,0.0,0.0,75.40100000000002,2028359165.0,acc134ac7d20fe6ac7ee88ad0603f41e,77173.0,1.0,0.0,10.229,15-45,52004.0,0.0,1893465.0,4064.0,7.229,29156.0,4064.0,-1.0,14492.0,0.0,806924.0,28734.0,2028359165.0,16.0,2.005,9.234,7.12,1922623.0,False
300.0,5a074a62937cbcb2e921ae7f17a0123b.param,1.0,0.0,0.0,74.834,2028359165.0,acc134ac7d20fe6ac7ee88ad0603f41e,77173.0,1.0,0.0,10.997,15-45,52004.0,0.0,1893465.0,4064.0,7.2120000000000015,29156.0,4064.0,-1.0,14492.0,0.0,806924.0,28734.0,2028359165.0,16.0,2.498,9.71,7.12,1922623.0,False
300.0,5a074a62937cbcb2e921ae7f17a0123b.param,2.0,0.0,0.0,71.293,2028359165.0,acc134ac7d20fe6ac7ee88ad0603f41e,77173.0,1.0,0.0,10.469000000000001,15-45,52004.0,0.0,1893465.0,4064.0,7.33,29156.0,4064.0,-1.0,14492.0,0.0,806924.0,28734.0,2028359165.0,16.0,2.0980000000000003,9.427999999999999,7.12,1922623.0,False
300.0,c0ddd6d536dd36939b31e12d969323ca.param,0.0,0.0,0.0,16.952,1405409883.0,f29d73392d6be60764cd2a1a3a25862b,642205.0,1.0,0.0,7.149,15-45,569618.0,0.0,347514.0,11390.0,1.255,4311.0,11390.0,-1.0,13765.0,0.0,1881304.0,3973.0,1405409883.0,41.0,5.682,6.937,0.63,351827.0,False
300.0,c0ddd6d536dd36939b31e12d969323ca.param,1.0,0.0,0.0,16.378,1405409883.0,f29d73392d6be60764cd2a1a3a25862b,642205.0,1.0,0.0,7.153,15-45,569618.0,0.0,347514.0,11390.0,1.256,4311.0,11390.0,-1.0,13765.0,0.0,1881304.0,3973.0,1405409883.0,41.0,5.686,6.942,0.63,351827.0,False
300.0,c0ddd6d536dd36939b31e12d969323ca.param,2.0,0.0,0.0,15.815999999999999,1405409883.0,f29d73392d6be60764cd2a1a3a25862b,642205.0,1.0,0.0,7.6560000000000015,15-45,569618.0,0.0,347514.0,11390.0,1.281,4311.0,11390.0,-1.0,13765.0,0.0,1881304.0,3973.0,1405409883.0,41.0,6.101,7.3820000000000014,0.63,351827.0,False
300.0,55af68f15fe32e43da610c5d90806a4a.param,0.0,0.0,0.0,66.929,862094683.0,8b550f66394ec76ae765cb57441bd013,619690.0,1.0,0.0,15.605,15-45,527447.0,0.0,1773281.0,11200.0,6.84,22826.0,11200.0,-1.0,21797.0,0.0,3144482.0,22410.0,862094683.0,40.0,7.8329999999999975,14.673,3.16,1796109.0,False
300.0,55af68f15fe32e43da610c5d90806a4a.param,1.0,0.0,0.0,72.14699999999998,862094683.0,8b550f66394ec76ae765cb57441bd013,619690.0,1.0,0.0,15.686,15-45,527447.0,0.0,1773281.0,11200.0,6.811,22826.0,11200.0,-1.0,21797.0,0.0,3144482.0,22410.0,862094683.0,40.0,7.934,14.745,3.16,1796109.0,False
300.0,55af68f15fe32e43da610c5d90806a4a.param,2.0,0.0,0.0,80.578,862094683.0,8b550f66394ec76ae765cb57441bd013,619690.0,1.0,0.0,15.86,15-45,527447.0,0.0,1773281.0,11200.0,6.858,22826.0,11200.0,-1.0,21797.0,0.0,3144482.0,22410.0,862094683.0,40.0,8.03,14.888,3.16,1796109.0,False
300.0,ecf255cfa79dc1390125d72e88196842.param,0.0,0.0,0.0,28.16800000000001,2050821110.0,55949ce27fd82f1bce032ed2866a25b5,82300.0,1.0,0.0,5.306,15-45,38185.0,0.0,722045.0,5698.0,2.674,9576.0,5698.0,-1.0,7495.0,0.0,925029.0,9244.0,2050821110.0,24.0,2.22,4.894,2.11,731623.0,False
300.0,ecf255cfa79dc1390125d72e88196842.param,1.0,0.0,0.0,32.282,2050821110.0,55949ce27fd82f1bce032ed2866a25b5,82300.0,1.0,0.0,5.279,15-45,38185.0,0.0,722045.0,5698.0,2.698,9576.0,5698.0,-1.0,7495.0,0.0,925029.0,9244.0,2050821110.0,24.0,2.173,4.871,2.11,731623.0,False
300.0,ecf255cfa79dc1390125d72e88196842.param,2.0,0.0,0.0,28.75,2050821110.0,55949ce27fd82f1bce032ed2866a25b5,82300.0,1.0,0.0,5.355,15-45,38185.0,0.0,722045.0,5698.0,2.7689999999999997,9576.0,5698.0,-1.0,7495.0,0.0,925029.0,9244.0,2050821110.0,24.0,2.187,4.956,2.11,731623.0,False
300.0,3d9e7b6df6df75811f47376afe3f163c.param,0.0,0.0,0.0,18.018,1918631718.0,d0d294617dc047cd392f27fbe1c1ecb1,733514.0,1.0,0.0,6.646,15-45,678546.0,0.0,417152.0,6318.0,1.568,6072.0,6318.0,-1.0,13969.0,0.0,1428160.0,5701.0,1918631718.0,29.0,4.802,6.37,0.94,423226.0,False
300.0,3d9e7b6df6df75811f47376afe3f163c.param,1.0,0.0,0.0,20.317999999999998,1918631718.0,d0d294617dc047cd392f27fbe1c1ecb1,733514.0,1.0,0.0,6.629,15-45,678546.0,0.0,417152.0,6318.0,1.604,6072.0,6318.0,-1.0,13969.0,0.0,1428160.0,5701.0,1918631718.0,29.0,4.76,6.364,0.94,423226.0,False
300.0,3d9e7b6df6df75811f47376afe3f163c.param,2.0,0.0,0.0,18.435,1918631718.0,d0d294617dc047cd392f27fbe1c1ecb1,733514.0,1.0,0.0,6.715,15-45,678546.0,0.0,417152.0,6318.0,1.682,6072.0,6318.0,-1.0,13969.0,0.0,1428160.0,5701.0,1918631718.0,29.0,4.782,6.4639999999999995,0.94,423226.0,False
300.0,982f07b05aa788dcb221cf0f46a98a28.param,0.0,0.0,0.0,18.99,1242281828.0,ae851169ada47e7210e9a99705c465e6,108132.0,1.0,0.0,3.514,15-45,80187.0,0.0,415092.0,4713.0,1.6669999999999998,6176.0,4713.0,-1.0,11999.0,0.0,669986.0,5799.0,1242281828.0,21.0,1.589,3.2560000000000002,0.63,421270.0,False
300.0,982f07b05aa788dcb221cf0f46a98a28.param,1.0,0.0,0.0,19.519000000000002,1242281828.0,ae851169ada47e7210e9a99705c465e6,108132.0,1.0,0.0,3.323,15-45,80187.0,0.0,415092.0,4713.0,1.515,6176.0,4713.0,-1.0,11999.0,0.0,669986.0,5799.0,1242281828.0,21.0,1.564,3.0789999999999997,0.63,421270.0,False
300.0,982f07b05aa788dcb221cf0f46a98a28.param,2.0,0.0,0.0,17.689,1242281828.0,ae851169ada47e7210e9a99705c465e6,108132.0,1.0,0.0,3.347,15-45,80187.0,0.0,415092.0,4713.0,1.524,6176.0,4713.0,-1.0,11999.0,0.0,669986.0,5799.0,1242281828.0,21.0,1.569,3.093,0.63,421270.0,False
300.0,f607d46ec11afe04a6635e1e747bca97.param,0.0,0.0,0.0,7.093999999999999,823094821.0,3275002f55441e8f02ba49db9270825f,143010.0,1.0,0.0,2.171,15-45,116041.0,0.0,160034.0,4138.0,0.57,2683.0,4138.0,-1.0,6772.0,0.0,689902.0,2341.0,823094821.0,17.0,1.486,2.056,0.42,162719.0,False
300.0,f607d46ec11afe04a6635e1e747bca97.param,1.0,0.0,0.0,7.152,823094821.0,3275002f55441e8f02ba49db9270825f,143010.0,1.0,0.0,2.155,15-45,116041.0,0.0,160034.0,4138.0,0.562,2683.0,4138.0,-1.0,6772.0,0.0,689902.0,2341.0,823094821.0,17.0,1.475,2.037,0.42,162719.0,False
300.0,f607d46ec11afe04a6635e1e747bca97.param,2.0,0.0,0.0,7.5870000000000015,823094821.0,3275002f55441e8f02ba49db9270825f,143010.0,1.0,0.0,2.145,15-45,116041.0,0.0,160034.0,4138.0,0.562,2683.0,4138.0,-1.0,6772.0,0.0,689902.0,2341.0,823094821.0,17.0,1.46,2.022,0.42,162719.0,False
300.0,b55bae1f323148019db34cc9c08d6b4b.param,0.0,0.0,0.0,25.439,693280077.0,a2d4f6bb0c3d0d4b000ab4cee394e1ee,405175.0,1.0,0.0,4.35,15-45,376275.0,0.0,611273.0,4118.0,2.27,11209.0,4118.0,-1.0,6521.0,0.0,1139506.0,10816.0,693280077.0,17.0,1.719,3.989,2.11,622484.0,False
300.0,b55bae1f323148019db34cc9c08d6b4b.param,1.0,0.0,0.0,28.129,693280077.0,a2d4f6bb0c3d0d4b000ab4cee394e1ee,405175.0,1.0,0.0,4.4110000000000005,15-45,376275.0,0.0,611273.0,4118.0,2.309,11209.0,4118.0,-1.0,6521.0,0.0,1139506.0,10816.0,693280077.0,17.0,1.74,4.0489999999999995,2.11,622484.0,False
300.0,b55bae1f323148019db34cc9c08d6b4b.param,2.0,0.0,0.0,27.314,693280077.0,a2d4f6bb0c3d0d4b000ab4cee394e1ee,405175.0,1.0,0.0,4.4319999999999995,15-45,376275.0,0.0,611273.0,4118.0,2.273,11209.0,4118.0,-1.0,6521.0,0.0,1139506.0,10816.0,693280077.0,17.0,1.7990000000000002,4.072,2.11,622484.0,False
300.0,a6fb6cef21abb3da58a08c431abe1820.param,0.0,0.0,0.0,42.506,83966730.0,e697b3aee369ca4d7b13cc71a6a5ed14,100125.0,1.0,0.0,6.3870000000000005,15-45,62761.0,0.0,1057469.0,4637.0,4.034,17500.0,4637.0,-1.0,8682.0,0.0,530420.0,17161.0,83966730.0,20.0,1.775,5.809,3.16,1074971.0,False
300.0,a6fb6cef21abb3da58a08c431abe1820.param,1.0,0.0,0.0,44.291000000000004,83966730.0,e697b3aee369ca4d7b13cc71a6a5ed14,100125.0,1.0,0.0,6.315,15-45,62761.0,0.0,1057469.0,4637.0,3.971,17500.0,4637.0,-1.0,8682.0,0.0,530420.0,17161.0,83966730.0,20.0,1.766,5.737,3.16,1074971.0,False
300.0,a6fb6cef21abb3da58a08c431abe1820.param,2.0,0.0,0.0,44.913999999999994,83966730.0,e697b3aee369ca4d7b13cc71a6a5ed14,100125.0,1.0,0.0,6.407,15-45,62761.0,0.0,1057469.0,4637.0,4.051,17500.0,4637.0,-1.0,8682.0,0.0,530420.0,17161.0,83966730.0,20.0,1.7690000000000001,5.82,3.16,1074971.0,False
300.0,05e1a93acf56766caa36729883ed69ed.param,0.0,0.0,0.0,104.83,1571287961.0,7123e00f3dca7128a0ba0516a9816139,1653182.0,1.0,0.0,43.937,15-45,1431144.0,0.0,2587729.0,10336.0,10.006,33926.0,10336.0,-1.0,38740.0,0.0,3104434.0,33382.0,1571287961.0,37.0,32.503,42.50899999999999,3.16,2621657.0,False
300.0,05e1a93acf56766caa36729883ed69ed.param,1.0,0.0,0.0,104.35799999999999,1571287961.0,7123e00f3dca7128a0ba0516a9816139,1653182.0,1.0,0.0,44.081,15-45,1431144.0,0.0,2587729.0,10336.0,9.961,33926.0,10336.0,-1.0,38740.0,0.0,3104434.0,33382.0,1571287961.0,37.0,32.705,42.666000000000004,3.16,2621657.0,False
300.0,05e1a93acf56766caa36729883ed69ed.param,2.0,0.0,0.0,106.596,1571287961.0,7123e00f3dca7128a0ba0516a9816139,1653182.0,1.0,0.0,46.11600000000001,15-45,1431144.0,0.0,2587729.0,10336.0,10.439,33926.0,10336.0,-1.0,38740.0,0.0,3104434.0,33382.0,1571287961.0,37.0,33.902,44.341,3.16,2621657.0,False
300.0,b366bbc99f4b12f6958260432db8f433.param,0.0,0.0,0.0,46.637,600810857.0,a77c9dcf9a050cc7e98cbbd3d65afb56,134565.0,1.0,0.0,9.591000000000001,15-45,72123.0,0.0,1199819.0,4628.0,4.502,19356.0,4628.0,-1.0,11456.0,0.0,743126.0,18967.0,600810857.0,20.0,4.43,8.932,3.16,1219177.0,False
300.0,b366bbc99f4b12f6958260432db8f433.param,1.0,0.0,0.0,48.952,600810857.0,a77c9dcf9a050cc7e98cbbd3d65afb56,134565.0,1.0,0.0,9.59,15-45,72123.0,0.0,1199819.0,4628.0,4.529,19356.0,4628.0,-1.0,11456.0,0.0,743126.0,18967.0,600810857.0,20.0,4.394,8.923,3.16,1219177.0,False
300.0,b366bbc99f4b12f6958260432db8f433.param,2.0,0.0,0.0,46.746,600810857.0,a77c9dcf9a050cc7e98cbbd3d65afb56,134565.0,1.0,0.0,9.49,15-45,72123.0,0.0,1199819.0,4628.0,4.5310000000000015,19356.0,4628.0,-1.0,11456.0,0.0,743126.0,18967.0,600810857.0,20.0,4.316,8.847000000000003,3.16,1219177.0,False
300.0,86aef175e49750375aaf5bf4f54ac0c2.param,0.0,0.0,0.0,69.869,95956545.0,719d3c7a86f7afcf75d8a68e3bb92ab1,663978.0,1.0,0.0,15.908,15-45,621263.0,0.0,1820425.0,4709.0,7.06,26792.0,4709.0,-1.0,13313.0,0.0,1480791.0,26376.0,95956545.0,21.0,7.886,14.946,4.75,1847219.0,False
300.0,86aef175e49750375aaf5bf4f54ac0c2.param,1.0,0.0,0.0,71.702,95956545.0,719d3c7a86f7afcf75d8a68e3bb92ab1,663978.0,1.0,0.0,15.957,15-45,621263.0,0.0,1820425.0,4709.0,7.099,26792.0,4709.0,-1.0,13313.0,0.0,1480791.0,26376.0,95956545.0,21.0,7.891,14.99,4.75,1847219.0,False
300.0,86aef175e49750375aaf5bf4f54ac0c2.param,2.0,0.0,0.0,68.465,95956545.0,719d3c7a86f7afcf75d8a68e3bb92ab1,663978.0,1.0,0.0,15.842,15-45,621263.0,0.0,1820425.0,4709.0,7.032,26792.0,4709.0,-1.0,13313.0,0.0,1480791.0,26376.0,95956545.0,21.0,7.8420000000000005,14.874,4.75,1847219.0,False
300.0,a6ff37b0cef2bdd5134de774a2ccfcdd.param,0.0,0.0,0.0,7.7079999999999975,1571287961.0,52e78247fb98ea9c0c8da3292d581fbf,357362.0,1.0,0.0,4.4910000000000005,15-45,318113.0,0.0,151699.0,5657.0,0.537,2056.0,5657.0,-1.0,9727.0,0.0,967162.0,1743.0,1571287961.0,24.0,3.838,4.375,0.42,153757.0,False
300.0,a6ff37b0cef2bdd5134de774a2ccfcdd.param,1.0,0.0,0.0,7.2010000000000005,1571287961.0,52e78247fb98ea9c0c8da3292d581fbf,357362.0,1.0,0.0,4.3610000000000015,15-45,318113.0,0.0,151699.0,5657.0,0.54,2056.0,5657.0,-1.0,9727.0,0.0,967162.0,1743.0,1571287961.0,24.0,3.7060000000000004,4.246,0.42,153757.0,False
300.0,a6ff37b0cef2bdd5134de774a2ccfcdd.param,2.0,0.0,0.0,7.414,1571287961.0,52e78247fb98ea9c0c8da3292d581fbf,357362.0,1.0,0.0,4.416,15-45,318113.0,0.0,151699.0,5657.0,0.539,2056.0,5657.0,-1.0,9727.0,0.0,967162.0,1743.0,1571287961.0,24.0,3.763,4.302,0.42,153757.0,False
300.0,5aa281057d97f045673ea5f22f4a03c2.param,0.0,0.0,0.0,12.033,2050821110.0,4ee0f45cb38bde832b7836fdfe4d4b47,101926.0,1.0,0.0,2.741,15-45,58504.0,0.0,280031.0,5796.0,1.01,3951.0,5796.0,-1.0,9418.0,0.0,898533.0,3640.0,2050821110.0,25.0,1.555,2.565,0.94,283984.0,False
300.0,5aa281057d97f045673ea5f22f4a03c2.param,1.0,0.0,0.0,12.776,2050821110.0,4ee0f45cb38bde832b7836fdfe4d4b47,101926.0,1.0,0.0,2.842,15-45,58504.0,0.0,280031.0,5796.0,1.04,3951.0,5796.0,-1.0,9418.0,0.0,898533.0,3640.0,2050821110.0,25.0,1.609,2.6489999999999996,0.94,283984.0,False
300.0,5aa281057d97f045673ea5f22f4a03c2.param,2.0,0.0,0.0,12.857000000000001,2050821110.0,4ee0f45cb38bde832b7836fdfe4d4b47,101926.0,1.0,0.0,2.725,15-45,58504.0,0.0,280031.0,5796.0,1.005,3951.0,5796.0,-1.0,9418.0,0.0,898533.0,3640.0,2050821110.0,25.0,1.5430000000000001,2.548,0.94,283984.0,False
300.0,23179b628ad596b0808644865ee42008.param,0.0,0.0,0.0,19.496,1083416308.0,ab9cef8fa38b20428df39bbed4d71aa2,137835.0,1.0,0.0,4.181,15-45,112176.0,0.0,448797.0,4142.0,1.6740000000000002,7338.0,4142.0,-1.0,7392.0,0.0,709200.0,7058.0,1083416308.0,17.0,2.237,3.911,0.63,456137.0,False
300.0,23179b628ad596b0808644865ee42008.param,1.0,0.0,0.0,18.604,1083416308.0,ab9cef8fa38b20428df39bbed4d71aa2,137835.0,1.0,0.0,4.086,15-45,112176.0,0.0,448797.0,4142.0,1.6469999999999998,7338.0,4142.0,-1.0,7392.0,0.0,709200.0,7058.0,1083416308.0,17.0,2.1630000000000003,3.81,0.63,456137.0,False
300.0,23179b628ad596b0808644865ee42008.param,2.0,0.0,0.0,19.802,1083416308.0,ab9cef8fa38b20428df39bbed4d71aa2,137835.0,1.0,0.0,4.412,15-45,112176.0,0.0,448797.0,4142.0,1.7590000000000001,7338.0,4142.0,-1.0,7392.0,0.0,709200.0,7058.0,1083416308.0,17.0,2.315,4.074,0.63,456137.0,False
300.0,099cc4db78f534b541e03b3d21476677.param,0.0,0.0,0.0,11.543,693280077.0,ba8c18f90fbdb844a3d4caebcdd8ded1,713335.0,1.0,0.0,4.836,15-45,663310.0,0.0,247757.0,5773.0,0.902,3609.0,5773.0,-1.0,10645.0,0.0,1522074.0,3260.0,693280077.0,25.0,3.767,4.669,0.63,251368.0,False
300.0,099cc4db78f534b541e03b3d21476677.param,1.0,0.0,0.0,11.482999999999999,693280077.0,ba8c18f90fbdb844a3d4caebcdd8ded1,713335.0,1.0,0.0,4.84,15-45,663310.0,0.0,247757.0,5773.0,0.96,3609.0,5773.0,-1.0,10645.0,0.0,1522074.0,3260.0,693280077.0,25.0,3.7089999999999996,4.669,0.63,251368.0,False
300.0,099cc4db78f534b541e03b3d21476677.param,2.0,0.0,0.0,11.667,693280077.0,ba8c18f90fbdb844a3d4caebcdd8ded1,713335.0,1.0,0.0,4.8839999999999995,15-45,663310.0,0.0,247757.0,5773.0,0.9179999999999999,3609.0,5773.0,-1.0,10645.0,0.0,1522074.0,3260.0,693280077.0,25.0,3.805,4.723,0.63,251368.0,False
300.0,af0a6d4f3f8e41dd411ac993d1c5e5ad.param,0.0,0.0,0.0,21.923000000000002,34754393.0,c7d150406cb435842ac081c6b0027ab3,826655.0,1.0,0.0,7.171,15-45,785235.0,0.0,468962.0,5741.0,1.7469999999999999,6037.0,5741.0,-1.0,22306.0,0.0,1621715.0,5641.0,34754393.0,25.0,5.132999999999999,6.88,0.94,475001.0,False
300.0,af0a6d4f3f8e41dd411ac993d1c5e5ad.param,1.0,0.0,0.0,21.309,34754393.0,c7d150406cb435842ac081c6b0027ab3,826655.0,1.0,0.0,7.117000000000001,15-45,785235.0,0.0,468962.0,5741.0,1.739,6037.0,5741.0,-1.0,22306.0,0.0,1621715.0,5641.0,34754393.0,25.0,5.069,6.808,0.94,475001.0,False
300.0,af0a6d4f3f8e41dd411ac993d1c5e5ad.param,2.0,0.0,0.0,22.502,34754393.0,c7d150406cb435842ac081c6b0027ab3,826655.0,1.0,0.0,7.017,15-45,785235.0,0.0,468962.0,5741.0,1.8459999999999999,6037.0,5741.0,-1.0,22306.0,0.0,1621715.0,5641.0,34754393.0,25.0,4.901,6.747000000000001,0.94,475001.0,False
300.0,f6a9922fc219371dd62d3d64f513f435.param,0.0,0.0,0.0,32.493,1923385776.0,90d35d30f51300e6dd3e60fe4aeba564,192188.0,1.0,0.0,5.565,15-45,173857.0,0.0,789389.0,5794.0,3.21,11131.0,5794.0,-1.0,11104.0,0.0,918229.0,10798.0,1923385776.0,25.0,1.857,5.067,2.11,800522.0,False
300.0,f6a9922fc219371dd62d3d64f513f435.param,1.0,0.0,0.0,34.323,1923385776.0,90d35d30f51300e6dd3e60fe4aeba564,192188.0,1.0,0.0,5.172999999999999,15-45,173857.0,0.0,789389.0,5794.0,3.035,11131.0,5794.0,-1.0,11104.0,0.0,918229.0,10798.0,1923385776.0,25.0,1.6969999999999998,4.732,2.11,800522.0,False
300.0,f6a9922fc219371dd62d3d64f513f435.param,2.0,0.0,0.0,31.31900000000001,1923385776.0,90d35d30f51300e6dd3e60fe4aeba564,192188.0,1.0,0.0,5.12,15-45,173857.0,0.0,789389.0,5794.0,2.983,11131.0,5794.0,-1.0,11104.0,0.0,918229.0,10798.0,1923385776.0,25.0,1.689,4.672,2.11,800522.0,False
300.0,85c2d2f2fd6238e8bf0bbcfd97821631.param,0.0,0.0,0.0,48.732,1979567522.0,627e032b4530aeaa78ff50b91d8cf460,104907.0,1.0,0.0,9.506,15-45,75044.0,0.0,1244801.0,10258.0,4.673,16651.0,10258.0,-1.0,10405.0,0.0,1639564.0,16180.0,1979567522.0,36.0,4.1419999999999995,8.815,0.94,1261454.0,False
300.0,85c2d2f2fd6238e8bf0bbcfd97821631.param,1.0,0.0,0.0,48.70399999999999,1979567522.0,627e032b4530aeaa78ff50b91d8cf460,104907.0,1.0,0.0,9.547,15-45,75044.0,0.0,1244801.0,10258.0,4.746,16651.0,10258.0,-1.0,10405.0,0.0,1639564.0,16180.0,1979567522.0,36.0,4.127,8.873,0.94,1261454.0,False
300.0,85c2d2f2fd6238e8bf0bbcfd97821631.param,2.0,0.0,0.0,51.898999999999994,1979567522.0,627e032b4530aeaa78ff50b91d8cf460,104907.0,1.0,0.0,9.707,15-45,75044.0,0.0,1244801.0,10258.0,4.7410000000000005,16651.0,10258.0,-1.0,10405.0,0.0,1639564.0,16180.0,1979567522.0,36.0,4.265,9.006,0.94,1261454.0,False
300.0,2b9f5024001a051a59314cacbe0b17e8.param,0.0,0.0,0.0,52.413999999999994,1235388569.0,339666ff313e697b512e98daed4f5974,109295.0,1.0,0.0,7.664,15-45,71830.0,0.0,1369593.0,4637.0,5.166,21572.0,4637.0,-1.0,11128.0,0.0,692952.0,21166.0,1235388569.0,20.0,1.7009999999999998,6.867000000000001,4.75,1391167.0,False
300.0,2b9f5024001a051a59314cacbe0b17e8.param,1.0,0.0,0.0,58.677,1235388569.0,339666ff313e697b512e98daed4f5974,109295.0,1.0,0.0,7.5420000000000025,15-45,71830.0,0.0,1369593.0,4637.0,5.143,21572.0,4637.0,-1.0,11128.0,0.0,692952.0,21166.0,1235388569.0,20.0,1.665,6.808,4.75,1391167.0,False
300.0,2b9f5024001a051a59314cacbe0b17e8.param,2.0,0.0,0.0,59.313,1235388569.0,339666ff313e697b512e98daed4f5974,109295.0,1.0,0.0,7.949,15-45,71830.0,0.0,1369593.0,4637.0,5.131,21572.0,4637.0,-1.0,11128.0,0.0,692952.0,21166.0,1235388569.0,20.0,1.771,6.902,4.75,1391167.0,False
300.0,5acf53328f53703eb5ee3288a3efea11.param,0.0,0.0,0.0,30.344,590654055.0,ccec6056731dc6120558a4adeb4ebc44,64831.0,1.0,0.0,10.594000000000001,15-45,45407.0,0.0,691301.0,9693.0,2.61,8983.0,9693.0,-1.0,4419.0,0.0,1221002.0,8578.0,590654055.0,32.0,7.468,10.078,2.11,700286.0,False
300.0,5acf53328f53703eb5ee3288a3efea11.param,1.0,0.0,0.0,30.544,590654055.0,ccec6056731dc6120558a4adeb4ebc44,64831.0,1.0,0.0,10.238,15-45,45407.0,0.0,691301.0,9693.0,2.591,8983.0,9693.0,-1.0,4419.0,0.0,1221002.0,8578.0,590654055.0,32.0,7.254,9.845,2.11,700286.0,False
300.0,5acf53328f53703eb5ee3288a3efea11.param,2.0,0.0,0.0,28.22,590654055.0,ccec6056731dc6120558a4adeb4ebc44,64831.0,1.0,0.0,10.556,15-45,45407.0,0.0,691301.0,9693.0,2.582,8983.0,9693.0,-1.0,4419.0,0.0,1221002.0,8578.0,590654055.0,32.0,7.445,10.027000000000001,2.11,700286.0,False
300.0,3cadb3807e2a210325a234888d281fbd.param,0.0,0.0,0.0,8.338,1242281828.0,c5a0006388739bd6ac28b8d1abbfc67e,25848.0,1.0,0.0,1.032,15-45,18779.0,0.0,176177.0,2339.0,0.6559999999999999,3071.0,2339.0,-1.0,1772.0,0.0,234345.0,2826.0,1242281828.0,13.0,0.24100000000000002,0.897,0.63,179250.0,False
300.0,3cadb3807e2a210325a234888d281fbd.param,1.0,0.0,0.0,7.975,1242281828.0,c5a0006388739bd6ac28b8d1abbfc67e,25848.0,1.0,0.0,0.991,15-45,18779.0,0.0,176177.0,2339.0,0.622,3071.0,2339.0,-1.0,1772.0,0.0,234345.0,2826.0,1242281828.0,13.0,0.245,0.867,0.63,179250.0,False
300.0,3cadb3807e2a210325a234888d281fbd.param,2.0,0.0,0.0,8.342,1242281828.0,c5a0006388739bd6ac28b8d1abbfc67e,25848.0,1.0,0.0,0.998,15-45,18779.0,0.0,176177.0,2339.0,0.628,3071.0,2339.0,-1.0,1772.0,0.0,234345.0,2826.0,1242281828.0,13.0,0.245,0.873,0.63,179250.0,False
300.0,7c8d5058b5b148685018d3330ac42f68.param,0.0,0.0,0.0,48.398999999999994,1258716603.0,f7797be9edb791261f2d7f9b2aad449c,299529.0,1.0,0.0,9.347000000000001,15-45,254230.0,0.0,1235333.0,6310.0,4.817,17056.0,6310.0,-1.0,9028.0,0.0,1090107.0,16687.0,1258716603.0,29.0,3.614,8.431000000000001,4.75,1252391.0,False
300.0,7c8d5058b5b148685018d3330ac42f68.param,1.0,0.0,0.0,50.386,1258716603.0,f7797be9edb791261f2d7f9b2aad449c,299529.0,1.0,0.0,8.396,15-45,254230.0,0.0,1235333.0,6310.0,4.637,17056.0,6310.0,-1.0,9028.0,0.0,1090107.0,16687.0,1258716603.0,29.0,3.0860000000000003,7.723,4.75,1252391.0,False
300.0,7c8d5058b5b148685018d3330ac42f68.param,2.0,0.0,0.0,47.523999999999994,1258716603.0,f7797be9edb791261f2d7f9b2aad449c,299529.0,1.0,0.0,8.562000000000001,15-45,254230.0,0.0,1235333.0,6310.0,4.754,17056.0,6310.0,-1.0,9028.0,0.0,1090107.0,16687.0,1258716603.0,29.0,3.137,7.891,4.75,1252391.0,False
300.0,38650beb2ce576c812a3ef6ac5621787.param,0.0,0.0,0.0,9.538,83966730.0,1ae88514da233414ba83a9f55dec15de,241579.0,1.0,0.0,2.986,15-45,215320.0,0.0,212595.0,4607.0,0.768,3033.0,4607.0,-1.0,7245.0,0.0,948358.0,2738.0,83966730.0,20.0,2.06,2.8280000000000003,0.63,215630.0,False
300.0,38650beb2ce576c812a3ef6ac5621787.param,1.0,0.0,0.0,9.401,83966730.0,1ae88514da233414ba83a9f55dec15de,241579.0,1.0,0.0,3.051,15-45,215320.0,0.0,212595.0,4607.0,0.828,3033.0,4607.0,-1.0,7245.0,0.0,948358.0,2738.0,83966730.0,20.0,2.0709999999999997,2.8989999999999996,0.63,215630.0,False
300.0,38650beb2ce576c812a3ef6ac5621787.param,2.0,0.0,0.0,9.714,83966730.0,1ae88514da233414ba83a9f55dec15de,241579.0,1.0,0.0,2.9330000000000003,15-45,215320.0,0.0,212595.0,4607.0,0.777,3033.0,4607.0,-1.0,7245.0,0.0,948358.0,2738.0,83966730.0,20.0,2.011,2.7880000000000003,0.63,215630.0,False
300.0,53a3b10a6d39a1f0633d42a0b8cc93a7.param,0.0,0.0,0.0,15.058,1405409883.0,1ce07075e9f1e9bb4aa8b8c9c18c9f0c,571763.0,1.0,0.0,6.959,15-45,501653.0,0.0,350198.0,9691.0,1.2690000000000001,4693.0,9691.0,-1.0,10908.0,0.0,1466248.0,4381.0,1405409883.0,32.0,5.391,6.66,0.63,354893.0,False
300.0,53a3b10a6d39a1f0633d42a0b8cc93a7.param,1.0,0.0,0.0,14.901,1405409883.0,1ce07075e9f1e9bb4aa8b8c9c18c9f0c,571763.0,1.0,0.0,6.502999999999999,15-45,501653.0,0.0,350198.0,9691.0,1.291,4693.0,9691.0,-1.0,10908.0,0.0,1466248.0,4381.0,1405409883.0,32.0,4.996,6.287000000000001,0.63,354893.0,False
300.0,53a3b10a6d39a1f0633d42a0b8cc93a7.param,2.0,0.0,0.0,15.855,1405409883.0,1ce07075e9f1e9bb4aa8b8c9c18c9f0c,571763.0,1.0,0.0,6.497000000000001,15-45,501653.0,0.0,350198.0,9691.0,1.273,4693.0,9691.0,-1.0,10908.0,0.0,1466248.0,4381.0,1405409883.0,32.0,5.011,6.284,0.63,354893.0,False
300.0,947c519055ac35bb731937204fc0d266.param,0.0,0.0,0.0,53.69,1979567522.0,61131558a7a6ee9ef6a5d91659c8b4ed,216794.0,1.0,0.0,35.827,15-45,133906.0,0.0,1392239.0,9727.0,5.41,17746.0,9727.0,-1.0,15237.0,0.0,3704761.0,17332.0,1979567522.0,33.0,29.642,35.052,4.75,1409987.0,False
300.0,947c519055ac35bb731937204fc0d266.param,1.0,0.0,0.0,56.008,1979567522.0,61131558a7a6ee9ef6a5d91659c8b4ed,216794.0,1.0,0.0,39.343,15-45,133906.0,0.0,1392239.0,9727.0,5.38,17746.0,9727.0,-1.0,15237.0,0.0,3704761.0,17332.0,1979567522.0,33.0,33.21,38.59,4.75,1409987.0,False
300.0,947c519055ac35bb731937204fc0d266.param,2.0,0.0,0.0,57.121,1979567522.0,61131558a7a6ee9ef6a5d91659c8b4ed,216794.0,1.0,0.0,39.294000000000004,15-45,133906.0,0.0,1392239.0,9727.0,5.3210000000000015,17746.0,9727.0,-1.0,15237.0,0.0,3704761.0,17332.0,1979567522.0,33.0,33.086999999999996,38.408,4.75,1409987.0,False
300.0,5270155d690360dab58e1b470ef17ea7.param,0.0,0.0,0.0,38.37,270657042.0,3abf2b01ce0429794ce85b39147be354,213973.0,1.0,0.0,5.962999999999999,15-45,189053.0,0.0,928243.0,4118.0,3.514,15161.0,4118.0,-1.0,8902.0,0.0,998027.0,14802.0,270657042.0,17.0,1.9180000000000001,5.432,0.94,943406.0,False
300.0,5270155d690360dab58e1b470ef17ea7.param,1.0,0.0,0.0,36.177,270657042.0,3abf2b01ce0429794ce85b39147be354,213973.0,1.0,0.0,5.975,15-45,189053.0,0.0,928243.0,4118.0,3.5069999999999997,15161.0,4118.0,-1.0,8902.0,0.0,998027.0,14802.0,270657042.0,17.0,1.921,5.428,0.94,943406.0,False
300.0,5270155d690360dab58e1b470ef17ea7.param,2.0,0.0,0.0,37.238,270657042.0,3abf2b01ce0429794ce85b39147be354,213973.0,1.0,0.0,6.125,15-45,189053.0,0.0,928243.0,4118.0,3.55,15161.0,4118.0,-1.0,8902.0,0.0,998027.0,14802.0,270657042.0,17.0,2.031,5.581,0.94,943406.0,False
300.0,62e0a8d6f7569c04cf8f5f709636e77e.param,0.0,0.0,0.0,26.945999999999998,1057470620.0,6d79f3c911f20223cb7afc6a0b373fb3,112728.0,1.0,0.0,4.748,15-45,58048.0,0.0,671081.0,6312.0,2.469,8892.0,6312.0,-1.0,12365.0,0.0,918790.0,8471.0,1057470620.0,29.0,1.903,4.372,2.11,679975.0,False
300.0,62e0a8d6f7569c04cf8f5f709636e77e.param,1.0,0.0,0.0,28.874000000000002,1057470620.0,6d79f3c911f20223cb7afc6a0b373fb3,112728.0,1.0,0.0,4.816,15-45,58048.0,0.0,671081.0,6312.0,2.5340000000000003,8892.0,6312.0,-1.0,12365.0,0.0,918790.0,8471.0,1057470620.0,29.0,1.902,4.436,2.11,679975.0,False
300.0,62e0a8d6f7569c04cf8f5f709636e77e.param,2.0,0.0,0.0,28.467,1057470620.0,6d79f3c911f20223cb7afc6a0b373fb3,112728.0,1.0,0.0,4.768,15-45,58048.0,0.0,671081.0,6312.0,2.494,8892.0,6312.0,-1.0,12365.0,0.0,918790.0,8471.0,1057470620.0,29.0,1.893,4.387,2.11,679975.0,False
300.0,d8e0991db153700fc6f942a70d96d0d8.param,0.0,0.0,0.0,10.212,270657042.0,aade10a2b8ae7e8ba085a2146ce3beb0,62864.0,1.0,0.0,1.6909999999999998,15-45,49751.0,0.0,233011.0,4065.0,0.897,3551.0,4065.0,-1.0,3298.0,0.0,453462.0,3270.0,270657042.0,16.0,0.643,1.54,0.42,236564.0,False
300.0,d8e0991db153700fc6f942a70d96d0d8.param,1.0,0.0,0.0,10.152000000000001,270657042.0,aade10a2b8ae7e8ba085a2146ce3beb0,62864.0,1.0,0.0,1.66,15-45,49751.0,0.0,233011.0,4065.0,0.8390000000000001,3551.0,4065.0,-1.0,3298.0,0.0,453462.0,3270.0,270657042.0,16.0,0.667,1.506,0.42,236564.0,False
300.0,d8e0991db153700fc6f942a70d96d0d8.param,2.0,0.0,0.0,10.36,270657042.0,aade10a2b8ae7e8ba085a2146ce3beb0,62864.0,1.0,0.0,1.6840000000000002,15-45,49751.0,0.0,233011.0,4065.0,0.8340000000000001,3551.0,4065.0,-1.0,3298.0,0.0,453462.0,3270.0,270657042.0,16.0,0.6890000000000001,1.5230000000000001,0.42,236564.0,False
300.0,638c867046eca01fa57da212f4a82591.param,0.0,0.0,0.0,25.601,83966730.0,708d2193c5a7bc15bab2b49c2bac8405,74109.0,1.0,0.0,3.687,15-45,53998.0,0.0,634782.0,4120.0,2.354,11826.0,4120.0,-1.0,7831.0,0.0,590607.0,11539.0,83966730.0,17.0,0.973,3.327,0.63,646610.0,False
300.0,638c867046eca01fa57da212f4a82591.param,1.0,0.0,0.0,27.721,83966730.0,708d2193c5a7bc15bab2b49c2bac8405,74109.0,1.0,0.0,3.7289999999999996,15-45,53998.0,0.0,634782.0,4120.0,2.39,11826.0,4120.0,-1.0,7831.0,0.0,590607.0,11539.0,83966730.0,17.0,0.971,3.361,0.63,646610.0,False
300.0,638c867046eca01fa57da212f4a82591.param,2.0,0.0,0.0,28.675,83966730.0,708d2193c5a7bc15bab2b49c2bac8405,74109.0,1.0,0.0,3.7560000000000002,15-45,53998.0,0.0,634782.0,4120.0,2.396,11826.0,4120.0,-1.0,7831.0,0.0,590607.0,11539.0,83966730.0,17.0,0.976,3.372,0.63,646610.0,False
300.0,80402835d130022a9820ca0328640cdb.param,0.0,0.0,0.0,30.224,554543104.0,a1dcae8e441f00853dccd762abb18d90,83485.0,1.0,0.0,5.8320000000000025,15-45,33766.0,0.0,705143.0,4633.0,2.833,12412.0,4633.0,-1.0,14577.0,0.0,750367.0,11932.0,554543104.0,20.0,2.48,5.313,0.63,717557.0,False
300.0,80402835d130022a9820ca0328640cdb.param,1.0,0.0,0.0,29.204,554543104.0,a1dcae8e441f00853dccd762abb18d90,83485.0,1.0,0.0,5.5089999999999995,15-45,33766.0,0.0,705143.0,4633.0,2.748,12412.0,4633.0,-1.0,14577.0,0.0,750367.0,11932.0,554543104.0,20.0,2.355,5.103,0.63,717557.0,False
300.0,80402835d130022a9820ca0328640cdb.param,2.0,0.0,0.0,31.101999999999997,554543104.0,a1dcae8e441f00853dccd762abb18d90,83485.0,1.0,0.0,5.375,15-45,33766.0,0.0,705143.0,4633.0,2.636,12412.0,4633.0,-1.0,14577.0,0.0,750367.0,11932.0,554543104.0,20.0,2.3209999999999997,4.957,0.63,717557.0,False
300.0,45f3b2d841eff242a2cd183a0c58dc4d.param,0.0,0.0,0.0,13.847999999999999,1257636424.0,59225c2c96944ae871ab5725a58b07a6,709231.0,1.0,0.0,5.0680000000000005,15-45,662032.0,0.0,300462.0,9607.0,1.093,4281.0,9607.0,-1.0,10961.0,0.0,1955661.0,3869.0,1257636424.0,32.0,3.778,4.871,0.63,304745.0,False
300.0,45f3b2d841eff242a2cd183a0c58dc4d.param,1.0,0.0,0.0,12.744000000000002,1257636424.0,59225c2c96944ae871ab5725a58b07a6,709231.0,1.0,0.0,5.1770000000000005,15-45,662032.0,0.0,300462.0,9607.0,1.093,4281.0,9607.0,-1.0,10961.0,0.0,1955661.0,3869.0,1257636424.0,32.0,3.8480000000000003,4.941,0.63,304745.0,False
300.0,45f3b2d841eff242a2cd183a0c58dc4d.param,2.0,0.0,0.0,14.012,1257636424.0,59225c2c96944ae871ab5725a58b07a6,709231.0,1.0,0.0,5.7379999999999995,15-45,662032.0,0.0,300462.0,9607.0,1.119,4281.0,9607.0,-1.0,10961.0,0.0,1955661.0,3869.0,1257636424.0,32.0,4.37,5.489,0.63,304745.0,False
300.0,ea7bd7600bcbe337da419744986a2765.param,0.0,0.0,0.0,62.714,1057470620.0,b370de3aeb17723f23350d2169dd48b4,77356.0,1.0,0.0,9.896,15-45,42172.0,0.0,1623172.0,4702.0,6.1339999999999995,21081.0,4702.0,-1.0,10454.0,0.0,934913.0,20611.0,1057470620.0,21.0,2.898,9.032,4.75,1644255.0,False
300.0,ea7bd7600bcbe337da419744986a2765.param,1.0,0.0,0.0,69.64399999999999,1057470620.0,b370de3aeb17723f23350d2169dd48b4,77356.0,1.0,0.0,10.226,15-45,42172.0,0.0,1623172.0,4702.0,6.435,21081.0,4702.0,-1.0,10454.0,0.0,934913.0,20611.0,1057470620.0,21.0,2.9130000000000003,9.347999999999999,4.75,1644255.0,False
300.0,ea7bd7600bcbe337da419744986a2765.param,2.0,0.0,0.0,66.694,1057470620.0,b370de3aeb17723f23350d2169dd48b4,77356.0,1.0,0.0,10.03,15-45,42172.0,0.0,1623172.0,4702.0,6.1579999999999995,21081.0,4702.0,-1.0,10454.0,0.0,934913.0,20611.0,1057470620.0,21.0,2.977,9.135,4.75,1644255.0,False
300.0,96344359b1d56ff7726ed1408e74685f.param,0.0,0.0,0.0,41.768,746355495.0,c2d87a08c600a35e3afc5b030c858ed3,121357.0,1.0,0.0,5.402,15-45,96061.0,0.0,981903.0,2358.0,3.659,17546.0,2358.0,-1.0,9757.0,0.0,563993.0,17202.0,746355495.0,13.0,1.173,4.832,3.16,999451.0,False
300.0,96344359b1d56ff7726ed1408e74685f.param,1.0,0.0,0.0,39.336999999999996,746355495.0,c2d87a08c600a35e3afc5b030c858ed3,121357.0,1.0,0.0,5.485,15-45,96061.0,0.0,981903.0,2358.0,3.745,17546.0,2358.0,-1.0,9757.0,0.0,563993.0,17202.0,746355495.0,13.0,1.2,4.945,3.16,999451.0,False
300.0,96344359b1d56ff7726ed1408e74685f.param,2.0,0.0,0.0,40.036,746355495.0,c2d87a08c600a35e3afc5b030c858ed3,121357.0,1.0,0.0,5.426,15-45,96061.0,0.0,981903.0,2358.0,3.665,17546.0,2358.0,-1.0,9757.0,0.0,563993.0,17202.0,746355495.0,13.0,1.212,4.877,3.16,999451.0,False
300.0,9c8685614d2fcc8ed75e3df0b278a590.param,0.0,0.0,0.0,28.502,506016928.0,b8a1dbc3f5b91d4c696a79fc17cae9a2,76497.0,1.0,0.0,4.388999999999999,15-45,46897.0,0.0,695460.0,5604.0,2.5780000000000003,10011.0,5604.0,-1.0,4937.0,0.0,907930.0,9631.0,506016928.0,24.0,1.4240000000000002,4.002,2.11,705473.0,False
300.0,9c8685614d2fcc8ed75e3df0b278a590.param,1.0,0.0,0.0,29.243000000000002,506016928.0,b8a1dbc3f5b91d4c696a79fc17cae9a2,76497.0,1.0,0.0,4.4639999999999995,15-45,46897.0,0.0,695460.0,5604.0,2.5839999999999996,10011.0,5604.0,-1.0,4937.0,0.0,907930.0,9631.0,506016928.0,24.0,1.479,4.063,2.11,705473.0,False
300.0,9c8685614d2fcc8ed75e3df0b278a590.param,2.0,0.0,0.0,29.913,506016928.0,b8a1dbc3f5b91d4c696a79fc17cae9a2,76497.0,1.0,0.0,4.562,15-45,46897.0,0.0,695460.0,5604.0,2.64,10011.0,5604.0,-1.0,4937.0,0.0,907930.0,9631.0,506016928.0,24.0,1.516,4.1560000000000015,2.11,705473.0,False
300.0,40381a7c5087f4ca968ce41333deeb15.param,0.0,0.0,0.0,27.338,746355495.0,e2b71ac1a3643a09450ff8df2b990448,142322.0,1.0,0.0,4.723,15-45,115956.0,0.0,659192.0,4085.0,2.454,11481.0,4085.0,-1.0,5684.0,0.0,652603.0,11191.0,746355495.0,16.0,1.889,4.343,2.11,670675.0,False
300.0,40381a7c5087f4ca968ce41333deeb15.param,1.0,0.0,0.0,29.025,746355495.0,e2b71ac1a3643a09450ff8df2b990448,142322.0,1.0,0.0,4.71,15-45,115956.0,0.0,659192.0,4085.0,2.454,11481.0,4085.0,-1.0,5684.0,0.0,652603.0,11191.0,746355495.0,16.0,1.881,4.335,2.11,670675.0,False
300.0,40381a7c5087f4ca968ce41333deeb15.param,2.0,0.0,0.0,30.211,746355495.0,e2b71ac1a3643a09450ff8df2b990448,142322.0,1.0,0.0,4.9719999999999995,15-45,115956.0,0.0,659192.0,4085.0,2.56,11481.0,4085.0,-1.0,5684.0,0.0,652603.0,11191.0,746355495.0,16.0,2.0340000000000003,4.593999999999999,2.11,670675.0,False
300.0,62b5368b71f5a58af6d0df94093218da.param,0.0,0.0,0.0,49.185,590654055.0,d11edfa4d41db78c73e2a519f3a0bf1f,365971.0,1.0,0.0,9.808,15-45,285756.0,0.0,1202352.0,6277.0,4.591,17881.0,6277.0,-1.0,15225.0,0.0,1040246.0,17471.0,590654055.0,28.0,4.5489999999999995,9.14,0.94,1220235.0,False
300.0,62b5368b71f5a58af6d0df94093218da.param,1.0,0.0,0.0,47.614,590654055.0,d11edfa4d41db78c73e2a519f3a0bf1f,365971.0,1.0,0.0,9.575,15-45,285756.0,0.0,1202352.0,6277.0,4.522,17881.0,6277.0,-1.0,15225.0,0.0,1040246.0,17471.0,590654055.0,28.0,4.363,8.885,0.94,1220235.0,False
300.0,62b5368b71f5a58af6d0df94093218da.param,2.0,0.0,0.0,47.821999999999996,590654055.0,d11edfa4d41db78c73e2a519f3a0bf1f,365971.0,1.0,0.0,9.748,15-45,285756.0,0.0,1202352.0,6277.0,4.575,17881.0,6277.0,-1.0,15225.0,0.0,1040246.0,17471.0,590654055.0,28.0,4.294,8.869,0.94,1220235.0,False
300.0,7b5860221ac4bf880739e34b36b6d1fb.param,0.0,0.0,0.0,43.93899999999999,95956545.0,f5f602fc14a8e1ebc17f144ece01fd35,94837.0,1.0,0.0,7.312,15-45,57674.0,0.0,1149927.0,5710.0,4.5089999999999995,14946.0,5710.0,-1.0,7401.0,0.0,919346.0,14561.0,95956545.0,25.0,2.185,6.694,3.16,1164875.0,False
300.0,7b5860221ac4bf880739e34b36b6d1fb.param,1.0,0.0,0.0,48.442,95956545.0,f5f602fc14a8e1ebc17f144ece01fd35,94837.0,1.0,0.0,7.569,15-45,57674.0,0.0,1149927.0,5710.0,4.368,14946.0,5710.0,-1.0,7401.0,0.0,919346.0,14561.0,95956545.0,25.0,2.331,6.699,3.16,1164875.0,False
300.0,7b5860221ac4bf880739e34b36b6d1fb.param,2.0,0.0,0.0,50.50100000000001,95956545.0,f5f602fc14a8e1ebc17f144ece01fd35,94837.0,1.0,0.0,7.1960000000000015,15-45,57674.0,0.0,1149927.0,5710.0,4.345,14946.0,5710.0,-1.0,7401.0,0.0,919346.0,14561.0,95956545.0,25.0,2.1959999999999997,6.541,3.16,1164875.0,False
300.0,da23055718a39734c4c353a6c30d342b.param,0.0,0.0,0.0,49.438,1405409883.0,09ddd95c099a176d891b23677dcf9260,98755.0,1.0,0.0,6.843999999999999,15-45,70099.0,0.0,1214846.0,4765.0,4.584,20350.0,4765.0,-1.0,10716.0,0.0,704023.0,19987.0,1405409883.0,21.0,1.589,6.172999999999999,0.94,1235198.0,False
300.0,da23055718a39734c4c353a6c30d342b.param,1.0,0.0,0.0,50.42100000000001,1405409883.0,09ddd95c099a176d891b23677dcf9260,98755.0,1.0,0.0,6.7829999999999995,15-45,70099.0,0.0,1214846.0,4765.0,4.5569999999999995,20350.0,4765.0,-1.0,10716.0,0.0,704023.0,19987.0,1405409883.0,21.0,1.557,6.114,0.94,1235198.0,False
300.0,da23055718a39734c4c353a6c30d342b.param,2.0,0.0,0.0,47.607,1405409883.0,09ddd95c099a176d891b23677dcf9260,98755.0,1.0,0.0,6.9270000000000005,15-45,70099.0,0.0,1214846.0,4765.0,4.622,20350.0,4765.0,-1.0,10716.0,0.0,704023.0,19987.0,1405409883.0,21.0,1.6,6.222,0.94,1235198.0,False
300.0,a14c00732fcd60d2f8416079c6315cd5.param,0.0,0.0,0.0,17.642,95956545.0,6352ef887288441d317c04dac8d13c78,106943.0,1.0,0.0,3.923,15-45,67669.0,0.0,396289.0,5607.0,1.453,5531.0,5607.0,-1.0,6822.0,0.0,1027517.0,5212.0,95956545.0,24.0,2.233,3.6860000000000004,0.42,401822.0,False
300.0,a14c00732fcd60d2f8416079c6315cd5.param,1.0,0.0,0.0,17.561,95956545.0,6352ef887288441d317c04dac8d13c78,106943.0,1.0,0.0,3.9930000000000003,15-45,67669.0,0.0,396289.0,5607.0,1.499,5531.0,5607.0,-1.0,6822.0,0.0,1027517.0,5212.0,95956545.0,24.0,2.239,3.738,0.42,401822.0,False
300.0,a14c00732fcd60d2f8416079c6315cd5.param,2.0,0.0,0.0,18.336,95956545.0,6352ef887288441d317c04dac8d13c78,106943.0,1.0,0.0,3.9739999999999998,15-45,67669.0,0.0,396289.0,5607.0,1.485,5531.0,5607.0,-1.0,6822.0,0.0,1027517.0,5212.0,95956545.0,24.0,2.233,3.718,0.42,401822.0,False
300.0,902f37d04b6af4dd50620fbce6af0b97.param,0.0,0.0,0.0,49.854,1258716603.0,2285e72551a7d5f9d699653f67b9befb,157064.0,1.0,0.0,7.934,15-45,113362.0,0.0,1240469.0,4648.0,4.666,19552.0,4648.0,-1.0,12678.0,0.0,830433.0,19186.0,1258716603.0,20.0,2.595,7.261,4.75,1260023.0,False
300.0,902f37d04b6af4dd50620fbce6af0b97.param,1.0,0.0,0.0,51.44600000000001,1258716603.0,2285e72551a7d5f9d699653f67b9befb,157064.0,1.0,0.0,7.989,15-45,113362.0,0.0,1240469.0,4648.0,4.68,19552.0,4648.0,-1.0,12678.0,0.0,830433.0,19186.0,1258716603.0,20.0,2.63,7.31,4.75,1260023.0,False
300.0,902f37d04b6af4dd50620fbce6af0b97.param,2.0,0.0,0.0,51.45399999999999,1258716603.0,2285e72551a7d5f9d699653f67b9befb,157064.0,1.0,0.0,8.036,15-45,113362.0,0.0,1240469.0,4648.0,4.738,19552.0,4648.0,-1.0,12678.0,0.0,830433.0,19186.0,1258716603.0,20.0,2.614,7.352,4.75,1260023.0,False
300.0,e3acebf7a8b1b7baee676b2504100871.param,0.0,0.0,0.0,10.065,600810857.0,e53cdcae8931f9380a9b9344d5a9548c,220751.0,1.0,0.0,3.61,15-45,177550.0,0.0,211073.0,5699.0,0.7609999999999999,2947.0,5699.0,-1.0,9406.0,0.0,1093439.0,2572.0,600810857.0,24.0,2.7089999999999996,3.47,0.63,214022.0,False
300.0,e3acebf7a8b1b7baee676b2504100871.param,1.0,0.0,0.0,10.015,600810857.0,e53cdcae8931f9380a9b9344d5a9548c,220751.0,1.0,0.0,3.6839999999999997,15-45,177550.0,0.0,211073.0,5699.0,0.802,2947.0,5699.0,-1.0,9406.0,0.0,1093439.0,2572.0,600810857.0,24.0,2.738,3.54,0.63,214022.0,False
300.0,e3acebf7a8b1b7baee676b2504100871.param,2.0,0.0,0.0,9.923,600810857.0,e53cdcae8931f9380a9b9344d5a9548c,220751.0,1.0,0.0,3.445,15-45,177550.0,0.0,211073.0,5699.0,0.746,2947.0,5699.0,-1.0,9406.0,0.0,1093439.0,2572.0,600810857.0,24.0,2.5580000000000003,3.304,0.63,214022.0,False
300.0,291d875a60416791f305122ac9d8b34d.param,0.0,0.0,0.0,26.276,1923385776.0,bfde8802e10d355782981ddafdae7430,144966.0,1.0,0.0,9.796,15-45,87346.0,0.0,583854.0,9790.0,2.146,7821.0,9790.0,-1.0,8163.0,0.0,1245392.0,7493.0,1923385776.0,33.0,7.319,9.465,0.42,591677.0,False
300.0,291d875a60416791f305122ac9d8b34d.param,1.0,0.0,0.0,27.265,1923385776.0,bfde8802e10d355782981ddafdae7430,144966.0,1.0,0.0,10.355,15-45,87346.0,0.0,583854.0,9790.0,2.314,7821.0,9790.0,-1.0,8163.0,0.0,1245392.0,7493.0,1923385776.0,33.0,7.598,9.912,0.42,591677.0,False
300.0,291d875a60416791f305122ac9d8b34d.param,2.0,0.0,0.0,27.715999999999998,1923385776.0,bfde8802e10d355782981ddafdae7430,144966.0,1.0,0.0,9.869,15-45,87346.0,0.0,583854.0,9790.0,2.208,7821.0,9790.0,-1.0,8163.0,0.0,1245392.0,7493.0,1923385776.0,33.0,7.338999999999999,9.547,0.42,591677.0,False
300.0,2c863ef862f94f5be37b35a0e4c17156.param,0.0,0.0,0.0,40.948,1235388569.0,f8f94f34ac089aeb6f7a08930c848e0e,94008.0,1.0,0.0,7.732,15-45,45881.0,0.0,1043394.0,5766.0,3.892,14111.0,5766.0,-1.0,9660.0,0.0,1113310.0,13737.0,1235388569.0,25.0,3.2739999999999996,7.166,3.16,1057507.0,False
300.0,2c863ef862f94f5be37b35a0e4c17156.param,1.0,0.0,0.0,41.256,1235388569.0,f8f94f34ac089aeb6f7a08930c848e0e,94008.0,1.0,0.0,8.017999999999999,15-45,45881.0,0.0,1043394.0,5766.0,4.013,14111.0,5766.0,-1.0,9660.0,0.0,1113310.0,13737.0,1235388569.0,25.0,3.4139999999999997,7.4270000000000005,3.16,1057507.0,False
300.0,2c863ef862f94f5be37b35a0e4c17156.param,2.0,0.0,0.0,41.245,1235388569.0,f8f94f34ac089aeb6f7a08930c848e0e,94008.0,1.0,0.0,7.975,15-45,45881.0,0.0,1043394.0,5766.0,3.935,14111.0,5766.0,-1.0,9660.0,0.0,1113310.0,13737.0,1235388569.0,25.0,3.415,7.35,3.16,1057507.0,False
300.0,ceb1794b37ee7a46798c6a75e6be96ab.param,0.0,0.0,0.0,18.631,590654055.0,94ee02781a520ec1cf9e9e604106fa41,665627.0,1.0,0.0,7.32,15-45,594119.0,0.0,418923.0,9769.0,1.534,5446.0,9769.0,-1.0,15194.0,0.0,1459980.0,5058.0,590654055.0,33.0,5.541,7.075,1.41,424371.0,False
300.0,ceb1794b37ee7a46798c6a75e6be96ab.param,1.0,0.0,0.0,18.577,590654055.0,94ee02781a520ec1cf9e9e604106fa41,665627.0,1.0,0.0,7.121,15-45,594119.0,0.0,418923.0,9769.0,1.514,5446.0,9769.0,-1.0,15194.0,0.0,1459980.0,5058.0,590654055.0,33.0,5.369,6.882999999999999,1.41,424371.0,False
300.0,ceb1794b37ee7a46798c6a75e6be96ab.param,2.0,0.0,0.0,18.061,590654055.0,94ee02781a520ec1cf9e9e604106fa41,665627.0,1.0,0.0,7.3770000000000024,15-45,594119.0,0.0,418923.0,9769.0,1.5430000000000001,5446.0,9769.0,-1.0,15194.0,0.0,1459980.0,5058.0,590654055.0,33.0,5.5710000000000015,7.114,1.41,424371.0,False
300.0,f3f514a91e7728b0df10399e56f94206.param,0.0,0.0,0.0,19.617,590654055.0,997dac802819f4d2a7ff8b35a800a442,102499.0,1.0,0.0,4.681,15-45,61928.0,0.0,432277.0,5602.0,1.652,5968.0,5602.0,-1.0,8927.0,0.0,746061.0,5603.0,590654055.0,24.0,2.78,4.4319999999999995,1.41,438247.0,False
300.0,f3f514a91e7728b0df10399e56f94206.param,1.0,0.0,0.0,20.269000000000002,590654055.0,997dac802819f4d2a7ff8b35a800a442,102499.0,1.0,0.0,4.762,15-45,61928.0,0.0,432277.0,5602.0,1.607,5968.0,5602.0,-1.0,8927.0,0.0,746061.0,5603.0,590654055.0,24.0,2.892,4.499,1.41,438247.0,False
300.0,f3f514a91e7728b0df10399e56f94206.param,2.0,0.0,0.0,19.570999999999998,590654055.0,997dac802819f4d2a7ff8b35a800a442,102499.0,1.0,0.0,4.856,15-45,61928.0,0.0,432277.0,5602.0,1.7069999999999999,5968.0,5602.0,-1.0,8927.0,0.0,746061.0,5603.0,590654055.0,24.0,2.89,4.5969999999999995,1.41,438247.0,False
300.0,86d0a459cbac55d6b0ecb8de1373f318.param,0.0,0.0,0.0,50.662,34754393.0,5f66a4e34eeb86844a32898ea77f7cd0,342234.0,1.0,0.0,7.5360000000000005,15-45,288363.0,0.0,1191151.0,4119.0,4.44,22138.0,4119.0,-1.0,16758.0,0.0,1028548.0,21696.0,34754393.0,17.0,2.448,6.888,0.94,1213291.0,False
300.0,86d0a459cbac55d6b0ecb8de1373f318.param,1.0,0.0,0.0,47.411,34754393.0,5f66a4e34eeb86844a32898ea77f7cd0,342234.0,1.0,0.0,7.5760000000000005,15-45,288363.0,0.0,1191151.0,4119.0,4.5310000000000015,22138.0,4119.0,-1.0,16758.0,0.0,1028548.0,21696.0,34754393.0,17.0,2.392,6.922999999999999,0.94,1213291.0,False
300.0,86d0a459cbac55d6b0ecb8de1373f318.param,2.0,0.0,0.0,50.599,34754393.0,5f66a4e34eeb86844a32898ea77f7cd0,342234.0,1.0,0.0,7.883999999999999,15-45,288363.0,0.0,1191151.0,4119.0,4.713,22138.0,4119.0,-1.0,16758.0,0.0,1028548.0,21696.0,34754393.0,17.0,2.501,7.213999999999999,0.94,1213291.0,False
300.0,53797da70b0cf5f28e45644f5fda249f.param,0.0,0.0,0.0,9.246,1923385776.0,decd039eb18cae4c42cf5d550954b90c,799853.0,1.0,0.0,7.697999999999999,15-45,744521.0,0.0,204518.0,10294.0,0.82,2587.0,10294.0,-1.0,12882.0,0.0,1718666.0,2257.0,1923385776.0,36.0,6.726,7.546,0.63,207107.0,False
300.0,53797da70b0cf5f28e45644f5fda249f.param,1.0,0.0,0.0,9.137,1923385776.0,decd039eb18cae4c42cf5d550954b90c,799853.0,1.0,0.0,7.6610000000000005,15-45,744521.0,0.0,204518.0,10294.0,0.75,2587.0,10294.0,-1.0,12882.0,0.0,1718666.0,2257.0,1923385776.0,36.0,6.757999999999999,7.507999999999999,0.63,207107.0,False
300.0,53797da70b0cf5f28e45644f5fda249f.param,2.0,0.0,0.0,9.384,1923385776.0,decd039eb18cae4c42cf5d550954b90c,799853.0,1.0,0.0,7.7570000000000014,15-45,744521.0,0.0,204518.0,10294.0,0.732,2587.0,10294.0,-1.0,12882.0,0.0,1718666.0,2257.0,1923385776.0,36.0,6.89,7.622000000000001,0.63,207107.0,False
300.0,f09afe8bb1fa94a49596406bf88166c9.param,0.0,0.0,0.0,48.13,1918631718.0,5488f419e9edd63eeb89195ce7cc61b0,388156.0,1.0,0.0,8.179,15-45,318618.0,0.0,1177703.0,6204.0,4.511,17132.0,6204.0,-1.0,17245.0,0.0,1625091.0,16716.0,1918631718.0,28.0,3.034,7.545,0.94,1194837.0,False
300.0,f09afe8bb1fa94a49596406bf88166c9.param,1.0,0.0,0.0,50.703,1918631718.0,5488f419e9edd63eeb89195ce7cc61b0,388156.0,1.0,0.0,8.241,15-45,318618.0,0.0,1177703.0,6204.0,4.5169999999999995,17132.0,6204.0,-1.0,17245.0,0.0,1625091.0,16716.0,1918631718.0,28.0,3.073,7.59,0.94,1194837.0,False
300.0,f09afe8bb1fa94a49596406bf88166c9.param,2.0,0.0,0.0,51.283,1918631718.0,5488f419e9edd63eeb89195ce7cc61b0,388156.0,1.0,0.0,8.652000000000001,15-45,318618.0,0.0,1177703.0,6204.0,4.512,17132.0,6204.0,-1.0,17245.0,0.0,1625091.0,16716.0,1918631718.0,28.0,3.284,7.796,0.94,1194837.0,False
300.0,e132556b0d38151640e92d05691dbdbe.param,0.0,0.0,0.0,79.145,1918631718.0,5bc1dd0da9440aaca23953394cca55a5,1164644.0,1.0,0.0,20.715,15-45,1055034.0,0.0,1902290.0,6333.0,7.315,25450.0,6333.0,-1.0,24397.0,0.0,2978473.0,24979.0,1918631718.0,29.0,11.978,19.293,1.41,1927742.0,False
300.0,e132556b0d38151640e92d05691dbdbe.param,1.0,0.0,0.0,72.843,1918631718.0,5bc1dd0da9440aaca23953394cca55a5,1164644.0,1.0,0.0,20.131,15-45,1055034.0,0.0,1902290.0,6333.0,7.487,25450.0,6333.0,-1.0,24397.0,0.0,2978473.0,24979.0,1918631718.0,29.0,11.295,18.782,1.41,1927742.0,False
300.0,e132556b0d38151640e92d05691dbdbe.param,2.0,0.0,0.0,79.024,1918631718.0,5bc1dd0da9440aaca23953394cca55a5,1164644.0,1.0,0.0,18.15,15-45,1055034.0,0.0,1902290.0,6333.0,7.2810000000000015,25450.0,6333.0,-1.0,24397.0,0.0,2978473.0,24979.0,1918631718.0,29.0,9.836,17.117,1.41,1927742.0,False
300.0,7c50c2c12e2aac2541da57a3aad7ca55.param,0.0,0.0,0.0,74.601,182366586.0,f6bb1a71d2d2dbb3ba1250c98490ac17,179239.0,1.0,0.0,11.304,15-45,93708.0,0.0,1810855.0,5671.0,7.0120000000000005,24491.0,5671.0,-1.0,13946.0,0.0,975263.0,24076.0,182366586.0,24.0,3.338,10.35,4.75,1835348.0,False
300.0,7c50c2c12e2aac2541da57a3aad7ca55.param,1.0,0.0,0.0,67.483,182366586.0,f6bb1a71d2d2dbb3ba1250c98490ac17,179239.0,1.0,0.0,11.267999999999999,15-45,93708.0,0.0,1810855.0,5671.0,6.928999999999999,24491.0,5671.0,-1.0,13946.0,0.0,975263.0,24076.0,182366586.0,24.0,3.387,10.315999999999999,4.75,1835348.0,False
300.0,7c50c2c12e2aac2541da57a3aad7ca55.param,2.0,0.0,0.0,73.934,182366586.0,f6bb1a71d2d2dbb3ba1250c98490ac17,179239.0,1.0,0.0,11.565999999999999,15-45,93708.0,0.0,1810855.0,5671.0,7.0920000000000005,24491.0,5671.0,-1.0,13946.0,0.0,975263.0,24076.0,182366586.0,24.0,3.4410000000000003,10.533,4.75,1835348.0,False
300.0,55b26376914ebad092e2e305df354383.param,0.0,0.0,0.0,26.969,1470727592.0,de7e675ac9871c55de5bab89764a9b86,110028.0,1.0,0.0,3.8310000000000004,15-45,84354.0,0.0,604775.0,4641.0,2.395,8713.0,4641.0,-1.0,8206.0,0.0,643060.0,8398.0,1470727592.0,20.0,1.067,3.4619999999999997,2.11,613490.0,False
300.0,55b26376914ebad092e2e305df354383.param,1.0,0.0,0.0,24.791999999999998,1470727592.0,de7e675ac9871c55de5bab89764a9b86,110028.0,1.0,0.0,3.7510000000000003,15-45,84354.0,0.0,604775.0,4641.0,2.276,8713.0,4641.0,-1.0,8206.0,0.0,643060.0,8398.0,1470727592.0,20.0,1.126,3.4019999999999997,2.11,613490.0,False
300.0,55b26376914ebad092e2e305df354383.param,2.0,0.0,0.0,27.787,1470727592.0,de7e675ac9871c55de5bab89764a9b86,110028.0,1.0,0.0,3.6489999999999996,15-45,84354.0,0.0,604775.0,4641.0,2.238,8713.0,4641.0,-1.0,8206.0,0.0,643060.0,8398.0,1470727592.0,20.0,1.056,3.2939999999999996,2.11,613490.0,False
300.0,3a224236b6b589e9f8161cb41fb64421.param,0.0,0.0,0.0,38.611,2028359165.0,83729fc366fdacd541ed16bbe2666fe0,641223.0,1.0,0.0,8.937000000000003,15-45,602059.0,0.0,960639.0,5779.0,3.6830000000000003,13686.0,5779.0,-1.0,17615.0,0.0,1740164.0,13328.0,2028359165.0,25.0,4.484,8.167,0.94,974327.0,False
300.0,3a224236b6b589e9f8161cb41fb64421.param,1.0,0.0,0.0,40.184,2028359165.0,83729fc366fdacd541ed16bbe2666fe0,641223.0,1.0,0.0,8.198,15-45,602059.0,0.0,960639.0,5779.0,3.63,13686.0,5779.0,-1.0,17615.0,0.0,1740164.0,13328.0,2028359165.0,25.0,4.0280000000000005,7.657999999999999,0.94,974327.0,False
300.0,3a224236b6b589e9f8161cb41fb64421.param,2.0,0.0,0.0,38.787,2028359165.0,83729fc366fdacd541ed16bbe2666fe0,641223.0,1.0,0.0,7.921,15-45,602059.0,0.0,960639.0,5779.0,3.61,13686.0,5779.0,-1.0,17615.0,0.0,1740164.0,13328.0,2028359165.0,25.0,3.7889999999999997,7.399,0.94,974327.0,False
300.0,5f169f8946c848c062a4dd468eb064c1.param,0.0,0.0,0.0,75.752,2136253402.0,44998ccacc6f6007b6ba1d8fb63805fe,1571800.0,1.0,0.0,23.121,15-45,1456743.0,0.0,1858935.0,9782.0,7.121,23037.0,9782.0,-1.0,30729.0,0.0,3061733.0,22606.0,2136253402.0,33.0,14.69,21.811,2.11,1881974.0,False
300.0,5f169f8946c848c062a4dd468eb064c1.param,1.0,0.0,0.0,78.646,2136253402.0,44998ccacc6f6007b6ba1d8fb63805fe,1571800.0,1.0,0.0,22.266,15-45,1456743.0,0.0,1858935.0,9782.0,7.154,23037.0,9782.0,-1.0,30729.0,0.0,3061733.0,22606.0,2136253402.0,33.0,13.745,20.899,2.11,1881974.0,False
300.0,5f169f8946c848c062a4dd468eb064c1.param,2.0,0.0,0.0,74.62100000000002,2136253402.0,44998ccacc6f6007b6ba1d8fb63805fe,1571800.0,1.0,0.0,20.895,15-45,1456743.0,0.0,1858935.0,9782.0,7.149,23037.0,9782.0,-1.0,30729.0,0.0,3061733.0,22606.0,2136253402.0,33.0,12.745,19.894000000000002,2.11,1881974.0,False
300.0,c73e9bafac569591c4ea47d45cfac20c.param,0.0,0.0,0.0,28.927,1918631718.0,65b77fd7ad01df58458bf2ed06b0de17,359303.0,1.0,0.0,14.095,15-45,268118.0,0.0,716829.0,10333.0,2.7030000000000003,9406.0,10333.0,-1.0,16557.0,0.0,1823040.0,9002.0,1918631718.0,37.0,10.857999999999999,13.561,0.63,726237.0,False
300.0,c73e9bafac569591c4ea47d45cfac20c.param,1.0,0.0,0.0,32.097,1918631718.0,65b77fd7ad01df58458bf2ed06b0de17,359303.0,1.0,0.0,13.912,15-45,268118.0,0.0,716829.0,10333.0,2.821,9406.0,10333.0,-1.0,16557.0,0.0,1823040.0,9002.0,1918631718.0,37.0,10.673,13.494000000000002,0.63,726237.0,False
300.0,c73e9bafac569591c4ea47d45cfac20c.param,2.0,0.0,0.0,30.198,1918631718.0,65b77fd7ad01df58458bf2ed06b0de17,359303.0,1.0,0.0,13.770999999999999,15-45,268118.0,0.0,716829.0,10333.0,2.7030000000000003,9406.0,10333.0,-1.0,16557.0,0.0,1823040.0,9002.0,1918631718.0,37.0,10.630999999999998,13.334000000000001,0.63,726237.0,False
300.0,accc739b7443ee6f6c986b29106d30b2.param,0.0,0.0,0.0,72.165,1057470620.0,b3396437b1598836adb42c1ccb0190cd,688835.0,1.0,0.0,32.510999999999996,15-45,560122.0,0.0,1770222.0,9755.0,6.807,22351.0,9755.0,-1.0,22561.0,0.0,1878553.0,21921.0,1057470620.0,33.0,24.414,31.221,1.41,1792575.0,False
300.0,accc739b7443ee6f6c986b29106d30b2.param,1.0,0.0,0.0,72.419,1057470620.0,b3396437b1598836adb42c1ccb0190cd,688835.0,1.0,0.0,32.422,15-45,560122.0,0.0,1770222.0,9755.0,6.87,22351.0,9755.0,-1.0,22561.0,0.0,1878553.0,21921.0,1057470620.0,33.0,24.247,31.116999999999997,1.41,1792575.0,False
300.0,accc739b7443ee6f6c986b29106d30b2.param,2.0,0.0,0.0,70.438,1057470620.0,b3396437b1598836adb42c1ccb0190cd,688835.0,1.0,0.0,31.991999999999997,15-45,560122.0,0.0,1770222.0,9755.0,6.794,22351.0,9755.0,-1.0,22561.0,0.0,1878553.0,21921.0,1057470620.0,33.0,23.928,30.721999999999998,1.41,1792575.0,False
300.0,9fea3b5fddf357019f10d5f61fc8a74b.param,0.0,0.0,0.0,42.355,693280077.0,d9f8005ed85e6aef37fe3de2e0efd1dd,403052.0,1.0,0.0,6.975,15-45,370095.0,0.0,982724.0,4034.0,3.696,17788.0,4034.0,-1.0,17038.0,0.0,1230299.0,17423.0,693280077.0,16.0,2.693,6.388999999999999,1.41,1000514.0,False
300.0,9fea3b5fddf357019f10d5f61fc8a74b.param,1.0,0.0,0.0,42.089,693280077.0,d9f8005ed85e6aef37fe3de2e0efd1dd,403052.0,1.0,0.0,7.209,15-45,370095.0,0.0,982724.0,4034.0,3.688,17788.0,4034.0,-1.0,17038.0,0.0,1230299.0,17423.0,693280077.0,16.0,2.7769999999999997,6.465,1.41,1000514.0,False
300.0,9fea3b5fddf357019f10d5f61fc8a74b.param,2.0,0.0,0.0,40.781,693280077.0,d9f8005ed85e6aef37fe3de2e0efd1dd,403052.0,1.0,0.0,6.9570000000000025,15-45,370095.0,0.0,982724.0,4034.0,3.728,17788.0,4034.0,-1.0,17038.0,0.0,1230299.0,17423.0,693280077.0,16.0,2.667,6.395,1.41,1000514.0,False
300.0,2cf01039b19cea84eef8c942aea32605.param,0.0,0.0,0.0,79.99600000000002,1057470620.0,2dfbda07c1d75b574b8722fc48f8b05e,569211.0,1.0,0.0,17.054000000000002,15-45,484575.0,0.0,1876958.0,10293.0,7.4270000000000005,24145.0,10293.0,-1.0,20038.0,0.0,1531712.0,23677.0,1057470620.0,36.0,8.273,15.7,1.41,1901105.0,False
300.0,2cf01039b19cea84eef8c942aea32605.param,1.0,0.0,0.0,76.855,1057470620.0,2dfbda07c1d75b574b8722fc48f8b05e,569211.0,1.0,0.0,16.671,15-45,484575.0,0.0,1876958.0,10293.0,7.506,24145.0,10293.0,-1.0,20038.0,0.0,1531712.0,23677.0,1057470620.0,36.0,8.056000000000001,15.562000000000001,1.41,1901105.0,False
300.0,2cf01039b19cea84eef8c942aea32605.param,2.0,0.0,0.0,73.87,1057470620.0,2dfbda07c1d75b574b8722fc48f8b05e,569211.0,1.0,0.0,15.574000000000002,15-45,484575.0,0.0,1876958.0,10293.0,7.188,24145.0,10293.0,-1.0,20038.0,0.0,1531712.0,23677.0,1057470620.0,36.0,7.382999999999999,14.571,1.41,1901105.0,False
300.0,3516b948e6368c1e04e766cb3dbf658f.param,0.0,0.0,0.0,95.963,1235388569.0,81cc49d8786a4846f8b7e0032939ad83,647708.0,1.0,0.0,21.408,15-45,551271.0,0.0,2456812.0,10244.0,9.509,32896.0,10244.0,-1.0,16838.0,0.0,3187228.0,32441.0,1235388569.0,36.0,10.61,20.119,1.41,2489710.0,False
300.0,3516b948e6368c1e04e766cb3dbf658f.param,1.0,0.0,0.0,93.074,1235388569.0,81cc49d8786a4846f8b7e0032939ad83,647708.0,1.0,0.0,22.706999999999997,15-45,551271.0,0.0,2456812.0,10244.0,9.658,32896.0,10244.0,-1.0,16838.0,0.0,3187228.0,32441.0,1235388569.0,36.0,11.405999999999999,21.064,1.41,2489710.0,False
300.0,3516b948e6368c1e04e766cb3dbf658f.param,2.0,0.0,0.0,100.56200000000001,1235388569.0,81cc49d8786a4846f8b7e0032939ad83,647708.0,1.0,0.0,21.986,15-45,551271.0,0.0,2456812.0,10244.0,9.408999999999999,32896.0,10244.0,-1.0,16838.0,0.0,3187228.0,32441.0,1235388569.0,36.0,10.867,20.276,1.41,2489710.0,False
300.0,bb83bd2588db308f9da59945e9f53761.param,0.0,0.0,0.0,38.662,823094821.0,d2396f2cecc84e54f41fe1f674dfe327,83765.0,1.0,0.0,5.801,15-45,67745.0,0.0,913189.0,4165.0,3.423,14064.0,4165.0,-1.0,7407.0,0.0,596964.0,13730.0,823094821.0,17.0,1.88,5.303,3.16,927255.0,False
300.0,bb83bd2588db308f9da59945e9f53761.param,1.0,0.0,0.0,36.330999999999996,823094821.0,d2396f2cecc84e54f41fe1f674dfe327,83765.0,1.0,0.0,5.782,15-45,67745.0,0.0,913189.0,4165.0,3.3789999999999996,14064.0,4165.0,-1.0,7407.0,0.0,596964.0,13730.0,823094821.0,17.0,1.912,5.291,3.16,927255.0,False
300.0,bb83bd2588db308f9da59945e9f53761.param,2.0,0.0,0.0,36.095,823094821.0,d2396f2cecc84e54f41fe1f674dfe327,83765.0,1.0,0.0,5.922999999999999,15-45,67745.0,0.0,913189.0,4165.0,3.423,14064.0,4165.0,-1.0,7407.0,0.0,596964.0,13730.0,823094821.0,17.0,1.954,5.3770000000000024,3.16,927255.0,False
300.0,c7380516182e520bfda807e4d9ed529d.param,0.0,0.0,0.0,11.145999999999999,1057470620.0,ef90338bc6e71f75b5b32a9db6ff2131,207181.0,1.0,0.0,7.02,15-45,138103.0,0.0,237116.0,9651.0,0.863,3115.0,9651.0,-1.0,11111.0,0.0,1506622.0,2719.0,1057470620.0,32.0,6.001,6.864,0.63,240233.0,False
300.0,c7380516182e520bfda807e4d9ed529d.param,1.0,0.0,0.0,10.564,1057470620.0,ef90338bc6e71f75b5b32a9db6ff2131,207181.0,1.0,0.0,7.079,15-45,138103.0,0.0,237116.0,9651.0,0.8590000000000001,3115.0,9651.0,-1.0,11111.0,0.0,1506622.0,2719.0,1057470620.0,32.0,6.062,6.921,0.63,240233.0,False
300.0,c7380516182e520bfda807e4d9ed529d.param,2.0,0.0,0.0,11.184000000000001,1057470620.0,ef90338bc6e71f75b5b32a9db6ff2131,207181.0,1.0,0.0,6.959,15-45,138103.0,0.0,237116.0,9651.0,0.868,3115.0,9651.0,-1.0,11111.0,0.0,1506622.0,2719.0,1057470620.0,32.0,5.9239999999999995,6.7920000000000025,0.63,240233.0,False
300.0,d77b1e8e85636e2a8e697f0467151b32.param,0.0,0.0,0.0,10.243,590654055.0,16e125b2e9d68d56581467481414b1af,113812.0,1.0,0.0,7.263,15-45,46321.0,0.0,227528.0,9793.0,0.818,3019.0,9793.0,-1.0,12164.0,0.0,1099148.0,2635.0,590654055.0,33.0,6.2920000000000025,7.11,0.63,230549.0,False
300.0,d77b1e8e85636e2a8e697f0467151b32.param,1.0,0.0,0.0,10.962,590654055.0,16e125b2e9d68d56581467481414b1af,113812.0,1.0,0.0,7.276,15-45,46321.0,0.0,227528.0,9793.0,0.836,3019.0,9793.0,-1.0,12164.0,0.0,1099148.0,2635.0,590654055.0,33.0,6.282,7.117999999999999,0.63,230549.0,False
300.0,d77b1e8e85636e2a8e697f0467151b32.param,2.0,0.0,0.0,9.988,590654055.0,16e125b2e9d68d56581467481414b1af,113812.0,1.0,0.0,7.202000000000001,15-45,46321.0,0.0,227528.0,9793.0,0.815,3019.0,9793.0,-1.0,12164.0,0.0,1099148.0,2635.0,590654055.0,33.0,6.226,7.041,0.63,230549.0,False
300.0,056d65a7bb6760a4c29fabc08869fd2b.param,0.0,0.0,0.0,103.36,160742207.0,48f1a12e2fb8b2bda187a6727731d6e8,300416.0,1.0,0.0,14.89,15-45,241412.0,0.0,2557956.0,10378.0,9.849,33576.0,10378.0,-1.0,23527.0,0.0,1401750.0,33115.0,160742207.0,37.0,3.661,13.51,1.41,2591534.0,False
300.0,056d65a7bb6760a4c29fabc08869fd2b.param,1.0,0.0,0.0,103.294,160742207.0,48f1a12e2fb8b2bda187a6727731d6e8,300416.0,1.0,0.0,15.662,15-45,241412.0,0.0,2557956.0,10378.0,10.046,33576.0,10378.0,-1.0,23527.0,0.0,1401750.0,33115.0,160742207.0,37.0,4.169,14.215,1.41,2591534.0,False
300.0,056d65a7bb6760a4c29fabc08869fd2b.param,2.0,0.0,0.0,104.302,160742207.0,48f1a12e2fb8b2bda187a6727731d6e8,300416.0,1.0,0.0,14.958,15-45,241412.0,0.0,2557956.0,10378.0,9.857000000000001,33576.0,10378.0,-1.0,23527.0,0.0,1401750.0,33115.0,160742207.0,37.0,3.7310000000000003,13.588,1.41,2591534.0,False
300.0,971e5d247ffd98140d5d9199460cd7b4.param,0.0,0.0,0.0,34.848,1257636424.0,500e0c1a8d7c79f27c36d4f333d6b579,2750676.0,1.0,0.0,21.348000000000006,15-45,2665823.0,0.0,778437.0,9644.0,2.895,10742.0,9644.0,-1.0,22286.0,0.0,4803375.0,10351.0,1257636424.0,32.0,18.005,20.9,2.11,789181.0,False
300.0,971e5d247ffd98140d5d9199460cd7b4.param,1.0,0.0,0.0,31.823,1257636424.0,500e0c1a8d7c79f27c36d4f333d6b579,2750676.0,1.0,0.0,22.096,15-45,2665823.0,0.0,778437.0,9644.0,2.9019999999999997,10742.0,9644.0,-1.0,22286.0,0.0,4803375.0,10351.0,1257636424.0,32.0,18.75,21.651999999999997,2.11,789181.0,False
300.0,971e5d247ffd98140d5d9199460cd7b4.param,2.0,0.0,0.0,31.997,1257636424.0,500e0c1a8d7c79f27c36d4f333d6b579,2750676.0,1.0,0.0,21.195,15-45,2665823.0,0.0,778437.0,9644.0,2.9010000000000002,10742.0,9644.0,-1.0,22286.0,0.0,4803375.0,10351.0,1257636424.0,32.0,17.828,20.729,2.11,789181.0,False
300.0,61f5f3058b749cd913e33ba1bf9fcead.param,0.0,0.0,0.0,5.537000000000001,693280077.0,7aff47fe0b996e227fcad010150c672e,524240.0,1.0,0.0,3.542,15-45,487005.0,0.0,121137.0,5705.0,0.44799999999999995,1869.0,5705.0,-1.0,7515.0,0.0,1722350.0,1516.0,693280077.0,25.0,2.991,3.4389999999999996,0.42,123008.0,False
300.0,61f5f3058b749cd913e33ba1bf9fcead.param,1.0,0.0,0.0,5.74,693280077.0,7aff47fe0b996e227fcad010150c672e,524240.0,1.0,0.0,3.63,15-45,487005.0,0.0,121137.0,5705.0,0.44299999999999995,1869.0,5705.0,-1.0,7515.0,0.0,1722350.0,1516.0,693280077.0,25.0,3.0810000000000004,3.5239999999999996,0.42,123008.0,False
300.0,61f5f3058b749cd913e33ba1bf9fcead.param,2.0,0.0,0.0,5.816,693280077.0,7aff47fe0b996e227fcad010150c672e,524240.0,1.0,0.0,3.6889999999999996,15-45,487005.0,0.0,121137.0,5705.0,0.45399999999999996,1869.0,5705.0,-1.0,7515.0,0.0,1722350.0,1516.0,693280077.0,25.0,3.127,3.5810000000000004,0.42,123008.0,False
300.0,36fc98d1195ddc35e5ef9eb80f9a3178.param,0.0,0.0,0.0,12.546,270657042.0,78b6ec4f1ae3549bfa59439072fd944e,53842.0,1.0,0.0,2.126,15-45,38283.0,0.0,289422.0,4664.0,1.045,4977.0,4664.0,-1.0,4546.0,0.0,608696.0,4717.0,270657042.0,20.0,0.899,1.944,0.28,294401.0,False
300.0,36fc98d1195ddc35e5ef9eb80f9a3178.param,1.0,0.0,0.0,13.35,270657042.0,78b6ec4f1ae3549bfa59439072fd944e,53842.0,1.0,0.0,2.19,15-45,38283.0,0.0,289422.0,4664.0,1.07,4977.0,4664.0,-1.0,4546.0,0.0,608696.0,4717.0,270657042.0,20.0,0.927,1.9969999999999999,0.28,294401.0,False
300.0,36fc98d1195ddc35e5ef9eb80f9a3178.param,2.0,0.0,0.0,13.103,270657042.0,78b6ec4f1ae3549bfa59439072fd944e,53842.0,1.0,0.0,2.16,15-45,38283.0,0.0,289422.0,4664.0,1.056,4977.0,4664.0,-1.0,4546.0,0.0,608696.0,4717.0,270657042.0,20.0,0.9109999999999999,1.9669999999999999,0.28,294401.0,False
300.0,d6dbb131b6c4096427e3cdbc24174d58.param,0.0,0.0,0.0,15.998,254168822.0,1144e3e7487eb0ebb6dbd517f3d213cf,88061.0,1.0,0.0,3.6039999999999996,15-45,52560.0,0.0,360356.0,5635.0,1.311,4928.0,5635.0,-1.0,8810.0,0.0,651893.0,4623.0,254168822.0,24.0,2.064,3.375,0.42,365286.0,False
300.0,d6dbb131b6c4096427e3cdbc24174d58.param,1.0,0.0,0.0,16.898,254168822.0,1144e3e7487eb0ebb6dbd517f3d213cf,88061.0,1.0,0.0,3.674,15-45,52560.0,0.0,360356.0,5635.0,1.321,4928.0,5635.0,-1.0,8810.0,0.0,651893.0,4623.0,254168822.0,24.0,2.134,3.455,0.42,365286.0,False
300.0,d6dbb131b6c4096427e3cdbc24174d58.param,2.0,0.0,0.0,15.445,254168822.0,1144e3e7487eb0ebb6dbd517f3d213cf,88061.0,1.0,0.0,3.603,15-45,52560.0,0.0,360356.0,5635.0,1.3119999999999998,4928.0,5635.0,-1.0,8810.0,0.0,651893.0,4623.0,254168822.0,24.0,2.0669999999999997,3.3789999999999996,0.42,365286.0,False
300.0,97b29b11b39e49b80f3ff828f7a4f470.param,0.0,0.0,0.0,27.451,372553220.0,8390c25a2e688700a9c0dc4fd4dbc69e,84376.0,1.0,0.0,4.399,15-45,49630.0,0.0,601901.0,5633.0,2.2119999999999997,9376.0,5633.0,-1.0,8150.0,0.0,826021.0,9050.0,372553220.0,24.0,1.844,4.056,0.42,611279.0,False
300.0,97b29b11b39e49b80f3ff828f7a4f470.param,1.0,0.0,0.0,26.63300000000001,372553220.0,8390c25a2e688700a9c0dc4fd4dbc69e,84376.0,1.0,0.0,4.47,15-45,49630.0,0.0,601901.0,5633.0,2.228,9376.0,5633.0,-1.0,8150.0,0.0,826021.0,9050.0,372553220.0,24.0,1.8940000000000001,4.122,0.42,611279.0,False
300.0,97b29b11b39e49b80f3ff828f7a4f470.param,2.0,0.0,0.0,26.728,372553220.0,8390c25a2e688700a9c0dc4fd4dbc69e,84376.0,1.0,0.0,4.86,15-45,49630.0,0.0,601901.0,5633.0,2.302,9376.0,5633.0,-1.0,8150.0,0.0,826021.0,9050.0,372553220.0,24.0,2.086,4.388,0.42,611279.0,False
300.0,37f39e77e4ab35860e338849791d985b.param,0.0,0.0,0.0,60.243,1057470620.0,0dd0f74ee9a52283e52630d7c5e37b8a,164829.0,1.0,0.0,10.12,15-45,112163.0,0.0,1478181.0,9653.0,5.689,18659.0,9653.0,-1.0,15577.0,0.0,1307413.0,18220.0,1057470620.0,32.0,3.638,9.327,0.94,1496842.0,False
300.0,37f39e77e4ab35860e338849791d985b.param,1.0,0.0,0.0,59.255,1057470620.0,0dd0f74ee9a52283e52630d7c5e37b8a,164829.0,1.0,0.0,10.086,15-45,112163.0,0.0,1478181.0,9653.0,5.599,18659.0,9653.0,-1.0,15577.0,0.0,1307413.0,18220.0,1057470620.0,32.0,3.645,9.244,0.94,1496842.0,False
300.0,37f39e77e4ab35860e338849791d985b.param,2.0,0.0,0.0,63.887,1057470620.0,0dd0f74ee9a52283e52630d7c5e37b8a,164829.0,1.0,0.0,10.033,15-45,112163.0,0.0,1478181.0,9653.0,5.636,18659.0,9653.0,-1.0,15577.0,0.0,1307413.0,18220.0,1057470620.0,32.0,3.573,9.209,0.94,1496842.0,False
300.0,a78197c32b5c06c92ee4f6e438ee3962.param,0.0,0.0,0.0,68.914,506016928.0,931dd445a42af56bf5bcf3507f78e753,168494.0,1.0,0.0,10.362,15-45,141396.0,0.0,1853153.0,4069.0,7.1610000000000005,26981.0,4069.0,-1.0,13214.0,0.0,919876.0,26568.0,506016928.0,16.0,2.218,9.379,0.94,1880136.0,False
300.0,a78197c32b5c06c92ee4f6e438ee3962.param,1.0,0.0,0.0,69.22399999999999,506016928.0,931dd445a42af56bf5bcf3507f78e753,168494.0,1.0,0.0,10.32,15-45,141396.0,0.0,1853153.0,4069.0,7.142,26981.0,4069.0,-1.0,13214.0,0.0,919876.0,26568.0,506016928.0,16.0,2.1830000000000003,9.325,0.94,1880136.0,False
300.0,a78197c32b5c06c92ee4f6e438ee3962.param,2.0,0.0,0.0,72.405,506016928.0,931dd445a42af56bf5bcf3507f78e753,168494.0,1.0,0.0,10.651,15-45,141396.0,0.0,1853153.0,4069.0,7.377999999999999,26981.0,4069.0,-1.0,13214.0,0.0,919876.0,26568.0,506016928.0,16.0,2.2680000000000002,9.646,0.94,1880136.0,False
300.0,ea9e2588afe4504c0be19561db25ccfd.param,0.0,0.0,0.0,36.883,2050821110.0,7019a572b0a84f191aadbfac7412c7ab,127887.0,1.0,0.0,6.14,15-45,92235.0,0.0,892460.0,4634.0,3.3739999999999997,14407.0,4634.0,-1.0,8775.0,0.0,705605.0,14071.0,2050821110.0,20.0,2.226,5.6,3.16,906869.0,False
300.0,ea9e2588afe4504c0be19561db25ccfd.param,1.0,0.0,0.0,37.349000000000004,2050821110.0,7019a572b0a84f191aadbfac7412c7ab,127887.0,1.0,0.0,6.074,15-45,92235.0,0.0,892460.0,4634.0,3.35,14407.0,4634.0,-1.0,8775.0,0.0,705605.0,14071.0,2050821110.0,20.0,2.204,5.553999999999999,3.16,906869.0,False
300.0,ea9e2588afe4504c0be19561db25ccfd.param,2.0,0.0,0.0,38.245,2050821110.0,7019a572b0a84f191aadbfac7412c7ab,127887.0,1.0,0.0,6.215,15-45,92235.0,0.0,892460.0,4634.0,3.4930000000000003,14407.0,4634.0,-1.0,8775.0,0.0,705605.0,14071.0,2050821110.0,20.0,2.217,5.71,3.16,906869.0,False
300.0,8dbc47c71dc08cbc8ffa4bf3b92aa057.param,0.0,0.0,0.0,22.003,1571287961.0,f818b3131e58e458141550bd60d87ead,496627.0,1.0,0.0,4.827,15-45,443122.0,0.0,475289.0,4633.0,1.767,8266.0,4633.0,-1.0,16050.0,0.0,1109514.0,7907.0,1571287961.0,20.0,2.7710000000000004,4.538,1.41,483557.0,False
300.0,8dbc47c71dc08cbc8ffa4bf3b92aa057.param,1.0,0.0,0.0,22.331999999999997,1571287961.0,f818b3131e58e458141550bd60d87ead,496627.0,1.0,0.0,4.918,15-45,443122.0,0.0,475289.0,4633.0,1.8630000000000002,8266.0,4633.0,-1.0,16050.0,0.0,1109514.0,7907.0,1571287961.0,20.0,2.758,4.621,1.41,483557.0,False
300.0,8dbc47c71dc08cbc8ffa4bf3b92aa057.param,2.0,0.0,0.0,21.392,1571287961.0,f818b3131e58e458141550bd60d87ead,496627.0,1.0,0.0,4.73,15-45,443122.0,0.0,475289.0,4633.0,1.75,8266.0,4633.0,-1.0,16050.0,0.0,1109514.0,7907.0,1571287961.0,20.0,2.7030000000000003,4.453,1.41,483557.0,False
300.0,9a031fb141138ee9bc8fad2cc059ee0e.param,0.0,0.0,0.0,19.012,95956545.0,b0446056e69923d13578b45b47988817,325091.0,1.0,0.0,4.479,15-45,288903.0,0.0,415766.0,5652.0,1.5319999999999998,5926.0,5652.0,-1.0,8931.0,0.0,1174275.0,5605.0,95956545.0,24.0,2.5789999999999997,4.1110000000000015,0.94,421694.0,False
300.0,9a031fb141138ee9bc8fad2cc059ee0e.param,1.0,0.0,0.0,19.448,95956545.0,b0446056e69923d13578b45b47988817,325091.0,1.0,0.0,4.948,15-45,288903.0,0.0,415766.0,5652.0,1.556,5926.0,5652.0,-1.0,8931.0,0.0,1174275.0,5605.0,95956545.0,24.0,3.0589999999999997,4.615,0.94,421694.0,False
300.0,9a031fb141138ee9bc8fad2cc059ee0e.param,2.0,0.0,0.0,18.459,95956545.0,b0446056e69923d13578b45b47988817,325091.0,1.0,0.0,4.42,15-45,288903.0,0.0,415766.0,5652.0,1.62,5926.0,5652.0,-1.0,8931.0,0.0,1174275.0,5605.0,95956545.0,24.0,2.53,4.15,0.94,421694.0,False
300.0,ffb2d731edec22edde6bc403f6c68136.param,0.0,0.0,0.0,33.269,1470727592.0,fbe8930fe452f4ec5f37a9ef1f315a9b,62635.0,1.0,0.0,4.479,15-45,30341.0,0.0,830056.0,4739.0,3.0789999999999997,13244.0,4739.0,-1.0,8513.0,0.0,635217.0,12925.0,1470727592.0,21.0,0.929,4.008,0.94,843302.0,False
300.0,ffb2d731edec22edde6bc403f6c68136.param,1.0,0.0,0.0,33.209,1470727592.0,fbe8930fe452f4ec5f37a9ef1f315a9b,62635.0,1.0,0.0,4.547,15-45,30341.0,0.0,830056.0,4739.0,3.134,13244.0,4739.0,-1.0,8513.0,0.0,635217.0,12925.0,1470727592.0,21.0,0.9309999999999999,4.065,0.94,843302.0,False
300.0,ffb2d731edec22edde6bc403f6c68136.param,2.0,0.0,0.0,32.623000000000005,1470727592.0,fbe8930fe452f4ec5f37a9ef1f315a9b,62635.0,1.0,0.0,4.513,15-45,30341.0,0.0,830056.0,4739.0,3.097,13244.0,4739.0,-1.0,8513.0,0.0,635217.0,12925.0,1470727592.0,21.0,0.9229999999999999,4.02,0.94,843302.0,False
300.0,ba4c3b35debdf0cbd1cf9beea46e68ac.param,0.0,0.0,0.0,17.236,1083416308.0,30154f9bb1f3baa95a5dd470902f847f,140809.0,1.0,0.0,3.358,15-45,103093.0,0.0,368733.0,5746.0,1.348,5681.0,5746.0,-1.0,8060.0,0.0,515943.0,5388.0,1083416308.0,25.0,1.78,3.128,1.41,374416.0,False
300.0,ba4c3b35debdf0cbd1cf9beea46e68ac.param,1.0,0.0,0.0,17.24,1083416308.0,30154f9bb1f3baa95a5dd470902f847f,140809.0,1.0,0.0,3.4160000000000004,15-45,103093.0,0.0,368733.0,5746.0,1.3969999999999998,5681.0,5746.0,-1.0,8060.0,0.0,515943.0,5388.0,1083416308.0,25.0,1.784,3.181,1.41,374416.0,False
300.0,ba4c3b35debdf0cbd1cf9beea46e68ac.param,2.0,0.0,0.0,16.408,1083416308.0,30154f9bb1f3baa95a5dd470902f847f,140809.0,1.0,0.0,3.602,15-45,103093.0,0.0,368733.0,5746.0,1.4280000000000002,5681.0,5746.0,-1.0,8060.0,0.0,515943.0,5388.0,1083416308.0,25.0,1.868,3.2960000000000003,1.41,374416.0,False
300.0,73a51090daaf16aa8d614ff285bfb6e4.param,0.0,0.0,0.0,77.44800000000002,221638566.0,7aa6199a69a19c2c2a843a0fc9b6ecde,129701.0,1.0,0.0,15.353,15-45,78346.0,0.0,1919225.0,4600.0,7.586,28216.0,4600.0,-1.0,15478.0,0.0,653431.0,27736.0,221638566.0,20.0,6.388,13.974,7.12,1947443.0,False
300.0,73a51090daaf16aa8d614ff285bfb6e4.param,1.0,0.0,0.0,75.729,221638566.0,7aa6199a69a19c2c2a843a0fc9b6ecde,129701.0,1.0,0.0,14.805,15-45,78346.0,0.0,1919225.0,4600.0,7.587999999999999,28216.0,4600.0,-1.0,15478.0,0.0,653431.0,27736.0,221638566.0,20.0,6.175,13.763,7.12,1947443.0,False
300.0,73a51090daaf16aa8d614ff285bfb6e4.param,2.0,0.0,0.0,76.946,221638566.0,7aa6199a69a19c2c2a843a0fc9b6ecde,129701.0,1.0,0.0,15.314,15-45,78346.0,0.0,1919225.0,4600.0,7.564,28216.0,4600.0,-1.0,15478.0,0.0,653431.0,27736.0,221638566.0,20.0,6.348,13.912,7.12,1947443.0,False
300.0,21ba7bf1bed51e1d4137a5d2b4095413.param,0.0,0.0,0.0,51.413000000000004,753387864.0,92002b6fce6b580d9edc78bdfe8ddd14,105956.0,1.0,0.0,7.126,15-45,76170.0,0.0,1196467.0,4011.0,4.47,20302.0,4011.0,-1.0,10079.0,0.0,541859.0,19946.0,753387864.0,16.0,1.999,6.468999999999999,3.16,1216771.0,False
300.0,21ba7bf1bed51e1d4137a5d2b4095413.param,1.0,0.0,0.0,49.42,753387864.0,92002b6fce6b580d9edc78bdfe8ddd14,105956.0,1.0,0.0,7.601,15-45,76170.0,0.0,1196467.0,4011.0,4.665,20302.0,4011.0,-1.0,10079.0,0.0,541859.0,19946.0,753387864.0,16.0,2.144,6.809,3.16,1216771.0,False
300.0,21ba7bf1bed51e1d4137a5d2b4095413.param,2.0,0.0,0.0,51.699,753387864.0,92002b6fce6b580d9edc78bdfe8ddd14,105956.0,1.0,0.0,7.251,15-45,76170.0,0.0,1196467.0,4011.0,4.52,20302.0,4011.0,-1.0,10079.0,0.0,541859.0,19946.0,753387864.0,16.0,2.053,6.5729999999999995,3.16,1216771.0,False
300.0,d8b978c6119710e61692eb0c8ed59509.param,0.0,0.0,0.0,44.158,1571287961.0,e01d14b418693fbb1acd8c2dece817f3,115203.0,1.0,0.0,6.947,15-45,80408.0,0.0,1112916.0,5736.0,4.216,16015.0,5736.0,-1.0,8381.0,0.0,905425.0,15599.0,1571287961.0,25.0,2.085,6.301,3.16,1128933.0,False
300.0,d8b978c6119710e61692eb0c8ed59509.param,1.0,0.0,0.0,48.802,1571287961.0,e01d14b418693fbb1acd8c2dece817f3,115203.0,1.0,0.0,6.994,15-45,80408.0,0.0,1112916.0,5736.0,4.187,16015.0,5736.0,-1.0,8381.0,0.0,905425.0,15599.0,1571287961.0,25.0,2.133,6.32,3.16,1128933.0,False
300.0,d8b978c6119710e61692eb0c8ed59509.param,2.0,0.0,0.0,47.533,1571287961.0,e01d14b418693fbb1acd8c2dece817f3,115203.0,1.0,0.0,7.0120000000000005,15-45,80408.0,0.0,1112916.0,5736.0,4.285,16015.0,5736.0,-1.0,8381.0,0.0,905425.0,15599.0,1571287961.0,25.0,2.093,6.377999999999999,3.16,1128933.0,False
300.0,4fb489f83300339f94af01b969c1f325.param,0.0,0.0,0.0,57.636,1098776393.0,9541ac23810616f7b5aec1238bea87ae,112511.0,1.0,0.0,8.73,15-45,68878.0,0.0,1360357.0,5747.0,5.131,17344.0,5747.0,-1.0,8598.0,0.0,958106.0,16950.0,1098776393.0,25.0,2.822,7.9529999999999985,4.75,1377703.0,False
300.0,4fb489f83300339f94af01b969c1f325.param,1.0,0.0,0.0,53.286,1098776393.0,9541ac23810616f7b5aec1238bea87ae,112511.0,1.0,0.0,9.037,15-45,68878.0,0.0,1360357.0,5747.0,5.307,17344.0,5747.0,-1.0,8598.0,0.0,958106.0,16950.0,1098776393.0,25.0,2.9389999999999996,8.246,4.75,1377703.0,False
300.0,4fb489f83300339f94af01b969c1f325.param,2.0,0.0,0.0,56.645,1098776393.0,9541ac23810616f7b5aec1238bea87ae,112511.0,1.0,0.0,8.738999999999999,15-45,68878.0,0.0,1360357.0,5747.0,5.3229999999999995,17344.0,5747.0,-1.0,8598.0,0.0,958106.0,16950.0,1098776393.0,25.0,2.682,8.005,4.75,1377703.0,False
300.0,4ee13ffb8d0ec1ceaf1bb37447281f58.param,0.0,0.0,0.0,32.06,506016928.0,760ddbcad728d7c594b41d2ffb7bdeda,63092.0,1.0,0.0,4.473,15-45,36620.0,0.0,708637.0,4121.0,2.728,13187.0,4121.0,-1.0,10161.0,0.0,510019.0,12856.0,506016928.0,17.0,1.199,3.927,0.63,721826.0,False
300.0,4ee13ffb8d0ec1ceaf1bb37447281f58.param,1.0,0.0,0.0,30.406,506016928.0,760ddbcad728d7c594b41d2ffb7bdeda,63092.0,1.0,0.0,4.027,15-45,36620.0,0.0,708637.0,4121.0,2.614,13187.0,4121.0,-1.0,10161.0,0.0,510019.0,12856.0,506016928.0,17.0,1.0170000000000001,3.6310000000000002,0.63,721826.0,False
300.0,4ee13ffb8d0ec1ceaf1bb37447281f58.param,2.0,0.0,0.0,28.052,506016928.0,760ddbcad728d7c594b41d2ffb7bdeda,63092.0,1.0,0.0,4.132,15-45,36620.0,0.0,708637.0,4121.0,2.7119999999999997,13187.0,4121.0,-1.0,10161.0,0.0,510019.0,12856.0,506016928.0,17.0,1.021,3.733,0.63,721826.0,False
300.0,8fafcc4984fc93de8a9182509b2a0a65.param,0.0,0.0,0.0,70.24600000000001,1057470620.0,1a2f16efff3c0e5f7660340f4fb0f890,101239.0,1.0,0.0,10.292,15-45,54310.0,0.0,1688903.0,5695.0,6.52,21116.0,5695.0,-1.0,10472.0,0.0,882230.0,20653.0,1057470620.0,24.0,2.835,9.355,4.75,1710021.0,False
300.0,8fafcc4984fc93de8a9182509b2a0a65.param,1.0,0.0,0.0,68.021,1057470620.0,1a2f16efff3c0e5f7660340f4fb0f890,101239.0,1.0,0.0,11.043,15-45,54310.0,0.0,1688903.0,5695.0,6.624,21116.0,5695.0,-1.0,10472.0,0.0,882230.0,20653.0,1057470620.0,24.0,3.065,9.689,4.75,1710021.0,False
300.0,8fafcc4984fc93de8a9182509b2a0a65.param,2.0,0.0,0.0,71.434,1057470620.0,1a2f16efff3c0e5f7660340f4fb0f890,101239.0,1.0,0.0,10.843,15-45,54310.0,0.0,1688903.0,5695.0,6.7360000000000015,21116.0,5695.0,-1.0,10472.0,0.0,882230.0,20653.0,1057470620.0,24.0,2.958,9.693999999999999,4.75,1710021.0,False
300.0,c0cc3cb80752c8cae8a567aa7598d4aa.param,0.0,0.0,0.0,49.01600000000001,506016928.0,b3c0a65f172060d74164f00db1456b22,96217.0,1.0,0.0,7.71,15-45,44628.0,0.0,1258796.0,6200.0,4.909,19153.0,6200.0,-1.0,16176.0,0.0,854493.0,18763.0,506016928.0,28.0,2.031,6.94,0.94,1277951.0,False
300.0,c0cc3cb80752c8cae8a567aa7598d4aa.param,1.0,0.0,0.0,51.87600000000001,506016928.0,b3c0a65f172060d74164f00db1456b22,96217.0,1.0,0.0,7.407999999999999,15-45,44628.0,0.0,1258796.0,6200.0,4.7330000000000005,19153.0,6200.0,-1.0,16176.0,0.0,854493.0,18763.0,506016928.0,28.0,1.983,6.716,0.94,1277951.0,False
300.0,c0cc3cb80752c8cae8a567aa7598d4aa.param,2.0,0.0,0.0,54.128,506016928.0,b3c0a65f172060d74164f00db1456b22,96217.0,1.0,0.0,7.355,15-45,44628.0,0.0,1258796.0,6200.0,4.744,19153.0,6200.0,-1.0,16176.0,0.0,854493.0,18763.0,506016928.0,28.0,1.9380000000000002,6.682,0.94,1277951.0,False
300.0,876c6467204e8ca8aabecbfbd3b45139.param,0.0,0.0,0.0,65.949,1257636424.0,238676447665b8fe1a08dd35329315d4,236097.0,1.0,0.0,10.58,15-45,158979.0,0.0,1524529.0,6238.0,5.892,22661.0,6238.0,-1.0,21096.0,0.0,1045464.0,22192.0,1257636424.0,28.0,3.8089999999999997,9.701,1.41,1547192.0,False
300.0,876c6467204e8ca8aabecbfbd3b45139.param,1.0,0.0,0.0,62.88800000000001,1257636424.0,238676447665b8fe1a08dd35329315d4,236097.0,1.0,0.0,10.5,15-45,158979.0,0.0,1524529.0,6238.0,5.807,22661.0,6238.0,-1.0,21096.0,0.0,1045464.0,22192.0,1257636424.0,28.0,3.804,9.611,1.41,1547192.0,False
300.0,876c6467204e8ca8aabecbfbd3b45139.param,2.0,0.0,0.0,62.271,1257636424.0,238676447665b8fe1a08dd35329315d4,236097.0,1.0,0.0,10.460999999999999,15-45,158979.0,0.0,1524529.0,6238.0,5.801,22661.0,6238.0,-1.0,21096.0,0.0,1045464.0,22192.0,1257636424.0,28.0,3.7960000000000003,9.597000000000001,1.41,1547192.0,False
300.0,ba49f12ab41d4271c475e4948758589d.param,0.0,0.0,0.0,26.625,83966730.0,371ad4d96ec2f0f75787a46b7d2ebf64,40088.0,1.0,0.0,3.827,15-45,12832.0,0.0,594107.0,4181.0,2.445,10765.0,4181.0,-1.0,7469.0,0.0,424471.0,10474.0,83966730.0,17.0,0.935,3.38,0.63,604874.0,False
300.0,ba49f12ab41d4271c475e4948758589d.param,1.0,0.0,0.0,24.936,83966730.0,371ad4d96ec2f0f75787a46b7d2ebf64,40088.0,1.0,0.0,3.4219999999999997,15-45,12832.0,0.0,594107.0,4181.0,2.213,10765.0,4181.0,-1.0,7469.0,0.0,424471.0,10474.0,83966730.0,17.0,0.836,3.049,0.63,604874.0,False
300.0,ba49f12ab41d4271c475e4948758589d.param,2.0,0.0,0.0,25.11,83966730.0,371ad4d96ec2f0f75787a46b7d2ebf64,40088.0,1.0,0.0,3.438,15-45,12832.0,0.0,594107.0,4181.0,2.255,10765.0,4181.0,-1.0,7469.0,0.0,424471.0,10474.0,83966730.0,17.0,0.821,3.076,0.63,604874.0,False
300.0,c1fde8776f334c859cdb281cb0bed488.param,0.0,0.0,0.0,13.499,506016928.0,4c90400674f6919fb55509fe3065540a,42638.0,1.0,0.0,2.29,15-45,16956.0,0.0,318146.0,4150.0,1.156,5764.0,4150.0,-1.0,6059.0,0.0,482322.0,5481.0,506016928.0,17.0,0.865,2.021,0.42,323912.0,False
300.0,c1fde8776f334c859cdb281cb0bed488.param,1.0,0.0,0.0,13.52,506016928.0,4c90400674f6919fb55509fe3065540a,42638.0,1.0,0.0,2.1919999999999997,15-45,16956.0,0.0,318146.0,4150.0,1.212,5764.0,4150.0,-1.0,6059.0,0.0,482322.0,5481.0,506016928.0,17.0,0.77,1.982,0.42,323912.0,False
300.0,c1fde8776f334c859cdb281cb0bed488.param,2.0,0.0,0.0,14.802999999999999,506016928.0,4c90400674f6919fb55509fe3065540a,42638.0,1.0,0.0,2.104,15-45,16956.0,0.0,318146.0,4150.0,1.171,5764.0,4150.0,-1.0,6059.0,0.0,482322.0,5481.0,506016928.0,17.0,0.742,1.913,0.42,323912.0,False
300.0,f2209196093db16c0e1ccffc86fe7af3.param,0.0,0.0,0.0,47.606,1242281828.0,77450b93f6fc55a6428b4c6925ec13e8,53203.0,1.0,0.0,5.843999999999999,15-45,43859.0,0.0,1203023.0,2305.0,4.558,20946.0,2305.0,-1.0,10400.0,0.0,451058.0,20588.0,1242281828.0,13.0,0.644,5.202000000000001,3.16,1223971.0,False
300.0,f2209196093db16c0e1ccffc86fe7af3.param,1.0,0.0,0.0,47.151,1242281828.0,77450b93f6fc55a6428b4c6925ec13e8,53203.0,1.0,0.0,5.862,15-45,43859.0,0.0,1203023.0,2305.0,4.587,20946.0,2305.0,-1.0,10400.0,0.0,451058.0,20588.0,1242281828.0,13.0,0.633,5.22,3.16,1223971.0,False
300.0,f2209196093db16c0e1ccffc86fe7af3.param,2.0,0.0,0.0,46.696999999999996,1242281828.0,77450b93f6fc55a6428b4c6925ec13e8,53203.0,1.0,0.0,5.897,15-45,43859.0,0.0,1203023.0,2305.0,4.5680000000000005,20946.0,2305.0,-1.0,10400.0,0.0,451058.0,20588.0,1242281828.0,13.0,0.6459999999999999,5.2139999999999995,3.16,1223971.0,False
300.0,222abd76a7db47e3d5cbf580e108b101.param,0.0,0.0,0.0,50.993,1802391418.0,32e82f58691f392cec94cb6d161629c0,102173.0,1.0,0.0,9.186,15-45,61152.0,0.0,1337111.0,4698.0,5.066,20127.0,4698.0,-1.0,9990.0,0.0,707329.0,19756.0,1802391418.0,20.0,3.367,8.433,4.75,1357240.0,False
300.0,222abd76a7db47e3d5cbf580e108b101.param,1.0,0.0,0.0,55.571999999999996,1802391418.0,32e82f58691f392cec94cb6d161629c0,102173.0,1.0,0.0,9.566,15-45,61152.0,0.0,1337111.0,4698.0,5.078,20127.0,4698.0,-1.0,9990.0,0.0,707329.0,19756.0,1802391418.0,20.0,3.483,8.561,4.75,1357240.0,False
300.0,222abd76a7db47e3d5cbf580e108b101.param,2.0,0.0,0.0,52.122,1802391418.0,32e82f58691f392cec94cb6d161629c0,102173.0,1.0,0.0,9.185,15-45,61152.0,0.0,1337111.0,4698.0,5.065,20127.0,4698.0,-1.0,9990.0,0.0,707329.0,19756.0,1802391418.0,20.0,3.3739999999999997,8.439,4.75,1357240.0,False
300.0,fc2d899db36a3003ebbcd92cad9223b0.param,0.0,0.0,0.0,27.211,1923385776.0,2bc018e63e8149ecf3d5af57d7acba91,115251.0,1.0,0.0,4.988,15-45,62878.0,0.0,626913.0,4730.0,2.3369999999999997,9231.0,4730.0,-1.0,11214.0,0.0,656990.0,8918.0,1923385776.0,21.0,2.302,4.638999999999999,2.11,636146.0,False
300.0,fc2d899db36a3003ebbcd92cad9223b0.param,1.0,0.0,0.0,26.416999999999998,1923385776.0,2bc018e63e8149ecf3d5af57d7acba91,115251.0,1.0,0.0,5.0280000000000005,15-45,62878.0,0.0,626913.0,4730.0,2.37,9231.0,4730.0,-1.0,11214.0,0.0,656990.0,8918.0,1923385776.0,21.0,2.306,4.676,2.11,636146.0,False
300.0,fc2d899db36a3003ebbcd92cad9223b0.param,2.0,0.0,0.0,28.005,1923385776.0,2bc018e63e8149ecf3d5af57d7acba91,115251.0,1.0,0.0,5.118,15-45,62878.0,0.0,626913.0,4730.0,2.468,9231.0,4730.0,-1.0,11214.0,0.0,656990.0,8918.0,1923385776.0,21.0,2.302,4.77,2.11,636146.0,False
300.0,f0b6a6311818b4dd8f5227b40762bd4a.param,0.0,0.0,0.0,34.336,1057470620.0,d004e8fbb6850c0098905e4debac0f5f,105018.0,1.0,0.0,4.753,15-45,86900.0,0.0,803167.0,4163.0,3.075,13610.0,4163.0,-1.0,6734.0,0.0,824454.0,13224.0,1057470620.0,17.0,1.2329999999999999,4.308,2.11,816779.0,False
300.0,f0b6a6311818b4dd8f5227b40762bd4a.param,1.0,0.0,0.0,36.083,1057470620.0,d004e8fbb6850c0098905e4debac0f5f,105018.0,1.0,0.0,4.91,15-45,86900.0,0.0,803167.0,4163.0,2.99,13610.0,4163.0,-1.0,6734.0,0.0,824454.0,13224.0,1057470620.0,17.0,1.462,4.452,2.11,816779.0,False
300.0,f0b6a6311818b4dd8f5227b40762bd4a.param,2.0,0.0,0.0,34.121,1057470620.0,d004e8fbb6850c0098905e4debac0f5f,105018.0,1.0,0.0,5.113,15-45,86900.0,0.0,803167.0,4163.0,3.054,13610.0,4163.0,-1.0,6734.0,0.0,824454.0,13224.0,1057470620.0,17.0,1.47,4.524,2.11,816779.0,False
300.0,867c000858982af2c7444466a304af04.param,0.0,0.0,0.0,52.602,1057470620.0,5e141453ce23a02955d1104d83f10fe0,236806.0,1.0,0.0,9.541,15-45,201859.0,0.0,1266141.0,2329.0,5.2620000000000005,20924.0,2329.0,-1.0,12078.0,0.0,854591.0,20511.0,1057470620.0,13.0,3.327,8.589,4.75,1287067.0,False
300.0,867c000858982af2c7444466a304af04.param,1.0,0.0,0.0,50.205,1057470620.0,5e141453ce23a02955d1104d83f10fe0,236806.0,1.0,0.0,8.111,15-45,201859.0,0.0,1266141.0,2329.0,4.769,20924.0,2329.0,-1.0,12078.0,0.0,854591.0,20511.0,1057470620.0,13.0,2.6310000000000002,7.4,4.75,1287067.0,False
300.0,867c000858982af2c7444466a304af04.param,2.0,0.0,0.0,50.17,1057470620.0,5e141453ce23a02955d1104d83f10fe0,236806.0,1.0,0.0,7.99,15-45,201859.0,0.0,1266141.0,2329.0,4.773,20924.0,2329.0,-1.0,12078.0,0.0,854591.0,20511.0,1057470620.0,13.0,2.5180000000000002,7.291,4.75,1287067.0,False
300.0,d0bc402d6d4e2f421314981899e705da.param,0.0,0.0,0.0,62.95399999999999,1057470620.0,f5f37fd4efdbc1eaa6e6fcd5a3a8cd23,433636.0,1.0,0.0,13.277999999999999,15-45,347929.0,0.0,1499337.0,9644.0,5.7360000000000015,21351.0,9644.0,-1.0,17365.0,0.0,1596001.0,20936.0,1057470620.0,32.0,6.72,12.456,0.94,1520690.0,False
300.0,d0bc402d6d4e2f421314981899e705da.param,1.0,0.0,0.0,58.538999999999994,1057470620.0,f5f37fd4efdbc1eaa6e6fcd5a3a8cd23,433636.0,1.0,0.0,13.119000000000002,15-45,347929.0,0.0,1499337.0,9644.0,5.6670000000000025,21351.0,9644.0,-1.0,17365.0,0.0,1596001.0,20936.0,1057470620.0,32.0,6.652,12.319,0.94,1520690.0,False
300.0,d0bc402d6d4e2f421314981899e705da.param,2.0,0.0,0.0,61.13800000000001,1057470620.0,f5f37fd4efdbc1eaa6e6fcd5a3a8cd23,433636.0,1.0,0.0,13.359000000000002,15-45,347929.0,0.0,1499337.0,9644.0,5.853,21351.0,9644.0,-1.0,17365.0,0.0,1596001.0,20936.0,1057470620.0,32.0,6.686,12.539000000000001,0.94,1520690.0,False
300.0,a2bb37bd1970b7fe11a8b59cb1f3a6f3.param,0.0,0.0,0.0,36.489000000000004,1139903203.0,0a3218abe7ae7a5c7212b954f2ef93df,344186.0,1.0,0.0,6.9979999999999976,15-46,290636.0,0.0,907724.0,6399.0,3.452,11688.0,6399.0,-1.0,12625.0,0.0,1482934.0,11333.0,1139903203.0,29.0,3.0460000000000003,6.4979999999999976,1.41,919414.0,False
300.0,a2bb37bd1970b7fe11a8b59cb1f3a6f3.param,1.0,0.0,0.0,38.542,1139903203.0,0a3218abe7ae7a5c7212b954f2ef93df,344186.0,1.0,0.0,7.188,15-46,290636.0,0.0,907724.0,6399.0,3.418,11688.0,6399.0,-1.0,12625.0,0.0,1482934.0,11333.0,1139903203.0,29.0,3.234,6.652,1.41,919414.0,False
300.0,a2bb37bd1970b7fe11a8b59cb1f3a6f3.param,2.0,0.0,0.0,37.19,1139903203.0,0a3218abe7ae7a5c7212b954f2ef93df,344186.0,1.0,0.0,6.8729999999999976,15-46,290636.0,0.0,907724.0,6399.0,3.405,11688.0,6399.0,-1.0,12625.0,0.0,1482934.0,11333.0,1139903203.0,29.0,2.9819999999999998,6.3870000000000005,1.41,919414.0,False
300.0,85b90a483e5d2ab64757532083d99628.param,0.0,0.0,0.0,67.365,1083416308.0,bd1a4e1a314411de3708e302463b24b2,555389.0,1.0,0.0,11.097999999999999,15-45,489842.0,0.0,1602602.0,6214.0,6.101,21897.0,6214.0,-1.0,19807.0,0.0,1608272.0,21497.0,1083416308.0,28.0,4.061,10.162,1.41,1624501.0,False
300.0,85b90a483e5d2ab64757532083d99628.param,1.0,0.0,0.0,65.186,1083416308.0,bd1a4e1a314411de3708e302463b24b2,555389.0,1.0,0.0,11.022,15-45,489842.0,0.0,1602602.0,6214.0,6.149,21897.0,6214.0,-1.0,19807.0,0.0,1608272.0,21497.0,1083416308.0,28.0,4.018,10.167,1.41,1624501.0,False
300.0,85b90a483e5d2ab64757532083d99628.param,2.0,0.0,0.0,61.324,1083416308.0,bd1a4e1a314411de3708e302463b24b2,555389.0,1.0,0.0,11.431,15-45,489842.0,0.0,1602602.0,6214.0,6.224,21897.0,6214.0,-1.0,19807.0,0.0,1608272.0,21497.0,1083416308.0,28.0,4.177,10.401,1.41,1624501.0,False
300.0,44fed91bbf02c3af539328e6662bf914.param,0.0,0.0,0.0,45.788999999999994,95956545.0,772cc7bdfeb11ac6e0adc10737f1d35e,319205.0,1.0,0.0,8.621,15-45,263382.0,0.0,1178315.0,5635.0,4.495,17721.0,5635.0,-1.0,11728.0,0.0,1464012.0,17314.0,95956545.0,24.0,3.483,7.978,3.16,1196038.0,False
300.0,44fed91bbf02c3af539328e6662bf914.param,1.0,0.0,0.0,47.608999999999995,95956545.0,772cc7bdfeb11ac6e0adc10737f1d35e,319205.0,1.0,0.0,9.486,15-45,263382.0,0.0,1178315.0,5635.0,4.433,17721.0,5635.0,-1.0,11728.0,0.0,1464012.0,17314.0,95956545.0,24.0,4.173,8.606,3.16,1196038.0,False
300.0,44fed91bbf02c3af539328e6662bf914.param,2.0,0.0,0.0,47.451,95956545.0,772cc7bdfeb11ac6e0adc10737f1d35e,319205.0,1.0,0.0,8.23,15-45,263382.0,0.0,1178315.0,5635.0,4.378,17721.0,5635.0,-1.0,11728.0,0.0,1464012.0,17314.0,95956545.0,24.0,3.23,7.608,3.16,1196038.0,False
300.0,b24ff19d000a151b6659a6c65e6c35c6.param,0.0,0.0,0.0,40.067,590654055.0,e09920df5d83b1e5015aa6caf966e846,760049.0,1.0,0.0,7.777,15-46,702452.0,0.0,938427.0,5701.0,3.502,12559.0,5701.0,-1.0,14944.0,0.0,1660361.0,12150.0,590654055.0,25.0,3.7760000000000002,7.278,1.41,950988.0,False
300.0,b24ff19d000a151b6659a6c65e6c35c6.param,1.0,0.0,0.0,39.464,590654055.0,e09920df5d83b1e5015aa6caf966e846,760049.0,1.0,0.0,7.624,15-46,702452.0,0.0,938427.0,5701.0,3.502,12559.0,5701.0,-1.0,14944.0,0.0,1660361.0,12150.0,590654055.0,25.0,3.6180000000000003,7.12,1.41,950988.0,False
300.0,b24ff19d000a151b6659a6c65e6c35c6.param,2.0,0.0,0.0,38.618,590654055.0,e09920df5d83b1e5015aa6caf966e846,760049.0,1.0,0.0,7.973,15-46,702452.0,0.0,938427.0,5701.0,3.516,12559.0,5701.0,-1.0,14944.0,0.0,1660361.0,12150.0,590654055.0,25.0,3.944,7.46,1.41,950988.0,False
300.0,5fef6050cdd12ec4963b342a00b8769f.param,0.0,0.0,0.0,49.909,335975281.0,1d7a8c494202b4d559fbe8dc4c9bbec3,201585.0,1.0,0.0,7.78,15-46,164502.0,0.0,1296150.0,4618.0,4.883,18669.0,4618.0,-1.0,13657.0,0.0,1131272.0,18301.0,335975281.0,20.0,2.19,7.0729999999999995,1.41,1314821.0,False
300.0,5fef6050cdd12ec4963b342a00b8769f.param,1.0,0.0,0.0,48.505,335975281.0,1d7a8c494202b4d559fbe8dc4c9bbec3,201585.0,1.0,0.0,7.875,15-46,164502.0,0.0,1296150.0,4618.0,4.957,18669.0,4618.0,-1.0,13657.0,0.0,1131272.0,18301.0,335975281.0,20.0,2.23,7.187,1.41,1314821.0,False
300.0,5fef6050cdd12ec4963b342a00b8769f.param,2.0,0.0,0.0,48.801,335975281.0,1d7a8c494202b4d559fbe8dc4c9bbec3,201585.0,1.0,0.0,7.809,15-46,164502.0,0.0,1296150.0,4618.0,4.843,18669.0,4618.0,-1.0,13657.0,0.0,1131272.0,18301.0,335975281.0,20.0,2.258,7.101,1.41,1314821.0,False
300.0,f77193d98d97a8df35aba3d3d50b907e.param,0.0,0.0,0.0,34.4,646920589.0,14931953356469cc558270bc76280766,209674.0,1.0,0.0,5.977,15-46,157354.0,0.0,824144.0,5638.0,3.0869999999999997,12840.0,5638.0,-1.0,12758.0,0.0,867908.0,12511.0,646920589.0,24.0,2.365,5.452000000000001,1.41,836986.0,False
300.0,f77193d98d97a8df35aba3d3d50b907e.param,1.0,0.0,0.0,32.005,646920589.0,14931953356469cc558270bc76280766,209674.0,1.0,0.0,5.757999999999999,15-46,157354.0,0.0,824144.0,5638.0,3.089,12840.0,5638.0,-1.0,12758.0,0.0,867908.0,12511.0,646920589.0,24.0,2.211,5.3,1.41,836986.0,False
300.0,f77193d98d97a8df35aba3d3d50b907e.param,2.0,0.0,0.0,33.623000000000005,646920589.0,14931953356469cc558270bc76280766,209674.0,1.0,0.0,5.716,15-46,157354.0,0.0,824144.0,5638.0,3.055,12840.0,5638.0,-1.0,12758.0,0.0,867908.0,12511.0,646920589.0,24.0,2.218,5.273,1.41,836986.0,False
300.0,e5fa51f4b48f9d73b966b1eb0389e73c.param,0.0,0.0,0.0,92.336,2136253402.0,d41a7b029bd7d9e770bcad1806af3f5a,427650.0,1.0,0.0,29.057,15-45,319755.0,0.0,2274110.0,10365.0,8.977,28447.0,10365.0,-1.0,23028.0,0.0,2439653.0,27997.0,2136253402.0,37.0,18.893,27.87,7.12,2302559.0,False
300.0,e5fa51f4b48f9d73b966b1eb0389e73c.param,1.0,0.0,0.0,89.912,2136253402.0,d41a7b029bd7d9e770bcad1806af3f5a,427650.0,1.0,0.0,28.555999999999997,15-45,319755.0,0.0,2274110.0,10365.0,8.795,28447.0,10365.0,-1.0,23028.0,0.0,2439653.0,27997.0,2136253402.0,37.0,18.558,27.353,7.12,2302559.0,False
300.0,e5fa51f4b48f9d73b966b1eb0389e73c.param,2.0,0.0,0.0,91.77600000000001,2136253402.0,d41a7b029bd7d9e770bcad1806af3f5a,427650.0,1.0,0.0,29.333000000000002,15-45,319755.0,0.0,2274110.0,10365.0,8.786,28447.0,10365.0,-1.0,23028.0,0.0,2439653.0,27997.0,2136253402.0,37.0,18.951,27.737,7.12,2302559.0,False
300.0,f019c54ca541e1449e1424c6aa46d35e.param,0.0,0.0,0.0,5.7070000000000025,95956545.0,07ec51e227fab4f8fd6083d1b275e748,5533814.0,1.0,0.0,96.785,15-46,5040335.0,0.0,116039.0,149950.0,0.42100000000000004,1558.0,149950.0,-1.0,7441.0,0.0,12874933.0,1168.0,95956545.0,366.0,96.21,96.631,0.42,117599.0,False
300.0,f019c54ca541e1449e1424c6aa46d35e.param,1.0,0.0,0.0,5.462999999999999,95956545.0,07ec51e227fab4f8fd6083d1b275e748,5533814.0,1.0,0.0,93.626,15-46,5040335.0,0.0,116039.0,149950.0,0.40700000000000003,1558.0,149950.0,-1.0,7441.0,0.0,12874933.0,1168.0,95956545.0,366.0,93.065,93.47200000000001,0.42,117599.0,False
300.0,f019c54ca541e1449e1424c6aa46d35e.param,2.0,0.0,0.0,5.4620000000000015,95956545.0,07ec51e227fab4f8fd6083d1b275e748,5533814.0,1.0,0.0,96.22200000000001,15-46,5040335.0,0.0,116039.0,149950.0,0.413,1558.0,149950.0,-1.0,7441.0,0.0,12874933.0,1168.0,95956545.0,366.0,95.677,96.09,0.42,117599.0,False
300.0,fece5a92f820b73659733b9639b82885.param,0.0,0.0,0.0,17.4,1242281828.0,ff29c66f4eb36fd4ee0aed6da3303b6e,1904746.0,1.0,0.0,17.332,15-46,1820426.0,0.0,403424.0,10244.0,1.462,5511.0,10244.0,-1.0,20780.0,0.0,2281786.0,5083.0,1242281828.0,36.0,15.554,17.016,1.41,408937.0,False
300.0,fece5a92f820b73659733b9639b82885.param,1.0,0.0,0.0,17.314,1242281828.0,ff29c66f4eb36fd4ee0aed6da3303b6e,1904746.0,1.0,0.0,17.845,15-46,1820426.0,0.0,403424.0,10244.0,1.4780000000000002,5511.0,10244.0,-1.0,20780.0,0.0,2281786.0,5083.0,1242281828.0,36.0,16.031,17.509,1.41,408937.0,False
300.0,fece5a92f820b73659733b9639b82885.param,2.0,0.0,0.0,18.692,1242281828.0,ff29c66f4eb36fd4ee0aed6da3303b6e,1904746.0,1.0,0.0,17.212,15-46,1820426.0,0.0,403424.0,10244.0,1.464,5511.0,10244.0,-1.0,20780.0,0.0,2281786.0,5083.0,1242281828.0,36.0,15.482999999999999,16.947,1.41,408937.0,False
300.0,a41351309b1ab4b5310538c23b8dec0e.param,0.0,0.0,0.0,62.133,1234135464.0,958e1c7a9fadb00bfbb80f2a344fce17,1621348.0,1.0,0.0,26.985,15-46,1473334.0,0.0,1571144.0,9688.0,5.928999999999999,21457.0,9688.0,-1.0,23575.0,0.0,3845400.0,21031.0,1234135464.0,32.0,20.225,26.154,2.11,1592603.0,False
300.0,a41351309b1ab4b5310538c23b8dec0e.param,1.0,0.0,0.0,64.965,1234135464.0,958e1c7a9fadb00bfbb80f2a344fce17,1621348.0,1.0,0.0,30.195,15-46,1473334.0,0.0,1571144.0,9688.0,5.96,21457.0,9688.0,-1.0,23575.0,0.0,3845400.0,21031.0,1234135464.0,32.0,23.104,29.064,2.11,1592603.0,False
300.0,a41351309b1ab4b5310538c23b8dec0e.param,2.0,0.0,0.0,62.45399999999999,1234135464.0,958e1c7a9fadb00bfbb80f2a344fce17,1621348.0,1.0,0.0,27.234,15-46,1473334.0,0.0,1571144.0,9688.0,5.945,21457.0,9688.0,-1.0,23575.0,0.0,3845400.0,21031.0,1234135464.0,32.0,20.456,26.401,2.11,1592603.0,False
300.0,b7c1926b06d5191f5f23b3654f7eea8a.param,0.0,0.0,0.0,32.479,1883039101.0,9c43b31f55879c26845b9f111961becb,78893.0,1.0,0.0,3.897,15-46,56435.0,0.0,744442.0,2361.0,2.7560000000000002,14260.0,2361.0,-1.0,6529.0,0.0,452083.0,13949.0,1883039101.0,13.0,0.7240000000000001,3.48,1.41,758704.0,False
300.0,b7c1926b06d5191f5f23b3654f7eea8a.param,1.0,0.0,0.0,28.93,1883039101.0,9c43b31f55879c26845b9f111961becb,78893.0,1.0,0.0,3.8510000000000004,15-46,56435.0,0.0,744442.0,2361.0,2.78,14260.0,2361.0,-1.0,6529.0,0.0,452083.0,13949.0,1883039101.0,13.0,0.6709999999999999,3.451,1.41,758704.0,False
300.0,b7c1926b06d5191f5f23b3654f7eea8a.param,2.0,0.0,0.0,32.114000000000004,1883039101.0,9c43b31f55879c26845b9f111961becb,78893.0,1.0,0.0,3.89,15-46,56435.0,0.0,744442.0,2361.0,2.7560000000000002,14260.0,2361.0,-1.0,6529.0,0.0,452083.0,13949.0,1883039101.0,13.0,0.7240000000000001,3.48,1.41,758704.0,False
300.0,9feb6f2064b86f090bb3887f069a4d0d.param,0.0,0.0,0.0,63.44600000000001,1918631718.0,0f3c55bf9c61771fd8154c280d021b13,446909.0,1.0,0.0,13.378,15-46,356101.0,0.0,1657333.0,9759.0,6.621,21116.0,9759.0,-1.0,19717.0,0.0,1756950.0,20653.0,1918631718.0,33.0,5.841,12.462,2.11,1678451.0,False
300.0,9feb6f2064b86f090bb3887f069a4d0d.param,1.0,0.0,0.0,62.728,1918631718.0,0f3c55bf9c61771fd8154c280d021b13,446909.0,1.0,0.0,13.145999999999999,15-46,356101.0,0.0,1657333.0,9759.0,6.367999999999999,21116.0,9759.0,-1.0,19717.0,0.0,1756950.0,20653.0,1918631718.0,33.0,5.903,12.270999999999999,2.11,1678451.0,False
300.0,9feb6f2064b86f090bb3887f069a4d0d.param,2.0,0.0,0.0,65.825,1918631718.0,0f3c55bf9c61771fd8154c280d021b13,446909.0,1.0,0.0,12.767000000000001,15-46,356101.0,0.0,1657333.0,9759.0,6.2620000000000005,21116.0,9759.0,-1.0,19717.0,0.0,1756950.0,20653.0,1918631718.0,33.0,5.6770000000000005,11.939,2.11,1678451.0,False
300.0,0faee3ca8e450721dd5b73cb48656439.param,0.0,0.0,0.0,98.677,221638566.0,1e68ef100752573515d43cb6680f30bf,310460.0,1.0,0.0,14.49,15-46,261047.0,0.0,2609103.0,6240.0,9.94,35260.0,6240.0,-1.0,18185.0,0.0,1330424.0,34757.0,221638566.0,28.0,3.219,13.159,2.11,2644365.0,False
300.0,0faee3ca8e450721dd5b73cb48656439.param,1.0,0.0,0.0,106.73899999999999,221638566.0,1e68ef100752573515d43cb6680f30bf,310460.0,1.0,0.0,14.573,15-46,261047.0,0.0,2609103.0,6240.0,9.937000000000001,35260.0,6240.0,-1.0,18185.0,0.0,1330424.0,34757.0,221638566.0,28.0,3.2569999999999997,13.194,2.11,2644365.0,False
300.0,0faee3ca8e450721dd5b73cb48656439.param,2.0,0.0,0.0,99.50399999999999,221638566.0,1e68ef100752573515d43cb6680f30bf,310460.0,1.0,0.0,14.607000000000001,15-46,261047.0,0.0,2609103.0,6240.0,9.972000000000001,35260.0,6240.0,-1.0,18185.0,0.0,1330424.0,34757.0,221638566.0,28.0,3.283,13.255,2.11,2644365.0,False
300.0,f96e501784f98c21890b02a2712e89bd.param,0.0,0.0,0.0,48.931999999999995,590654055.0,eb9b75ab4374daeb4c92cf5479b78d1f,174338.0,1.0,0.0,6.865,15-46,140477.0,0.0,1218461.0,4776.0,4.573,17733.0,4776.0,-1.0,11622.0,0.0,930770.0,17348.0,590654055.0,21.0,1.651,6.224,1.41,1236196.0,False
300.0,f96e501784f98c21890b02a2712e89bd.param,1.0,0.0,0.0,46.943999999999996,590654055.0,eb9b75ab4374daeb4c92cf5479b78d1f,174338.0,1.0,0.0,6.907,15-46,140477.0,0.0,1218461.0,4776.0,4.592,17733.0,4776.0,-1.0,11622.0,0.0,930770.0,17348.0,590654055.0,21.0,1.673,6.265,1.41,1236196.0,False
300.0,f96e501784f98c21890b02a2712e89bd.param,2.0,0.0,0.0,46.753,590654055.0,eb9b75ab4374daeb4c92cf5479b78d1f,174338.0,1.0,0.0,6.857,15-46,140477.0,0.0,1218461.0,4776.0,4.604,17733.0,4776.0,-1.0,11622.0,0.0,930770.0,17348.0,590654055.0,21.0,1.6269999999999998,6.231,1.41,1236196.0,False
300.0,573a8627b23c29141b9965518a1ea628.param,0.0,0.0,0.0,75.71600000000002,1057470620.0,ccae0023ebb8db5047d991888ed68fd2,384881.0,1.0,0.0,16.107,15-46,299779.0,0.0,1879235.0,6275.0,7.155,25654.0,6275.0,-1.0,17058.0,0.0,1363292.0,25180.0,1057470620.0,28.0,7.9929999999999986,15.148,0.94,1904891.0,False
300.0,573a8627b23c29141b9965518a1ea628.param,1.0,0.0,0.0,72.54899999999998,1057470620.0,ccae0023ebb8db5047d991888ed68fd2,384881.0,1.0,0.0,16.067999999999998,15-46,299779.0,0.0,1879235.0,6275.0,7.222,25654.0,6275.0,-1.0,17058.0,0.0,1363292.0,25180.0,1057470620.0,28.0,7.876,15.097999999999999,0.94,1904891.0,False
300.0,573a8627b23c29141b9965518a1ea628.param,2.0,0.0,0.0,76.45,1057470620.0,ccae0023ebb8db5047d991888ed68fd2,384881.0,1.0,0.0,16.11,15-46,299779.0,0.0,1879235.0,6275.0,7.278,25654.0,6275.0,-1.0,17058.0,0.0,1363292.0,25180.0,1057470620.0,28.0,7.8889999999999985,15.167,0.94,1904891.0,False
300.0,ff29c8f9c07b239fedaec27dbf4ce49d.param,0.0,0.0,0.0,29.759,34754393.0,eb090f720fdcec8ab201de61e828f1aa,249718.0,1.0,0.0,4.747,15-46,223768.0,0.0,738961.0,6207.0,2.698,10301.0,6207.0,-1.0,4712.0,0.0,1069918.0,9880.0,34754393.0,28.0,1.6740000000000002,4.372,0.63,749264.0,False
300.0,ff29c8f9c07b239fedaec27dbf4ce49d.param,1.0,0.0,0.0,31.88,34754393.0,eb090f720fdcec8ab201de61e828f1aa,249718.0,1.0,0.0,4.868,15-46,223768.0,0.0,738961.0,6207.0,2.7489999999999997,10301.0,6207.0,-1.0,4712.0,0.0,1069918.0,9880.0,34754393.0,28.0,1.7109999999999999,4.46,0.63,749264.0,False
300.0,ff29c8f9c07b239fedaec27dbf4ce49d.param,2.0,0.0,0.0,28.807,34754393.0,eb090f720fdcec8ab201de61e828f1aa,249718.0,1.0,0.0,4.828,15-46,223768.0,0.0,738961.0,6207.0,2.717,10301.0,6207.0,-1.0,4712.0,0.0,1069918.0,9880.0,34754393.0,28.0,1.713,4.43,0.63,749264.0,False
300.0,be934c0585611c7f00126ccfde3651ad.param,0.0,0.0,0.0,59.716,590654055.0,400eafe611250f66b104bcf6a825a18c,3421328.0,1.0,0.0,36.12300000000001,15-46,3298109.0,0.0,1563665.0,10289.0,5.853,20710.0,10289.0,-1.0,37463.0,0.0,3533846.0,20239.0,590654055.0,36.0,29.459,35.312,2.11,1584377.0,False
300.0,be934c0585611c7f00126ccfde3651ad.param,1.0,0.0,0.0,58.273,590654055.0,400eafe611250f66b104bcf6a825a18c,3421328.0,1.0,0.0,36.689,15-46,3298109.0,0.0,1563665.0,10289.0,5.915,20710.0,10289.0,-1.0,37463.0,0.0,3533846.0,20239.0,590654055.0,36.0,29.956,35.871,2.11,1584377.0,False
300.0,be934c0585611c7f00126ccfde3651ad.param,2.0,0.0,0.0,58.661,590654055.0,400eafe611250f66b104bcf6a825a18c,3421328.0,1.0,0.0,36.656,15-46,3298109.0,0.0,1563665.0,10289.0,5.99,20710.0,10289.0,-1.0,37463.0,0.0,3533846.0,20239.0,590654055.0,36.0,29.851,35.841,2.11,1584377.0,False
300.0,c561707c3f0ff054acd49c4f7f7f9eae.param,0.0,0.0,0.0,72.157,590654055.0,4ee10caa2ca9136fea7347daaa660a00,210458.0,1.0,0.0,10.786,15-46,162502.0,0.0,1893527.0,4755.0,7.195,24838.0,4755.0,-1.0,14084.0,0.0,1011198.0,24376.0,590654055.0,21.0,2.622,9.817,2.11,1918367.0,False
300.0,c561707c3f0ff054acd49c4f7f7f9eae.param,1.0,0.0,0.0,71.148,590654055.0,4ee10caa2ca9136fea7347daaa660a00,210458.0,1.0,0.0,10.827,15-46,162502.0,0.0,1893527.0,4755.0,7.2079999999999975,24838.0,4755.0,-1.0,14084.0,0.0,1011198.0,24376.0,590654055.0,21.0,2.6319999999999997,9.84,2.11,1918367.0,False
300.0,c561707c3f0ff054acd49c4f7f7f9eae.param,2.0,0.0,0.0,79.388,590654055.0,4ee10caa2ca9136fea7347daaa660a00,210458.0,1.0,0.0,10.982000000000001,15-46,162502.0,0.0,1893527.0,4755.0,7.276,24838.0,4755.0,-1.0,14084.0,0.0,1011198.0,24376.0,590654055.0,21.0,2.6830000000000003,9.959,2.11,1918367.0,False
300.0,964d1ae550e8b1567ec8e3803e14c5da.param,0.0,0.0,0.0,38.152,693280077.0,781f63fceda01f384a232abde8d27fe1,515343.0,1.0,0.0,7.756,15-46,464064.0,0.0,895712.0,4012.0,3.3169999999999997,16654.0,4012.0,-1.0,18186.0,0.0,1429525.0,16261.0,693280077.0,16.0,3.96,7.277,0.94,912368.0,False
300.0,964d1ae550e8b1567ec8e3803e14c5da.param,1.0,0.0,0.0,37.525999999999996,693280077.0,781f63fceda01f384a232abde8d27fe1,515343.0,1.0,0.0,7.824,15-46,464064.0,0.0,895712.0,4012.0,3.322,16654.0,4012.0,-1.0,18186.0,0.0,1429525.0,16261.0,693280077.0,16.0,4.027,7.349,0.94,912368.0,False
300.0,964d1ae550e8b1567ec8e3803e14c5da.param,2.0,0.0,0.0,35.944,693280077.0,781f63fceda01f384a232abde8d27fe1,515343.0,1.0,0.0,7.526,15-46,464064.0,0.0,895712.0,4012.0,3.2889999999999997,16654.0,4012.0,-1.0,18186.0,0.0,1429525.0,16261.0,693280077.0,16.0,3.78,7.069,0.94,912368.0,False
300.0,411eb8af67a987b6d330a3f7c487347c.param,0.0,0.0,0.0,15.261,1083416308.0,d814e97d4b63dc01f9e2f180b6ce04e0,319696.0,1.0,0.0,2.977,15-46,296050.0,0.0,335798.0,4141.0,1.252,5628.0,4141.0,-1.0,9648.0,0.0,932536.0,5351.0,1083416308.0,17.0,1.525,2.7769999999999997,0.63,341428.0,False
300.0,411eb8af67a987b6d330a3f7c487347c.param,1.0,0.0,0.0,14.270999999999999,1083416308.0,d814e97d4b63dc01f9e2f180b6ce04e0,319696.0,1.0,0.0,3.06,15-46,296050.0,0.0,335798.0,4141.0,1.232,5628.0,4141.0,-1.0,9648.0,0.0,932536.0,5351.0,1083416308.0,17.0,1.6280000000000001,2.86,0.63,341428.0,False
300.0,411eb8af67a987b6d330a3f7c487347c.param,2.0,0.0,0.0,14.152000000000001,1083416308.0,d814e97d4b63dc01f9e2f180b6ce04e0,319696.0,1.0,0.0,3.051,15-46,296050.0,0.0,335798.0,4141.0,1.194,5628.0,4141.0,-1.0,9648.0,0.0,932536.0,5351.0,1083416308.0,17.0,1.632,2.826,0.63,341428.0,False
300.0,813211425de754d47420bda81be7c3af.param,0.0,0.0,0.0,26.906,2028359165.0,ca2e61380e44dae6c5c2ef50bd0e1565,142886.0,1.0,0.0,5.018,15-46,91245.0,0.0,663666.0,5708.0,2.485,10465.0,5708.0,-1.0,8868.0,0.0,861628.0,10161.0,2028359165.0,25.0,2.162,4.647,0.63,674133.0,False
300.0,813211425de754d47420bda81be7c3af.param,1.0,0.0,0.0,27.151999999999997,2028359165.0,ca2e61380e44dae6c5c2ef50bd0e1565,142886.0,1.0,0.0,4.888,15-46,91245.0,0.0,663666.0,5708.0,2.419,10465.0,5708.0,-1.0,8868.0,0.0,861628.0,10161.0,2028359165.0,25.0,2.11,4.529,0.63,674133.0,False
300.0,813211425de754d47420bda81be7c3af.param,2.0,0.0,0.0,25.97,2028359165.0,ca2e61380e44dae6c5c2ef50bd0e1565,142886.0,1.0,0.0,4.963,15-46,91245.0,0.0,663666.0,5708.0,2.411,10465.0,5708.0,-1.0,8868.0,0.0,861628.0,10161.0,2028359165.0,25.0,2.182,4.593,0.63,674133.0,False
300.0,a1d4e09d3abf0a4eca987babbe1df4ca.param,0.0,0.0,0.0,5.1770000000000005,1571287961.0,e6a1335f37e04431d4a7e5b9d2da1f02,642030.0,1.0,0.0,6.989,15-46,568939.0,0.0,106595.0,11496.0,0.392,1390.0,11496.0,-1.0,8765.0,0.0,1339497.0,1042.0,1571287961.0,42.0,6.51,6.902,0.28,107987.0,False
300.0,a1d4e09d3abf0a4eca987babbe1df4ca.param,1.0,0.0,0.0,4.856,1571287961.0,e6a1335f37e04431d4a7e5b9d2da1f02,642030.0,1.0,0.0,7.018,15-46,568939.0,0.0,106595.0,11496.0,0.375,1390.0,11496.0,-1.0,8765.0,0.0,1339497.0,1042.0,1571287961.0,42.0,6.553,6.928,0.28,107987.0,False
300.0,a1d4e09d3abf0a4eca987babbe1df4ca.param,2.0,0.0,0.0,4.935,1571287961.0,e6a1335f37e04431d4a7e5b9d2da1f02,642030.0,1.0,0.0,7.235,15-46,568939.0,0.0,106595.0,11496.0,0.379,1390.0,11496.0,-1.0,8765.0,0.0,1339497.0,1042.0,1571287961.0,42.0,6.757999999999999,7.1370000000000005,0.28,107987.0,False
300.0,356667c28689cc2615ddddc6ad11e53e.param,0.0,0.0,0.0,74.122,693280077.0,9e297022c9c740a47a237a6fc2bf4eda,184326.0,1.0,0.0,12.477,15-46,76913.0,0.0,1999965.0,6354.0,7.565,28766.0,6354.0,-1.0,17705.0,0.0,1382091.0,28269.0,693280077.0,29.0,3.9219999999999997,11.487,2.11,2028733.0,False
300.0,356667c28689cc2615ddddc6ad11e53e.param,1.0,0.0,0.0,80.79899999999998,693280077.0,9e297022c9c740a47a237a6fc2bf4eda,184326.0,1.0,0.0,13.159,15-46,76913.0,0.0,1999965.0,6354.0,7.795,28766.0,6354.0,-1.0,17705.0,0.0,1382091.0,28269.0,693280077.0,29.0,4.181,11.975999999999999,2.11,2028733.0,False
300.0,356667c28689cc2615ddddc6ad11e53e.param,2.0,0.0,0.0,78.419,693280077.0,9e297022c9c740a47a237a6fc2bf4eda,184326.0,1.0,0.0,13.640999999999998,15-46,76913.0,0.0,1999965.0,6354.0,7.817,28766.0,6354.0,-1.0,17705.0,0.0,1382091.0,28269.0,693280077.0,29.0,4.397,12.214,2.11,2028733.0,False
300.0,9038037b7d7e09779716658ee51f043a.param,0.0,0.0,0.0,35.591,1470727592.0,f18f052b523cb21d779ab339f0233999,125287.0,1.0,0.0,5.073,15-46,104401.0,0.0,915353.0,2353.0,3.389,16147.0,2353.0,-1.0,6507.0,0.0,674039.0,15820.0,1470727592.0,13.0,1.189,4.578,0.94,931502.0,False
300.0,9038037b7d7e09779716658ee51f043a.param,1.0,0.0,0.0,36.441,1470727592.0,f18f052b523cb21d779ab339f0233999,125287.0,1.0,0.0,5.183,15-46,104401.0,0.0,915353.0,2353.0,3.463,16147.0,2353.0,-1.0,6507.0,0.0,674039.0,15820.0,1470727592.0,13.0,1.205,4.668,0.94,931502.0,False
300.0,9038037b7d7e09779716658ee51f043a.param,2.0,0.0,0.0,38.175,1470727592.0,f18f052b523cb21d779ab339f0233999,125287.0,1.0,0.0,5.126,15-46,104401.0,0.0,915353.0,2353.0,3.4560000000000004,16147.0,2353.0,-1.0,6507.0,0.0,674039.0,15820.0,1470727592.0,13.0,1.177,4.633,0.94,931502.0,False
300.0,2389afb57cc1c7542bfddc76320706af.param,0.0,0.0,0.0,36.732,1405409883.0,de68e992a8b42d8c06356fcfbd6bea42,105674.0,1.0,0.0,5.291,15-46,80202.0,0.0,960843.0,2347.0,3.5869999999999997,17641.0,2347.0,-1.0,7427.0,0.0,550545.0,17298.0,1405409883.0,13.0,1.189,4.776,1.41,978486.0,False
300.0,2389afb57cc1c7542bfddc76320706af.param,1.0,0.0,0.0,37.608000000000004,1405409883.0,de68e992a8b42d8c06356fcfbd6bea42,105674.0,1.0,0.0,5.3389999999999995,15-46,80202.0,0.0,960843.0,2347.0,3.613,17641.0,2347.0,-1.0,7427.0,0.0,550545.0,17298.0,1405409883.0,13.0,1.188,4.801,1.41,978486.0,False
300.0,2389afb57cc1c7542bfddc76320706af.param,2.0,0.0,0.0,40.425,1405409883.0,de68e992a8b42d8c06356fcfbd6bea42,105674.0,1.0,0.0,5.337999999999999,15-46,80202.0,0.0,960843.0,2347.0,3.63,17641.0,2347.0,-1.0,7427.0,0.0,550545.0,17298.0,1405409883.0,13.0,1.19,4.82,1.41,978486.0,False
300.0,82716a7451af0bb025940cb2be8712d2.param,0.0,0.0,0.0,14.767999999999999,1802391418.0,014ec558674e3c5f0746809910b311b9,73836.0,1.0,0.0,3.0069999999999997,15-46,39724.0,0.0,323781.0,5600.0,1.195,5169.0,5600.0,-1.0,7443.0,0.0,454540.0,4900.0,1802391418.0,24.0,1.5619999999999998,2.7569999999999997,0.42,328952.0,False
300.0,82716a7451af0bb025940cb2be8712d2.param,1.0,0.0,0.0,14.12,1802391418.0,014ec558674e3c5f0746809910b311b9,73836.0,1.0,0.0,2.8810000000000002,15-46,39724.0,0.0,323781.0,5600.0,1.1640000000000001,5169.0,5600.0,-1.0,7443.0,0.0,454540.0,4900.0,1802391418.0,24.0,1.5190000000000001,2.6830000000000003,0.42,328952.0,False
300.0,82716a7451af0bb025940cb2be8712d2.param,2.0,0.0,0.0,13.981,1802391418.0,014ec558674e3c5f0746809910b311b9,73836.0,1.0,0.0,2.906,15-46,39724.0,0.0,323781.0,5600.0,1.173,5169.0,5600.0,-1.0,7443.0,0.0,454540.0,4900.0,1802391418.0,24.0,1.537,2.71,0.42,328952.0,False
300.0,400673ca8ff3edef3535b5791da29758.param,0.0,0.0,0.0,30.34800000000001,1139903203.0,fc86a9cdb24658a5b23e3824a08916b6,617849.0,1.0,0.0,6.684,15-46,572873.0,0.0,723244.0,4671.0,2.697,12427.0,4671.0,-1.0,14094.0,0.0,1655582.0,12111.0,1139903203.0,20.0,3.568,6.265,1.41,735673.0,False
300.0,400673ca8ff3edef3535b5791da29758.param,1.0,0.0,0.0,28.54,1139903203.0,fc86a9cdb24658a5b23e3824a08916b6,617849.0,1.0,0.0,6.689,15-46,572873.0,0.0,723244.0,4671.0,2.696,12427.0,4671.0,-1.0,14094.0,0.0,1655582.0,12111.0,1139903203.0,20.0,3.553,6.249,1.41,735673.0,False
300.0,400673ca8ff3edef3535b5791da29758.param,2.0,0.0,0.0,29.459,1139903203.0,fc86a9cdb24658a5b23e3824a08916b6,617849.0,1.0,0.0,6.75,15-46,572873.0,0.0,723244.0,4671.0,2.747,12427.0,4671.0,-1.0,14094.0,0.0,1655582.0,12111.0,1139903203.0,20.0,3.5869999999999997,6.334,1.41,735673.0,False
300.0,8e69ece5afd42db3ce1e7ed475eaaf08.param,0.0,0.0,0.0,32.773,1979567522.0,3457d3e8c947a35e282a69bf06f8b428,242078.0,1.0,0.0,5.94,15-46,219736.0,0.0,856586.0,4136.0,3.2260000000000004,15094.0,4136.0,-1.0,13480.0,0.0,886448.0,14731.0,1979567522.0,17.0,2.242,5.468,1.41,871682.0,False
300.0,8e69ece5afd42db3ce1e7ed475eaaf08.param,1.0,0.0,0.0,34.477,1979567522.0,3457d3e8c947a35e282a69bf06f8b428,242078.0,1.0,0.0,5.837999999999999,15-46,219736.0,0.0,856586.0,4136.0,3.2,15094.0,4136.0,-1.0,13480.0,0.0,886448.0,14731.0,1979567522.0,17.0,2.1790000000000003,5.379,1.41,871682.0,False
300.0,8e69ece5afd42db3ce1e7ed475eaaf08.param,2.0,0.0,0.0,33.34,1979567522.0,3457d3e8c947a35e282a69bf06f8b428,242078.0,1.0,0.0,6.013,15-46,219736.0,0.0,856586.0,4136.0,3.283,15094.0,4136.0,-1.0,13480.0,0.0,886448.0,14731.0,1979567522.0,17.0,2.263,5.546,1.41,871682.0,False
300.0,7ee038a2d306328bf29f3cc3ddd33ea0.param,0.0,0.0,0.0,66.26899999999999,2050821110.0,794d9aefe9f8f1ae654026fc0cfd2f06,935404.0,1.0,0.0,15.455,15-46,849080.0,0.0,1643933.0,10200.0,6.319,21789.0,10200.0,-1.0,23321.0,0.0,2569129.0,21376.0,2050821110.0,36.0,8.247,14.565999999999999,2.11,1665724.0,False
300.0,7ee038a2d306328bf29f3cc3ddd33ea0.param,1.0,0.0,0.0,65.97800000000001,2050821110.0,794d9aefe9f8f1ae654026fc0cfd2f06,935404.0,1.0,0.0,14.985,15-46,849080.0,0.0,1643933.0,10200.0,6.26,21789.0,10200.0,-1.0,23321.0,0.0,2569129.0,21376.0,2050821110.0,36.0,7.883999999999999,14.144,2.11,1665724.0,False
300.0,7ee038a2d306328bf29f3cc3ddd33ea0.param,2.0,0.0,0.0,68.92,2050821110.0,794d9aefe9f8f1ae654026fc0cfd2f06,935404.0,1.0,0.0,15.229000000000001,15-46,849080.0,0.0,1643933.0,10200.0,6.2860000000000005,21789.0,10200.0,-1.0,23321.0,0.0,2569129.0,21376.0,2050821110.0,36.0,8.045,14.331,2.11,1665724.0,False
300.0,1ec21c7d8e15d35901cd608efade836b.param,0.0,0.0,0.0,8.526,1802391418.0,3996516603e2e3bd765c28186afe26e6,250576.0,1.0,0.0,3.859,15-46,208598.0,0.0,193910.0,6234.0,0.687,2654.0,6234.0,-1.0,8253.0,0.0,1020803.0,2361.0,1802391418.0,28.0,3.008,3.695,0.42,196566.0,False
300.0,1ec21c7d8e15d35901cd608efade836b.param,1.0,0.0,0.0,8.425,1802391418.0,3996516603e2e3bd765c28186afe26e6,250576.0,1.0,0.0,3.825,15-46,208598.0,0.0,193910.0,6234.0,0.721,2654.0,6234.0,-1.0,8253.0,0.0,1020803.0,2361.0,1802391418.0,28.0,2.958,3.679,0.42,196566.0,False
300.0,1ec21c7d8e15d35901cd608efade836b.param,2.0,0.0,0.0,8.761000000000001,1802391418.0,3996516603e2e3bd765c28186afe26e6,250576.0,1.0,0.0,3.903,15-46,208598.0,0.0,193910.0,6234.0,0.71,2654.0,6234.0,-1.0,8253.0,0.0,1020803.0,2361.0,1802391418.0,28.0,3.0580000000000003,3.7680000000000002,0.42,196566.0,False
300.0,589bbf864478462408d49f56b3acebc9.param,0.0,0.0,0.0,50.775,182366586.0,7aca5765231bb88d7f316e13339b10f0,178580.0,1.0,0.0,8.163,15-46,108232.0,0.0,1273442.0,6202.0,4.901,18955.0,6202.0,-1.0,12513.0,0.0,1021490.0,18589.0,182366586.0,28.0,2.583,7.484,0.94,1292399.0,False
300.0,589bbf864478462408d49f56b3acebc9.param,1.0,0.0,0.0,48.433,182366586.0,7aca5765231bb88d7f316e13339b10f0,178580.0,1.0,0.0,8.133,15-46,108232.0,0.0,1273442.0,6202.0,4.81,18955.0,6202.0,-1.0,12513.0,0.0,1021490.0,18589.0,182366586.0,28.0,2.628,7.438,0.94,1292399.0,False
300.0,589bbf864478462408d49f56b3acebc9.param,2.0,0.0,0.0,50.724,182366586.0,7aca5765231bb88d7f316e13339b10f0,178580.0,1.0,0.0,8.081,15-46,108232.0,0.0,1273442.0,6202.0,4.765,18955.0,6202.0,-1.0,12513.0,0.0,1021490.0,18589.0,182366586.0,28.0,2.6210000000000004,7.386,0.94,1292399.0,False
300.0,911e1a0f8b4680f2864fa59b12973cad.param,0.0,0.0,0.0,40.251,1145031130.0,4bd7992135c77ec6d9060c3ba7655d61,162462.0,1.0,0.0,7.941,15-46,98914.0,0.0,1022416.0,4142.0,3.846,18735.0,4142.0,-1.0,13284.0,0.0,942331.0,18259.0,1145031130.0,17.0,3.56,7.4060000000000015,0.94,1041153.0,False
300.0,911e1a0f8b4680f2864fa59b12973cad.param,1.0,0.0,0.0,40.884,1145031130.0,4bd7992135c77ec6d9060c3ba7655d61,162462.0,1.0,0.0,8.049,15-46,98914.0,0.0,1022416.0,4142.0,3.85,18735.0,4142.0,-1.0,13284.0,0.0,942331.0,18259.0,1145031130.0,17.0,3.6010000000000004,7.4510000000000005,0.94,1041153.0,False
300.0,911e1a0f8b4680f2864fa59b12973cad.param,2.0,0.0,0.0,42.6,1145031130.0,4bd7992135c77ec6d9060c3ba7655d61,162462.0,1.0,0.0,7.923999999999999,15-46,98914.0,0.0,1022416.0,4142.0,3.7969999999999997,18735.0,4142.0,-1.0,13284.0,0.0,942331.0,18259.0,1145031130.0,17.0,3.577,7.374,0.94,1041153.0,False
300.0,3631b5ebf342811f42ca903194874739.param,0.0,0.0,0.0,23.416999999999998,254168822.0,293300289884e188925e887be7b1921c,171313.0,1.0,0.0,3.603,15-46,127876.0,0.0,512721.0,4613.0,1.973,7635.0,4613.0,-1.0,9318.0,0.0,900105.0,7336.0,254168822.0,20.0,1.33,3.303,0.94,520358.0,False
300.0,3631b5ebf342811f42ca903194874739.param,1.0,0.0,0.0,21.342,254168822.0,293300289884e188925e887be7b1921c,171313.0,1.0,0.0,3.385,15-46,127876.0,0.0,512721.0,4613.0,1.8659999999999999,7635.0,4613.0,-1.0,9318.0,0.0,900105.0,7336.0,254168822.0,20.0,1.232,3.0980000000000003,0.94,520358.0,False
300.0,3631b5ebf342811f42ca903194874739.param,2.0,0.0,0.0,21.381999999999998,254168822.0,293300289884e188925e887be7b1921c,171313.0,1.0,0.0,3.4810000000000003,15-46,127876.0,0.0,512721.0,4613.0,1.891,7635.0,4613.0,-1.0,9318.0,0.0,900105.0,7336.0,254168822.0,20.0,1.27,3.161,0.94,520358.0,False
300.0,a38985b17ca7f54344b29181a8584654.param,0.0,0.0,0.0,44.25899999999999,221638566.0,8c508950abee75414b576ebdd5e9ee97,116103.0,1.0,0.0,10.610999999999999,15-46,68266.0,0.0,1056566.0,4001.0,3.9589999999999996,20788.0,4001.0,-1.0,13706.0,0.0,642456.0,20331.0,221638566.0,16.0,6.063,10.022,0.94,1077356.0,False
300.0,a38985b17ca7f54344b29181a8584654.param,1.0,0.0,0.0,41.12,221638566.0,8c508950abee75414b576ebdd5e9ee97,116103.0,1.0,0.0,10.57,15-46,68266.0,0.0,1056566.0,4001.0,3.992,20788.0,4001.0,-1.0,13706.0,0.0,642456.0,20331.0,221638566.0,16.0,6.005,9.997,0.94,1077356.0,False
300.0,a38985b17ca7f54344b29181a8584654.param,2.0,0.0,0.0,42.008,221638566.0,8c508950abee75414b576ebdd5e9ee97,116103.0,1.0,0.0,10.419,15-46,68266.0,0.0,1056566.0,4001.0,3.9010000000000002,20788.0,4001.0,-1.0,13706.0,0.0,642456.0,20331.0,221638566.0,16.0,5.962999999999999,9.863999999999999,0.94,1077356.0,False
300.0,05e1a93acf56766caa36729883ed69ed.param,0.0,0.0,0.0,98.75399999999999,1571287961.0,7ca2e3481d139d2f63b1e2aa146f36f0,829068.0,1.0,0.0,48.552,15-46,625886.0,0.0,2587729.0,10378.0,9.901,33926.0,10378.0,-1.0,33886.0,0.0,2926763.0,33382.0,1571287961.0,37.0,37.238,47.138999999999996,3.16,2621657.0,False
300.0,05e1a93acf56766caa36729883ed69ed.param,1.0,0.0,0.0,99.02600000000001,1571287961.0,7ca2e3481d139d2f63b1e2aa146f36f0,829068.0,1.0,0.0,48.43,15-46,625886.0,0.0,2587729.0,10378.0,9.857000000000001,33926.0,10378.0,-1.0,33886.0,0.0,2926763.0,33382.0,1571287961.0,37.0,37.262,47.119,3.16,2621657.0,False
300.0,05e1a93acf56766caa36729883ed69ed.param,2.0,0.0,0.0,102.51799999999999,1571287961.0,7ca2e3481d139d2f63b1e2aa146f36f0,829068.0,1.0,0.0,49.162,15-46,625886.0,0.0,2587729.0,10378.0,9.9,33926.0,10378.0,-1.0,33886.0,0.0,2926763.0,33382.0,1571287961.0,37.0,37.474000000000004,47.373999999999995,3.16,2621657.0,False
300.0,1a9658e08918a7701123bae3cad3fdfa.param,0.0,0.0,0.0,24.713,2136253402.0,f1fd23b1cba7425f7a2cac08eee961f7,558506.0,1.0,0.0,5.87,15-46,510348.0,0.0,563477.0,6240.0,2.094,7399.0,6240.0,-1.0,10806.0,0.0,1985706.0,7060.0,2136253402.0,28.0,3.4589999999999996,5.553,0.94,570878.0,False
300.0,1a9658e08918a7701123bae3cad3fdfa.param,1.0,0.0,0.0,24.546,2136253402.0,f1fd23b1cba7425f7a2cac08eee961f7,558506.0,1.0,0.0,6.4570000000000025,15-46,510348.0,0.0,563477.0,6240.0,2.085,7399.0,6240.0,-1.0,10806.0,0.0,1985706.0,7060.0,2136253402.0,28.0,3.975,6.06,0.94,570878.0,False
300.0,1a9658e08918a7701123bae3cad3fdfa.param,2.0,0.0,0.0,22.986,2136253402.0,f1fd23b1cba7425f7a2cac08eee961f7,558506.0,1.0,0.0,5.968999999999999,15-46,510348.0,0.0,563477.0,6240.0,2.155,7399.0,6240.0,-1.0,10806.0,0.0,1985706.0,7060.0,2136253402.0,28.0,3.4930000000000003,5.648,0.94,570878.0,False
300.0,8ee114f3baa9833ce2ff8acd1c2f17dc.param,0.0,0.0,0.0,40.08,1242281828.0,826f17ddea535383c6ef01f005c27ca7,224884.0,1.0,0.0,6.9579999999999975,15-46,189566.0,0.0,931765.0,4176.0,3.449,15227.0,4176.0,-1.0,9954.0,0.0,889500.0,14892.0,1242281828.0,17.0,2.9819999999999998,6.431,0.63,946994.0,False
300.0,8ee114f3baa9833ce2ff8acd1c2f17dc.param,1.0,0.0,0.0,36.437,1242281828.0,826f17ddea535383c6ef01f005c27ca7,224884.0,1.0,0.0,6.987,15-46,189566.0,0.0,931765.0,4176.0,3.4760000000000004,15227.0,4176.0,-1.0,9954.0,0.0,889500.0,14892.0,1242281828.0,17.0,2.988,6.4639999999999995,0.63,946994.0,False
300.0,8ee114f3baa9833ce2ff8acd1c2f17dc.param,2.0,0.0,0.0,36.155,1242281828.0,826f17ddea535383c6ef01f005c27ca7,224884.0,1.0,0.0,7.077000000000001,15-46,189566.0,0.0,931765.0,4176.0,3.571,15227.0,4176.0,-1.0,9954.0,0.0,889500.0,14892.0,1242281828.0,17.0,2.989,6.56,0.63,946994.0,False
300.0,b366bbc99f4b12f6958260432db8f433.param,0.0,0.0,0.0,44.744,600810857.0,98ecf89802c00e3ef002674230e75b57,206495.0,1.0,0.0,7.3770000000000024,15-46,175673.0,0.0,1199819.0,4152.0,4.527,19356.0,4152.0,-1.0,12718.0,0.0,964606.0,18967.0,600810857.0,17.0,2.18,6.7070000000000025,1.41,1219177.0,False
300.0,b366bbc99f4b12f6958260432db8f433.param,1.0,0.0,0.0,46.412,600810857.0,98ecf89802c00e3ef002674230e75b57,206495.0,1.0,0.0,7.346,15-46,175673.0,0.0,1199819.0,4152.0,4.476,19356.0,4152.0,-1.0,12718.0,0.0,964606.0,18967.0,600810857.0,17.0,2.2319999999999998,6.7079999999999975,1.41,1219177.0,False
300.0,b366bbc99f4b12f6958260432db8f433.param,2.0,0.0,0.0,49.025,600810857.0,98ecf89802c00e3ef002674230e75b57,206495.0,1.0,0.0,7.423999999999999,15-46,175673.0,0.0,1199819.0,4152.0,4.534,19356.0,4152.0,-1.0,12718.0,0.0,964606.0,18967.0,600810857.0,17.0,2.207,6.7410000000000005,1.41,1219177.0,False
300.0,a6fb6cef21abb3da58a08c431abe1820.param,0.0,0.0,0.0,41.978,83966730.0,0fff558f99320881b122b4f2d6d0b283,280302.0,1.0,0.0,10.4,15-46,203717.0,0.0,1057469.0,4798.0,3.929,17500.0,4798.0,-1.0,17005.0,0.0,1065497.0,17161.0,83966730.0,21.0,5.9079999999999995,9.837,1.41,1074971.0,False
300.0,a6fb6cef21abb3da58a08c431abe1820.param,1.0,0.0,0.0,40.109,83966730.0,0fff558f99320881b122b4f2d6d0b283,280302.0,1.0,0.0,10.564,15-46,203717.0,0.0,1057469.0,4798.0,3.9530000000000003,17500.0,4798.0,-1.0,17005.0,0.0,1065497.0,17161.0,83966730.0,21.0,6.0310000000000015,9.984,1.41,1074971.0,False
300.0,a6fb6cef21abb3da58a08c431abe1820.param,2.0,0.0,0.0,42.371,83966730.0,0fff558f99320881b122b4f2d6d0b283,280302.0,1.0,0.0,10.546,15-46,203717.0,0.0,1057469.0,4798.0,3.983,17500.0,4798.0,-1.0,17005.0,0.0,1065497.0,17161.0,83966730.0,21.0,5.989,9.972000000000001,1.41,1074971.0,False
300.0,3d9e7b6df6df75811f47376afe3f163c.param,0.0,0.0,0.0,17.962,1918631718.0,11ed189c874a1fa2a4a02652f2f930bc,511820.0,1.0,0.0,5.364,15-46,476983.0,0.0,417152.0,6323.0,1.536,6072.0,6323.0,-1.0,10074.0,0.0,1636909.0,5701.0,1918631718.0,29.0,3.5789999999999997,5.115,0.94,423226.0,False
300.0,3d9e7b6df6df75811f47376afe3f163c.param,1.0,0.0,0.0,18.561,1918631718.0,11ed189c874a1fa2a4a02652f2f930bc,511820.0,1.0,0.0,5.355,15-46,476983.0,0.0,417152.0,6323.0,1.558,6072.0,6323.0,-1.0,10074.0,0.0,1636909.0,5701.0,1918631718.0,29.0,3.554,5.112,0.94,423226.0,False
300.0,3d9e7b6df6df75811f47376afe3f163c.param,2.0,0.0,0.0,18.884,1918631718.0,11ed189c874a1fa2a4a02652f2f930bc,511820.0,1.0,0.0,5.345,15-46,476983.0,0.0,417152.0,6323.0,1.56,6072.0,6323.0,-1.0,10074.0,0.0,1636909.0,5701.0,1918631718.0,29.0,3.5469999999999997,5.107,0.94,423226.0,False
300.0,982f07b05aa788dcb221cf0f46a98a28.param,0.0,0.0,0.0,18.131,1242281828.0,045127e2219309682adba6273ae5d9f7,183506.0,1.0,0.0,3.332,15-46,149710.0,0.0,415092.0,6243.0,1.494,6176.0,6243.0,-1.0,7920.0,0.0,832006.0,5799.0,1242281828.0,28.0,1.599,3.093,0.94,421270.0,False
300.0,982f07b05aa788dcb221cf0f46a98a28.param,1.0,0.0,0.0,18.209,1242281828.0,045127e2219309682adba6273ae5d9f7,183506.0,1.0,0.0,3.298,15-46,149710.0,0.0,415092.0,6243.0,1.4909999999999999,6176.0,6243.0,-1.0,7920.0,0.0,832006.0,5799.0,1242281828.0,28.0,1.564,3.055,0.94,421270.0,False
300.0,982f07b05aa788dcb221cf0f46a98a28.param,2.0,0.0,0.0,17.744,1242281828.0,045127e2219309682adba6273ae5d9f7,183506.0,1.0,0.0,3.339,15-46,149710.0,0.0,415092.0,6243.0,1.52,6176.0,6243.0,-1.0,7920.0,0.0,832006.0,5799.0,1242281828.0,28.0,1.578,3.0980000000000003,0.94,421270.0,False
300.0,b55bae1f323148019db34cc9c08d6b4b.param,0.0,0.0,0.0,25.715,693280077.0,66268060f591d8898b1296b6c47c3e64,440795.0,1.0,0.0,6.126,15-46,394092.0,0.0,611273.0,4083.0,2.25,11209.0,4083.0,-1.0,12892.0,0.0,1329370.0,10816.0,693280077.0,16.0,3.523,5.773,0.94,622484.0,False
300.0,b55bae1f323148019db34cc9c08d6b4b.param,1.0,0.0,0.0,25.767,693280077.0,66268060f591d8898b1296b6c47c3e64,440795.0,1.0,0.0,6.407,15-46,394092.0,0.0,611273.0,4083.0,2.246,11209.0,4083.0,-1.0,12892.0,0.0,1329370.0,10816.0,693280077.0,16.0,3.802,6.047999999999999,0.94,622484.0,False
300.0,b55bae1f323148019db34cc9c08d6b4b.param,2.0,0.0,0.0,25.741,693280077.0,66268060f591d8898b1296b6c47c3e64,440795.0,1.0,0.0,6.25,15-46,394092.0,0.0,611273.0,4083.0,2.241,11209.0,4083.0,-1.0,12892.0,0.0,1329370.0,10816.0,693280077.0,16.0,3.6660000000000004,5.907,0.94,622484.0,False
300.0,a6ff37b0cef2bdd5134de774a2ccfcdd.param,0.0,0.0,0.0,6.992999999999999,1571287961.0,f0692cf1085afc410ece4584a39a37c4,42937.0,1.0,0.0,1.605,15-46,22830.0,0.0,151699.0,5639.0,0.585,2056.0,5639.0,-1.0,4380.0,0.0,516015.0,1743.0,1571287961.0,24.0,0.915,1.5,0.28,153757.0,False
300.0,a6ff37b0cef2bdd5134de774a2ccfcdd.param,1.0,0.0,0.0,7.276,1571287961.0,f0692cf1085afc410ece4584a39a37c4,42937.0,1.0,0.0,1.517,15-46,22830.0,0.0,151699.0,5639.0,0.535,2056.0,5639.0,-1.0,4380.0,0.0,516015.0,1743.0,1571287961.0,24.0,0.868,1.403,0.28,153757.0,False
300.0,a6ff37b0cef2bdd5134de774a2ccfcdd.param,2.0,0.0,0.0,7.247000000000001,1571287961.0,f0692cf1085afc410ece4584a39a37c4,42937.0,1.0,0.0,1.507,15-46,22830.0,0.0,151699.0,5639.0,0.539,2056.0,5639.0,-1.0,4380.0,0.0,516015.0,1743.0,1571287961.0,24.0,0.861,1.4,0.28,153757.0,False
300.0,5aa281057d97f045673ea5f22f4a03c2.param,0.0,0.0,0.0,13.022,2050821110.0,86d5ccf5faf0c53d5d8dce6c977f069f,42971.0,1.0,0.0,2.09,15-46,22665.0,0.0,280031.0,4793.0,1.01,3951.0,4793.0,-1.0,3098.0,0.0,689748.0,3640.0,2050821110.0,21.0,0.904,1.9140000000000001,0.28,283984.0,False
300.0,5aa281057d97f045673ea5f22f4a03c2.param,1.0,0.0,0.0,11.599,2050821110.0,86d5ccf5faf0c53d5d8dce6c977f069f,42971.0,1.0,0.0,2.092,15-46,22665.0,0.0,280031.0,4793.0,1.021,3951.0,4793.0,-1.0,3098.0,0.0,689748.0,3640.0,2050821110.0,21.0,0.9009999999999999,1.922,0.28,283984.0,False
300.0,5aa281057d97f045673ea5f22f4a03c2.param,2.0,0.0,0.0,11.907,2050821110.0,86d5ccf5faf0c53d5d8dce6c977f069f,42971.0,1.0,0.0,2.1590000000000003,15-46,22665.0,0.0,280031.0,4793.0,1.1059999999999999,3951.0,4793.0,-1.0,3098.0,0.0,689748.0,3640.0,2050821110.0,21.0,0.884,1.99,0.28,283984.0,False
300.0,947c519055ac35bb731937204fc0d266.param,0.0,0.0,0.0,55.135,1979567522.0,a59507540195e38279c56db416694ef0,316525.0,1.0,0.0,12.033,15-46,210954.0,0.0,1392239.0,11247.0,5.216,17746.0,11247.0,-1.0,18574.0,0.0,1792052.0,17332.0,1979567522.0,40.0,6.091,11.307,0.94,1409987.0,False
300.0,947c519055ac35bb731937204fc0d266.param,1.0,0.0,0.0,54.403,1979567522.0,a59507540195e38279c56db416694ef0,316525.0,1.0,0.0,12.144,15-46,210954.0,0.0,1392239.0,11247.0,5.272,17746.0,11247.0,-1.0,18574.0,0.0,1792052.0,17332.0,1979567522.0,40.0,6.1370000000000005,11.409,0.94,1409987.0,False
300.0,947c519055ac35bb731937204fc0d266.param,2.0,0.0,0.0,55.299,1979567522.0,a59507540195e38279c56db416694ef0,316525.0,1.0,0.0,12.102,15-46,210954.0,0.0,1392239.0,11247.0,5.2620000000000005,17746.0,11247.0,-1.0,18574.0,0.0,1792052.0,17332.0,1979567522.0,40.0,6.106,11.368,0.94,1409987.0,False
300.0,23179b628ad596b0808644865ee42008.param,0.0,0.0,0.0,19.399,1083416308.0,85693b4a78abfa1eda28cc65cdd6240e,194921.0,1.0,0.0,4.367,15-46,140997.0,0.0,448797.0,4749.0,1.65,7338.0,4749.0,-1.0,8517.0,0.0,843577.0,7058.0,1083416308.0,21.0,2.448,4.098,0.63,456137.0,False
300.0,23179b628ad596b0808644865ee42008.param,1.0,0.0,0.0,19.222,1083416308.0,85693b4a78abfa1eda28cc65cdd6240e,194921.0,1.0,0.0,4.37,15-46,140997.0,0.0,448797.0,4749.0,1.6380000000000001,7338.0,4749.0,-1.0,8517.0,0.0,843577.0,7058.0,1083416308.0,21.0,2.459,4.0969999999999995,0.63,456137.0,False
300.0,23179b628ad596b0808644865ee42008.param,2.0,0.0,0.0,19.857,1083416308.0,85693b4a78abfa1eda28cc65cdd6240e,194921.0,1.0,0.0,4.297,15-46,140997.0,0.0,448797.0,4749.0,1.6369999999999998,7338.0,4749.0,-1.0,8517.0,0.0,843577.0,7058.0,1083416308.0,21.0,2.385,4.022,0.63,456137.0,False
300.0,2b9f5024001a051a59314cacbe0b17e8.param,0.0,0.0,0.0,57.81800000000001,1235388569.0,efa6efe01ce633dccd430a5f1f2cbe75,28687.0,1.0,0.0,6.6270000000000024,15-46,12692.0,0.0,1369593.0,2373.0,5.095,21572.0,2373.0,-1.0,5292.0,0.0,543062.0,21166.0,1235388569.0,13.0,0.841,5.936,0.94,1391167.0,False
300.0,2b9f5024001a051a59314cacbe0b17e8.param,1.0,0.0,0.0,52.578,1235388569.0,efa6efe01ce633dccd430a5f1f2cbe75,28687.0,1.0,0.0,6.734,15-46,12692.0,0.0,1369593.0,2373.0,5.148,21572.0,2373.0,-1.0,5292.0,0.0,543062.0,21166.0,1235388569.0,13.0,0.858,6.006,0.94,1391167.0,False
300.0,2b9f5024001a051a59314cacbe0b17e8.param,2.0,0.0,0.0,53.145,1235388569.0,efa6efe01ce633dccd430a5f1f2cbe75,28687.0,1.0,0.0,6.8229999999999995,15-46,12692.0,0.0,1369593.0,2373.0,5.228,21572.0,2373.0,-1.0,5292.0,0.0,543062.0,21166.0,1235388569.0,13.0,0.888,6.1160000000000005,0.94,1391167.0,False
300.0,099cc4db78f534b541e03b3d21476677.param,0.0,0.0,0.0,10.469000000000001,693280077.0,9687d87f509d1d1582cbcb0d3c7e5bf0,159607.0,1.0,0.0,2.471,15-46,128802.0,0.0,247757.0,6202.0,0.887,3609.0,6202.0,-1.0,5087.0,0.0,809892.0,3260.0,693280077.0,28.0,1.433,2.32,0.42,251368.0,False
300.0,099cc4db78f534b541e03b3d21476677.param,1.0,0.0,0.0,10.681,693280077.0,9687d87f509d1d1582cbcb0d3c7e5bf0,159607.0,1.0,0.0,2.481,15-46,128802.0,0.0,247757.0,6202.0,0.895,3609.0,6202.0,-1.0,5087.0,0.0,809892.0,3260.0,693280077.0,28.0,1.429,2.324,0.42,251368.0,False
300.0,099cc4db78f534b541e03b3d21476677.param,2.0,0.0,0.0,11.07,693280077.0,9687d87f509d1d1582cbcb0d3c7e5bf0,159607.0,1.0,0.0,2.603,15-46,128802.0,0.0,247757.0,6202.0,0.95,3609.0,6202.0,-1.0,5087.0,0.0,809892.0,3260.0,693280077.0,28.0,1.496,2.4459999999999997,0.42,251368.0,False
300.0,85c2d2f2fd6238e8bf0bbcfd97821631.param,0.0,0.0,0.0,48.053999999999995,1979567522.0,3e62f974e83df79094f60e9200d37e62,485301.0,1.0,0.0,9.019,15-46,429242.0,0.0,1244801.0,5741.0,4.724,16651.0,5741.0,-1.0,15391.0,0.0,1729860.0,16180.0,1979567522.0,25.0,3.611,8.335,2.11,1261454.0,False
300.0,85c2d2f2fd6238e8bf0bbcfd97821631.param,1.0,0.0,0.0,53.864,1979567522.0,3e62f974e83df79094f60e9200d37e62,485301.0,1.0,0.0,8.982000000000003,15-46,429242.0,0.0,1244801.0,5741.0,4.663,16651.0,5741.0,-1.0,15391.0,0.0,1729860.0,16180.0,1979567522.0,25.0,3.636,8.299,2.11,1261454.0,False
300.0,85c2d2f2fd6238e8bf0bbcfd97821631.param,2.0,0.0,0.0,52.115,1979567522.0,3e62f974e83df79094f60e9200d37e62,485301.0,1.0,0.0,8.899,15-46,429242.0,0.0,1244801.0,5741.0,4.6560000000000015,16651.0,5741.0,-1.0,15391.0,0.0,1729860.0,16180.0,1979567522.0,25.0,3.557,8.213,2.11,1261454.0,False
300.0,f6a9922fc219371dd62d3d64f513f435.param,0.0,0.0,0.0,33.547,1923385776.0,27410cdcf50a39ff47a91dbdbd40d53d,151065.0,1.0,0.0,6.027,15-46,91035.0,0.0,789389.0,9604.0,3.0439999999999996,11131.0,9604.0,-1.0,13592.0,0.0,1131128.0,10798.0,1923385776.0,32.0,2.5669999999999997,5.6110000000000015,0.63,800522.0,False
300.0,f6a9922fc219371dd62d3d64f513f435.param,1.0,0.0,0.0,30.737,1923385776.0,27410cdcf50a39ff47a91dbdbd40d53d,151065.0,1.0,0.0,5.881,15-46,91035.0,0.0,789389.0,9604.0,2.92,11131.0,9604.0,-1.0,13592.0,0.0,1131128.0,10798.0,1923385776.0,32.0,2.556,5.476,0.63,800522.0,False
300.0,f6a9922fc219371dd62d3d64f513f435.param,2.0,0.0,0.0,34.208,1923385776.0,27410cdcf50a39ff47a91dbdbd40d53d,151065.0,1.0,0.0,5.9510000000000005,15-46,91035.0,0.0,789389.0,9604.0,2.938,11131.0,9604.0,-1.0,13592.0,0.0,1131128.0,10798.0,1923385776.0,32.0,2.597,5.535,0.63,800522.0,False
300.0,3cadb3807e2a210325a234888d281fbd.param,0.0,0.0,0.0,8.163,1242281828.0,d3ed32fe38b301fa26e428710819e9ff,132054.0,1.0,0.0,1.652,15-46,105294.0,0.0,176177.0,4172.0,0.623,3071.0,4172.0,-1.0,5453.0,0.0,503438.0,2826.0,1242281828.0,17.0,0.8959999999999999,1.5190000000000001,0.28,179250.0,False
300.0,3cadb3807e2a210325a234888d281fbd.param,1.0,0.0,0.0,7.994,1242281828.0,d3ed32fe38b301fa26e428710819e9ff,132054.0,1.0,0.0,1.6130000000000002,15-46,105294.0,0.0,176177.0,4172.0,0.626,3071.0,4172.0,-1.0,5453.0,0.0,503438.0,2826.0,1242281828.0,17.0,0.86,1.486,0.28,179250.0,False
300.0,3cadb3807e2a210325a234888d281fbd.param,2.0,0.0,0.0,7.9220000000000015,1242281828.0,d3ed32fe38b301fa26e428710819e9ff,132054.0,1.0,0.0,1.6480000000000001,15-46,105294.0,0.0,176177.0,4172.0,0.621,3071.0,4172.0,-1.0,5453.0,0.0,503438.0,2826.0,1242281828.0,17.0,0.892,1.5130000000000001,0.28,179250.0,False
300.0,38650beb2ce576c812a3ef6ac5621787.param,0.0,0.0,0.0,9.517000000000001,83966730.0,a042e91321934a16081d1a80be02c329,300253.0,1.0,0.0,3.716,15-46,250286.0,0.0,212595.0,6318.0,0.773,3033.0,6318.0,-1.0,9080.0,0.0,1244712.0,2738.0,83966730.0,29.0,2.764,3.537,0.63,215630.0,False
300.0,38650beb2ce576c812a3ef6ac5621787.param,1.0,0.0,0.0,9.169,83966730.0,a042e91321934a16081d1a80be02c329,300253.0,1.0,0.0,3.654,15-46,250286.0,0.0,212595.0,6318.0,0.8909999999999999,3033.0,6318.0,-1.0,9080.0,0.0,1244712.0,2738.0,83966730.0,29.0,2.613,3.5039999999999996,0.63,215630.0,False
300.0,38650beb2ce576c812a3ef6ac5621787.param,2.0,0.0,0.0,10.26,83966730.0,a042e91321934a16081d1a80be02c329,300253.0,1.0,0.0,3.407,15-46,250286.0,0.0,212595.0,6318.0,0.7559999999999999,3033.0,6318.0,-1.0,9080.0,0.0,1244712.0,2738.0,83966730.0,29.0,2.491,3.247,0.63,215630.0,False
300.0,7c8d5058b5b148685018d3330ac42f68.param,0.0,0.0,0.0,47.541000000000004,1258716603.0,c5a18b4ace907b1571f231dfbda1ae2e,910026.0,1.0,0.0,14.495,15-46,839214.0,0.0,1235333.0,9727.0,4.638,17056.0,9727.0,-1.0,17105.0,0.0,2267555.0,16687.0,1258716603.0,33.0,8.957,13.595,1.41,1252391.0,False
300.0,7c8d5058b5b148685018d3330ac42f68.param,1.0,0.0,0.0,46.553999999999995,1258716603.0,c5a18b4ace907b1571f231dfbda1ae2e,910026.0,1.0,0.0,13.546,15-46,839214.0,0.0,1235333.0,9727.0,4.801,17056.0,9727.0,-1.0,17105.0,0.0,2267555.0,16687.0,1258716603.0,33.0,8.019,12.82,1.41,1252391.0,False
300.0,7c8d5058b5b148685018d3330ac42f68.param,2.0,0.0,0.0,46.56100000000001,1258716603.0,c5a18b4ace907b1571f231dfbda1ae2e,910026.0,1.0,0.0,13.975999999999999,15-46,839214.0,0.0,1235333.0,9727.0,4.6160000000000005,17056.0,9727.0,-1.0,17105.0,0.0,2267555.0,16687.0,1258716603.0,33.0,8.475,13.091,1.41,1252391.0,False
300.0,5acf53328f53703eb5ee3288a3efea11.param,0.0,0.0,0.0,27.415,590654055.0,82b7518c31201d985e064b870d452fc0,975637.0,1.0,0.0,17.026,15-46,877364.0,0.0,691301.0,10378.0,2.5639999999999996,8983.0,10378.0,-1.0,9769.0,0.0,2176126.0,8578.0,590654055.0,37.0,14.071,16.635,0.63,700286.0,False
300.0,5acf53328f53703eb5ee3288a3efea11.param,1.0,0.0,0.0,30.627,590654055.0,82b7518c31201d985e064b870d452fc0,975637.0,1.0,0.0,17.383,15-46,877364.0,0.0,691301.0,10378.0,2.5340000000000003,8983.0,10378.0,-1.0,9769.0,0.0,2176126.0,8578.0,590654055.0,37.0,14.463,16.997,0.63,700286.0,False
300.0,5acf53328f53703eb5ee3288a3efea11.param,2.0,0.0,0.0,28.158,590654055.0,82b7518c31201d985e064b870d452fc0,975637.0,1.0,0.0,17.42,15-46,877364.0,0.0,691301.0,10378.0,2.539,8983.0,10378.0,-1.0,9769.0,0.0,2176126.0,8578.0,590654055.0,37.0,14.475,17.014,0.63,700286.0,False
300.0,62e0a8d6f7569c04cf8f5f709636e77e.param,0.0,0.0,0.0,26.863000000000003,1057470620.0,720ac1db9018c78cfa01fdf0f6bd3b0c,179275.0,1.0,0.0,6.0,15-46,129258.0,0.0,671081.0,6386.0,2.47,8892.0,6386.0,-1.0,12313.0,0.0,1315294.0,8471.0,1057470620.0,29.0,3.0410000000000004,5.511,0.94,679975.0,False
300.0,62e0a8d6f7569c04cf8f5f709636e77e.param,1.0,0.0,0.0,27.265,1057470620.0,720ac1db9018c78cfa01fdf0f6bd3b0c,179275.0,1.0,0.0,5.768,15-46,129258.0,0.0,671081.0,6386.0,2.506,8892.0,6386.0,-1.0,12313.0,0.0,1315294.0,8471.0,1057470620.0,29.0,2.885,5.391,0.94,679975.0,False
300.0,62e0a8d6f7569c04cf8f5f709636e77e.param,2.0,0.0,0.0,28.346999999999998,1057470620.0,720ac1db9018c78cfa01fdf0f6bd3b0c,179275.0,1.0,0.0,5.8839999999999995,15-46,129258.0,0.0,671081.0,6386.0,2.4819999999999998,8892.0,6386.0,-1.0,12313.0,0.0,1315294.0,8471.0,1057470620.0,29.0,3.0060000000000002,5.4879999999999995,0.94,679975.0,False
300.0,5270155d690360dab58e1b470ef17ea7.param,0.0,0.0,0.0,36.404,270657042.0,09698d7be6b019489c78ba4d805e29c5,1104252.0,1.0,0.0,11.536,15-46,1050502.0,0.0,928243.0,4602.0,3.4939999999999998,15161.0,4602.0,-1.0,19926.0,0.0,2696748.0,14802.0,270657042.0,20.0,7.346,10.84,2.11,943406.0,False
300.0,5270155d690360dab58e1b470ef17ea7.param,1.0,0.0,0.0,37.796,270657042.0,09698d7be6b019489c78ba4d805e29c5,1104252.0,1.0,0.0,9.798,15-46,1050502.0,0.0,928243.0,4602.0,3.5210000000000004,15161.0,4602.0,-1.0,19926.0,0.0,2696748.0,14802.0,270657042.0,20.0,5.7479999999999976,9.269,2.11,943406.0,False
300.0,5270155d690360dab58e1b470ef17ea7.param,2.0,0.0,0.0,36.491,270657042.0,09698d7be6b019489c78ba4d805e29c5,1104252.0,1.0,0.0,9.934,15-46,1050502.0,0.0,928243.0,4602.0,3.5010000000000003,15161.0,4602.0,-1.0,19926.0,0.0,2696748.0,14802.0,270657042.0,20.0,5.914,9.415,2.11,943406.0,False
300.0,638c867046eca01fa57da212f4a82591.param,0.0,0.0,0.0,25.237,83966730.0,63c6f1e239b1998753ae196171283b1e,104905.0,1.0,0.0,3.4610000000000003,15-46,80659.0,0.0,634782.0,2311.0,2.336,11826.0,2311.0,-1.0,8303.0,0.0,502304.0,11539.0,83966730.0,13.0,0.769,3.105,0.63,646610.0,False
300.0,638c867046eca01fa57da212f4a82591.param,1.0,0.0,0.0,26.935,83966730.0,63c6f1e239b1998753ae196171283b1e,104905.0,1.0,0.0,3.5239999999999996,15-46,80659.0,0.0,634782.0,2311.0,2.331,11826.0,2311.0,-1.0,8303.0,0.0,502304.0,11539.0,83966730.0,13.0,0.828,3.159,0.63,646610.0,False
300.0,638c867046eca01fa57da212f4a82591.param,2.0,0.0,0.0,25.491999999999997,83966730.0,63c6f1e239b1998753ae196171283b1e,104905.0,1.0,0.0,3.478,15-46,80659.0,0.0,634782.0,2311.0,2.318,11826.0,2311.0,-1.0,8303.0,0.0,502304.0,11539.0,83966730.0,13.0,0.789,3.1069999999999998,0.63,646610.0,False
300.0,d8e0991db153700fc6f942a70d96d0d8.param,0.0,0.0,0.0,10.525,270657042.0,c6e191a557ebb0b34d3d9744c18b838c,511307.0,1.0,0.0,3.562,15-46,465951.0,0.0,233011.0,5628.0,0.843,3551.0,5628.0,-1.0,10307.0,0.0,1058559.0,3270.0,270657042.0,24.0,2.522,3.365,0.63,236564.0,False
300.0,d8e0991db153700fc6f942a70d96d0d8.param,1.0,0.0,0.0,10.838,270657042.0,c6e191a557ebb0b34d3d9744c18b838c,511307.0,1.0,0.0,3.4419999999999997,15-46,465951.0,0.0,233011.0,5628.0,0.836,3551.0,5628.0,-1.0,10307.0,0.0,1058559.0,3270.0,270657042.0,24.0,2.417,3.253,0.63,236564.0,False
300.0,d8e0991db153700fc6f942a70d96d0d8.param,2.0,0.0,0.0,10.914000000000001,270657042.0,c6e191a557ebb0b34d3d9744c18b838c,511307.0,1.0,0.0,3.248,15-46,465951.0,0.0,233011.0,5628.0,0.845,3551.0,5628.0,-1.0,10307.0,0.0,1058559.0,3270.0,270657042.0,24.0,2.252,3.097,0.63,236564.0,False
300.0,45f3b2d841eff242a2cd183a0c58dc4d.param,0.0,0.0,0.0,12.899000000000001,1257636424.0,6b4cb1563be07907e76d1eeb1493e7bc,482606.0,1.0,0.0,3.872,15-46,433335.0,0.0,300462.0,5798.0,1.084,4281.0,5798.0,-1.0,18419.0,0.0,1334477.0,3869.0,1257636424.0,25.0,2.589,3.673,0.94,304745.0,False
300.0,45f3b2d841eff242a2cd183a0c58dc4d.param,1.0,0.0,0.0,13.732000000000001,1257636424.0,6b4cb1563be07907e76d1eeb1493e7bc,482606.0,1.0,0.0,3.781,15-46,433335.0,0.0,300462.0,5798.0,1.08,4281.0,5798.0,-1.0,18419.0,0.0,1334477.0,3869.0,1257636424.0,25.0,2.51,3.59,0.94,304745.0,False
300.0,45f3b2d841eff242a2cd183a0c58dc4d.param,2.0,0.0,0.0,13.515,1257636424.0,6b4cb1563be07907e76d1eeb1493e7bc,482606.0,1.0,0.0,3.883,15-46,433335.0,0.0,300462.0,5798.0,1.092,4281.0,5798.0,-1.0,18419.0,0.0,1334477.0,3869.0,1257636424.0,25.0,2.5989999999999998,3.6910000000000003,0.94,304745.0,False
300.0,62b5368b71f5a58af6d0df94093218da.param,0.0,0.0,0.0,49.09,590654055.0,feeb4221bb89f2c97402f9fb7f8b8c5c,233239.0,1.0,0.0,7.48,15-46,196240.0,0.0,1202352.0,4685.0,4.515,17881.0,4685.0,-1.0,12516.0,0.0,959195.0,17471.0,590654055.0,20.0,2.307,6.822,1.41,1220235.0,False
300.0,62b5368b71f5a58af6d0df94093218da.param,1.0,0.0,0.0,50.489,590654055.0,feeb4221bb89f2c97402f9fb7f8b8c5c,233239.0,1.0,0.0,7.435,15-46,196240.0,0.0,1202352.0,4685.0,4.496,17881.0,4685.0,-1.0,12516.0,0.0,959195.0,17471.0,590654055.0,20.0,2.273,6.769,1.41,1220235.0,False
300.0,62b5368b71f5a58af6d0df94093218da.param,2.0,0.0,0.0,47.38,590654055.0,feeb4221bb89f2c97402f9fb7f8b8c5c,233239.0,1.0,0.0,7.4270000000000005,15-46,196240.0,0.0,1202352.0,4685.0,4.503,17881.0,4685.0,-1.0,12516.0,0.0,959195.0,17471.0,590654055.0,20.0,2.272,6.775,1.41,1220235.0,False
300.0,da23055718a39734c4c353a6c30d342b.param,0.0,0.0,0.0,44.973,1405409883.0,91712871860625802376d5470f962f50,62763.0,1.0,0.0,6.568,15-46,31306.0,0.0,1214846.0,4154.0,4.575,20350.0,4154.0,-1.0,8172.0,0.0,611005.0,19987.0,1405409883.0,17.0,1.307,5.8820000000000014,0.94,1235198.0,False
300.0,da23055718a39734c4c353a6c30d342b.param,1.0,0.0,0.0,45.382,1405409883.0,91712871860625802376d5470f962f50,62763.0,1.0,0.0,6.396,15-46,31306.0,0.0,1214846.0,4154.0,4.567,20350.0,4154.0,-1.0,8172.0,0.0,611005.0,19987.0,1405409883.0,17.0,1.173,5.74,0.94,1235198.0,False
300.0,da23055718a39734c4c353a6c30d342b.param,2.0,0.0,0.0,45.589,1405409883.0,91712871860625802376d5470f962f50,62763.0,1.0,0.0,6.375,15-46,31306.0,0.0,1214846.0,4154.0,4.538,20350.0,4154.0,-1.0,8172.0,0.0,611005.0,19987.0,1405409883.0,17.0,1.175,5.712999999999999,0.94,1235198.0,False
300.0,902f37d04b6af4dd50620fbce6af0b97.param,0.0,0.0,0.0,52.199,1258716603.0,14b35a6593712582e707c84424d74658,175243.0,1.0,0.0,7.235,15-46,142901.0,0.0,1240469.0,5709.0,4.652,19552.0,5709.0,-1.0,17611.0,0.0,935904.0,19186.0,1258716603.0,25.0,1.9080000000000001,6.56,1.41,1260023.0,False
300.0,902f37d04b6af4dd50620fbce6af0b97.param,1.0,0.0,0.0,51.071999999999996,1258716603.0,14b35a6593712582e707c84424d74658,175243.0,1.0,0.0,7.218,15-46,142901.0,0.0,1240469.0,5709.0,4.631,19552.0,5709.0,-1.0,17611.0,0.0,935904.0,19186.0,1258716603.0,25.0,1.916,6.5470000000000015,1.41,1260023.0,False
300.0,902f37d04b6af4dd50620fbce6af0b97.param,2.0,0.0,0.0,48.102,1258716603.0,14b35a6593712582e707c84424d74658,175243.0,1.0,0.0,7.199,15-46,142901.0,0.0,1240469.0,5709.0,4.667,19552.0,5709.0,-1.0,17611.0,0.0,935904.0,19186.0,1258716603.0,25.0,1.891,6.558,1.41,1260023.0,False
300.0,7b5860221ac4bf880739e34b36b6d1fb.param,0.0,0.0,0.0,44.27,95956545.0,4e973a8b70e85d51711f6be0e863b591,113625.0,1.0,0.0,17.795,15-46,45130.0,0.0,1149927.0,9608.0,4.364,14946.0,9608.0,-1.0,13534.0,0.0,1053925.0,14561.0,95956545.0,32.0,12.825,17.189,0.63,1164875.0,False
300.0,7b5860221ac4bf880739e34b36b6d1fb.param,1.0,0.0,0.0,44.12300000000001,95956545.0,4e973a8b70e85d51711f6be0e863b591,113625.0,1.0,0.0,17.663,15-46,45130.0,0.0,1149927.0,9608.0,4.2989999999999995,14946.0,9608.0,-1.0,13534.0,0.0,1053925.0,14561.0,95956545.0,32.0,12.769,17.067999999999998,0.63,1164875.0,False
300.0,7b5860221ac4bf880739e34b36b6d1fb.param,2.0,0.0,0.0,47.227,95956545.0,4e973a8b70e85d51711f6be0e863b591,113625.0,1.0,0.0,17.663,15-46,45130.0,0.0,1149927.0,9608.0,4.309,14946.0,9608.0,-1.0,13534.0,0.0,1053925.0,14561.0,95956545.0,32.0,12.767000000000001,17.076,0.63,1164875.0,False
300.0,9c8685614d2fcc8ed75e3df0b278a590.param,0.0,0.0,0.0,30.774,506016928.0,25beb9ca18fe461283acf1da2a66d3fb,1240871.0,1.0,0.0,10.216000000000001,15-46,1173170.0,0.0,695460.0,6395.0,2.576,10011.0,6395.0,-1.0,13619.0,0.0,2521652.0,9631.0,506016928.0,29.0,7.255,9.831,0.94,705473.0,False
300.0,9c8685614d2fcc8ed75e3df0b278a590.param,1.0,0.0,0.0,28.136999999999997,506016928.0,25beb9ca18fe461283acf1da2a66d3fb,1240871.0,1.0,0.0,10.132,15-46,1173170.0,0.0,695460.0,6395.0,2.6060000000000003,10011.0,6395.0,-1.0,13619.0,0.0,2521652.0,9631.0,506016928.0,29.0,7.112,9.718,0.94,705473.0,False
300.0,9c8685614d2fcc8ed75e3df0b278a590.param,2.0,0.0,0.0,27.971,506016928.0,25beb9ca18fe461283acf1da2a66d3fb,1240871.0,1.0,0.0,10.001,15-46,1173170.0,0.0,695460.0,6395.0,2.568,10011.0,6395.0,-1.0,13619.0,0.0,2521652.0,9631.0,506016928.0,29.0,7.05,9.618,0.94,705473.0,False
300.0,a14c00732fcd60d2f8416079c6315cd5.param,0.0,0.0,0.0,16.428,95956545.0,f1d91606314d9ec572deaf8c64cdaf72,59090.0,1.0,0.0,3.523,15-46,36614.0,0.0,396289.0,4762.0,1.484,5531.0,4762.0,-1.0,5487.0,0.0,722064.0,5212.0,95956545.0,21.0,1.794,3.278,0.42,401822.0,False
300.0,a14c00732fcd60d2f8416079c6315cd5.param,1.0,0.0,0.0,16.297,95956545.0,f1d91606314d9ec572deaf8c64cdaf72,59090.0,1.0,0.0,3.43,15-46,36614.0,0.0,396289.0,4762.0,1.435,5531.0,4762.0,-1.0,5487.0,0.0,722064.0,5212.0,95956545.0,21.0,1.7619999999999998,3.197,0.42,401822.0,False
300.0,a14c00732fcd60d2f8416079c6315cd5.param,2.0,0.0,0.0,15.859000000000002,95956545.0,f1d91606314d9ec572deaf8c64cdaf72,59090.0,1.0,0.0,3.463,15-46,36614.0,0.0,396289.0,4762.0,1.49,5531.0,4762.0,-1.0,5487.0,0.0,722064.0,5212.0,95956545.0,21.0,1.743,3.233,0.42,401822.0,False
300.0,e132556b0d38151640e92d05691dbdbe.param,0.0,0.0,0.0,73.866,1918631718.0,f15b76225dc612f9dd8c207e0ed82a11,293884.0,1.0,0.0,11.546,15-46,225765.0,0.0,1902290.0,6238.0,7.3889999999999985,25450.0,6238.0,-1.0,18445.0,0.0,1237410.0,24979.0,1918631718.0,28.0,3.135,10.524000000000001,2.11,1927742.0,False
300.0,e132556b0d38151640e92d05691dbdbe.param,1.0,0.0,0.0,77.352,1918631718.0,f15b76225dc612f9dd8c207e0ed82a11,293884.0,1.0,0.0,11.286,15-46,225765.0,0.0,1902290.0,6238.0,7.279,25450.0,6238.0,-1.0,18445.0,0.0,1237410.0,24979.0,1918631718.0,28.0,3.012,10.290999999999999,2.11,1927742.0,False
300.0,e132556b0d38151640e92d05691dbdbe.param,2.0,0.0,0.0,70.485,1918631718.0,f15b76225dc612f9dd8c207e0ed82a11,293884.0,1.0,0.0,11.274000000000001,15-46,225765.0,0.0,1902290.0,6238.0,7.222,25450.0,6238.0,-1.0,18445.0,0.0,1237410.0,24979.0,1918631718.0,28.0,3.053,10.275,2.11,1927742.0,False
300.0,e3acebf7a8b1b7baee676b2504100871.param,0.0,0.0,0.0,9.896,600810857.0,8e9e7df0b5c55566c5b7ff70cc1c2d9e,419440.0,1.0,0.0,4.788,15-46,364940.0,0.0,211073.0,9603.0,0.758,2947.0,9603.0,-1.0,7381.0,0.0,1196497.0,2572.0,600810857.0,32.0,3.892,4.65,0.63,214022.0,False
300.0,e3acebf7a8b1b7baee676b2504100871.param,1.0,0.0,0.0,10.015,600810857.0,8e9e7df0b5c55566c5b7ff70cc1c2d9e,419440.0,1.0,0.0,4.853,15-46,364940.0,0.0,211073.0,9603.0,0.764,2947.0,9603.0,-1.0,7381.0,0.0,1196497.0,2572.0,600810857.0,32.0,3.947,4.711,0.63,214022.0,False
300.0,e3acebf7a8b1b7baee676b2504100871.param,2.0,0.0,0.0,9.154,600810857.0,8e9e7df0b5c55566c5b7ff70cc1c2d9e,419440.0,1.0,0.0,4.623,15-46,364940.0,0.0,211073.0,9603.0,0.746,2947.0,9603.0,-1.0,7381.0,0.0,1196497.0,2572.0,600810857.0,32.0,3.741,4.487,0.63,214022.0,False
300.0,7c50c2c12e2aac2541da57a3aad7ca55.param,0.0,0.0,0.0,72.933,182366586.0,d169751a10772bbcb837da03be8362d3,138239.0,1.0,0.0,9.666,15-46,101330.0,0.0,1810855.0,5763.0,6.8839999999999995,24491.0,5763.0,-1.0,13249.0,0.0,825215.0,24076.0,182366586.0,25.0,1.867,8.751,1.41,1835348.0,False
300.0,7c50c2c12e2aac2541da57a3aad7ca55.param,1.0,0.0,0.0,68.221,182366586.0,d169751a10772bbcb837da03be8362d3,138239.0,1.0,0.0,9.775,15-46,101330.0,0.0,1810855.0,5763.0,7.01,24491.0,5763.0,-1.0,13249.0,0.0,825215.0,24076.0,182366586.0,25.0,1.825,8.835,1.41,1835348.0,False
300.0,7c50c2c12e2aac2541da57a3aad7ca55.param,2.0,0.0,0.0,70.48,182366586.0,d169751a10772bbcb837da03be8362d3,138239.0,1.0,0.0,9.619,15-46,101330.0,0.0,1810855.0,5763.0,6.854,24491.0,5763.0,-1.0,13249.0,0.0,825215.0,24076.0,182366586.0,25.0,1.857,8.711,1.41,1835348.0,False
300.0,5f169f8946c848c062a4dd468eb064c1.param,0.0,0.0,0.0,70.688,2136253402.0,faac9fab375ae0089e01063b72d1ab31,192216.0,1.0,0.0,13.495,15-46,141739.0,0.0,1858935.0,4771.0,7.189,23037.0,4771.0,-1.0,11295.0,0.0,1453729.0,22606.0,2136253402.0,21.0,5.356,12.545,2.11,1881974.0,False
300.0,5f169f8946c848c062a4dd468eb064c1.param,1.0,0.0,0.0,74.161,2136253402.0,faac9fab375ae0089e01063b72d1ab31,192216.0,1.0,0.0,13.616,15-46,141739.0,0.0,1858935.0,4771.0,7.202999999999999,23037.0,4771.0,-1.0,11295.0,0.0,1453729.0,22606.0,2136253402.0,21.0,5.4170000000000025,12.62,2.11,1881974.0,False
300.0,5f169f8946c848c062a4dd468eb064c1.param,2.0,0.0,0.0,70.168,2136253402.0,faac9fab375ae0089e01063b72d1ab31,192216.0,1.0,0.0,13.555,15-46,141739.0,0.0,1858935.0,4771.0,7.154,23037.0,4771.0,-1.0,11295.0,0.0,1453729.0,22606.0,2136253402.0,21.0,5.421,12.575,2.11,1881974.0,False
300.0,3516b948e6368c1e04e766cb3dbf658f.param,0.0,0.0,0.0,98.744,1235388569.0,028df2ebd3f5fb14f20a085519f28d3a,466293.0,1.0,0.0,15.209000000000001,15-46,334776.0,0.0,2456812.0,6212.0,9.477,32896.0,6212.0,-1.0,24279.0,0.0,1898679.0,32441.0,1235388569.0,28.0,4.442,13.919,2.11,2489710.0,False
300.0,3516b948e6368c1e04e766cb3dbf658f.param,1.0,0.0,0.0,102.524,1235388569.0,028df2ebd3f5fb14f20a085519f28d3a,466293.0,1.0,0.0,15.245,15-46,334776.0,0.0,2456812.0,6212.0,9.505,32896.0,6212.0,-1.0,24279.0,0.0,1898679.0,32441.0,1235388569.0,28.0,4.495,14.0,2.11,2489710.0,False
300.0,3516b948e6368c1e04e766cb3dbf658f.param,2.0,0.0,0.0,101.351,1235388569.0,028df2ebd3f5fb14f20a085519f28d3a,466293.0,1.0,0.0,15.507,15-46,334776.0,0.0,2456812.0,6212.0,9.366,32896.0,6212.0,-1.0,24279.0,0.0,1898679.0,32441.0,1235388569.0,28.0,4.488,13.854000000000001,2.11,2489710.0,False
300.0,accc739b7443ee6f6c986b29106d30b2.param,0.0,0.0,0.0,67.449,1057470620.0,82db44a4f9917743123a123e0080f663,351432.0,1.0,0.0,13.605,15-46,279958.0,0.0,1770222.0,6336.0,6.7520000000000024,22351.0,6336.0,-1.0,17013.0,0.0,1509169.0,21921.0,1057470620.0,29.0,5.956,12.708,2.11,1792575.0,False
300.0,accc739b7443ee6f6c986b29106d30b2.param,1.0,0.0,0.0,72.493,1057470620.0,82db44a4f9917743123a123e0080f663,351432.0,1.0,0.0,13.707,15-46,279958.0,0.0,1770222.0,6336.0,6.768,22351.0,6336.0,-1.0,17013.0,0.0,1509169.0,21921.0,1057470620.0,29.0,6.026,12.794,2.11,1792575.0,False
300.0,accc739b7443ee6f6c986b29106d30b2.param,2.0,0.0,0.0,74.375,1057470620.0,82db44a4f9917743123a123e0080f663,351432.0,1.0,0.0,13.633,15-46,279958.0,0.0,1770222.0,6336.0,6.7860000000000005,22351.0,6336.0,-1.0,17013.0,0.0,1509169.0,21921.0,1057470620.0,29.0,5.932,12.718,2.11,1792575.0,False
300.0,056d65a7bb6760a4c29fabc08869fd2b.param,0.0,0.0,0.0,97.2,160742207.0,06659b57d8473d9c48da64931414d658,141887.0,1.0,0.0,13.83,15-46,97045.0,0.0,2557956.0,4711.0,9.853,33576.0,4711.0,-1.0,15563.0,0.0,1226524.0,33115.0,160742207.0,21.0,2.645,12.498,1.41,2591534.0,False
300.0,056d65a7bb6760a4c29fabc08869fd2b.param,1.0,0.0,0.0,97.271,160742207.0,06659b57d8473d9c48da64931414d658,141887.0,1.0,0.0,13.679,15-46,97045.0,0.0,2557956.0,4711.0,9.785,33576.0,4711.0,-1.0,15563.0,0.0,1226524.0,33115.0,160742207.0,21.0,2.589,12.374,1.41,2591534.0,False
300.0,056d65a7bb6760a4c29fabc08869fd2b.param,2.0,0.0,0.0,99.046,160742207.0,06659b57d8473d9c48da64931414d658,141887.0,1.0,0.0,13.802,15-46,97045.0,0.0,2557956.0,4711.0,9.776,33576.0,4711.0,-1.0,15563.0,0.0,1226524.0,33115.0,160742207.0,21.0,2.677,12.453,1.41,2591534.0,False
300.0,f3f514a91e7728b0df10399e56f94206.param,0.0,0.0,0.0,17.952,590654055.0,dc3bf1bb1815ab6c34d410424811ab14,173725.0,1.0,0.0,6.807,15-46,93397.0,0.0,432277.0,6349.0,1.554,5968.0,6349.0,-1.0,12597.0,0.0,1130383.0,5603.0,590654055.0,29.0,5.02,6.574,0.63,438247.0,False
300.0,f3f514a91e7728b0df10399e56f94206.param,1.0,0.0,0.0,20.105999999999998,590654055.0,dc3bf1bb1815ab6c34d410424811ab14,173725.0,1.0,0.0,7.805,15-46,93397.0,0.0,432277.0,6349.0,1.655,5968.0,6349.0,-1.0,12597.0,0.0,1130383.0,5603.0,590654055.0,29.0,5.865,7.52,0.63,438247.0,False
300.0,f3f514a91e7728b0df10399e56f94206.param,2.0,0.0,0.0,19.162,590654055.0,dc3bf1bb1815ab6c34d410424811ab14,173725.0,1.0,0.0,7.263,15-46,93397.0,0.0,432277.0,6349.0,1.5719999999999998,5968.0,6349.0,-1.0,12597.0,0.0,1130383.0,5603.0,590654055.0,29.0,5.4479999999999995,7.02,0.63,438247.0,False
300.0,53797da70b0cf5f28e45644f5fda249f.param,0.0,0.0,0.0,8.955,1923385776.0,55d26bdcead35f91a882c4645b86e216,79259.0,1.0,0.0,2.056,15-46,54800.0,0.0,204518.0,5609.0,0.73,2587.0,5609.0,-1.0,3785.0,0.0,740352.0,2257.0,1923385776.0,24.0,1.196,1.926,0.28,207107.0,False
300.0,53797da70b0cf5f28e45644f5fda249f.param,1.0,0.0,0.0,9.077,1923385776.0,55d26bdcead35f91a882c4645b86e216,79259.0,1.0,0.0,2.082,15-46,54800.0,0.0,204518.0,5609.0,0.754,2587.0,5609.0,-1.0,3785.0,0.0,740352.0,2257.0,1923385776.0,24.0,1.193,1.9469999999999998,0.28,207107.0,False
300.0,53797da70b0cf5f28e45644f5fda249f.param,2.0,0.0,0.0,9.507,1923385776.0,55d26bdcead35f91a882c4645b86e216,79259.0,1.0,0.0,2.066,15-46,54800.0,0.0,204518.0,5609.0,0.7290000000000001,2587.0,5609.0,-1.0,3785.0,0.0,740352.0,2257.0,1923385776.0,24.0,1.202,1.931,0.28,207107.0,False
300.0,55b26376914ebad092e2e305df354383.param,0.0,0.0,0.0,23.949,1470727592.0,8a5b8e4ea70318fe2a730f2f75a3fe41,154489.0,1.0,0.0,6.649,15-46,73287.0,0.0,604775.0,6395.0,2.231,8713.0,6395.0,-1.0,13885.0,0.0,756742.0,8398.0,1470727592.0,29.0,4.079,6.31,0.63,613490.0,False
300.0,55b26376914ebad092e2e305df354383.param,1.0,0.0,0.0,25.574,1470727592.0,8a5b8e4ea70318fe2a730f2f75a3fe41,154489.0,1.0,0.0,6.79,15-46,73287.0,0.0,604775.0,6395.0,2.259,8713.0,6395.0,-1.0,13885.0,0.0,756742.0,8398.0,1470727592.0,29.0,4.18,6.439,0.63,613490.0,False
300.0,55b26376914ebad092e2e305df354383.param,2.0,0.0,0.0,26.555999999999997,1470727592.0,8a5b8e4ea70318fe2a730f2f75a3fe41,154489.0,1.0,0.0,6.646,15-46,73287.0,0.0,604775.0,6395.0,2.224,8713.0,6395.0,-1.0,13885.0,0.0,756742.0,8398.0,1470727592.0,29.0,4.1,6.324,0.63,613490.0,False
300.0,3a224236b6b589e9f8161cb41fb64421.param,0.0,0.0,0.0,40.114000000000004,2028359165.0,de157cbbe5704d78d26cc44d81cbb1ec,487243.0,1.0,0.0,8.767999999999999,15-46,432014.0,0.0,960639.0,6319.0,3.591,13686.0,6319.0,-1.0,13040.0,0.0,1891438.0,13328.0,2028359165.0,29.0,4.666,8.257,1.41,974327.0,False
300.0,3a224236b6b589e9f8161cb41fb64421.param,1.0,0.0,0.0,40.174,2028359165.0,de157cbbe5704d78d26cc44d81cbb1ec,487243.0,1.0,0.0,8.753,15-46,432014.0,0.0,960639.0,6319.0,3.5580000000000003,13686.0,6319.0,-1.0,13040.0,0.0,1891438.0,13328.0,2028359165.0,29.0,4.6930000000000005,8.251,1.41,974327.0,False
300.0,3a224236b6b589e9f8161cb41fb64421.param,2.0,0.0,0.0,37.042,2028359165.0,de157cbbe5704d78d26cc44d81cbb1ec,487243.0,1.0,0.0,8.673,15-46,432014.0,0.0,960639.0,6319.0,3.563,13686.0,6319.0,-1.0,13040.0,0.0,1891438.0,13328.0,2028359165.0,29.0,4.593999999999999,8.157,1.41,974327.0,False
300.0,c73e9bafac569591c4ea47d45cfac20c.param,0.0,0.0,0.0,31.873,1918631718.0,286fe10b30077e77f0c4a06365c609c1,307096.0,1.0,0.0,6.1610000000000005,15-46,238668.0,0.0,716829.0,6230.0,2.702,9406.0,6230.0,-1.0,16044.0,0.0,1577949.0,9002.0,1918631718.0,28.0,3.0589999999999997,5.761,0.94,726237.0,False
300.0,c73e9bafac569591c4ea47d45cfac20c.param,1.0,0.0,0.0,31.215999999999998,1918631718.0,286fe10b30077e77f0c4a06365c609c1,307096.0,1.0,0.0,6.028,15-46,238668.0,0.0,716829.0,6230.0,2.627,9406.0,6230.0,-1.0,16044.0,0.0,1577949.0,9002.0,1918631718.0,28.0,3.0039999999999996,5.631,0.94,726237.0,False
300.0,c73e9bafac569591c4ea47d45cfac20c.param,2.0,0.0,0.0,29.373,1918631718.0,286fe10b30077e77f0c4a06365c609c1,307096.0,1.0,0.0,6.151,15-46,238668.0,0.0,716829.0,6230.0,2.6519999999999997,9406.0,6230.0,-1.0,16044.0,0.0,1577949.0,9002.0,1918631718.0,28.0,3.074,5.726,0.94,726237.0,False
300.0,9fea3b5fddf357019f10d5f61fc8a74b.param,0.0,0.0,0.0,38.103,693280077.0,89baa821d23aabd435fce0671b6a0d38,414338.0,1.0,0.0,9.728,15-46,352355.0,0.0,982724.0,4116.0,3.6519999999999997,17788.0,4116.0,-1.0,15870.0,0.0,1253321.0,17423.0,693280077.0,17.0,5.5329999999999995,9.185,1.41,1000514.0,False
300.0,9fea3b5fddf357019f10d5f61fc8a74b.param,1.0,0.0,0.0,37.830999999999996,693280077.0,89baa821d23aabd435fce0671b6a0d38,414338.0,1.0,0.0,10.02,15-46,352355.0,0.0,982724.0,4116.0,3.845,17788.0,4116.0,-1.0,15870.0,0.0,1253321.0,17423.0,693280077.0,17.0,5.65,9.495,1.41,1000514.0,False
300.0,9fea3b5fddf357019f10d5f61fc8a74b.param,2.0,0.0,0.0,39.829,693280077.0,89baa821d23aabd435fce0671b6a0d38,414338.0,1.0,0.0,9.986,15-46,352355.0,0.0,982724.0,4116.0,3.6519999999999997,17788.0,4116.0,-1.0,15870.0,0.0,1253321.0,17423.0,693280077.0,17.0,5.768,9.42,1.41,1000514.0,False
300.0,971e5d247ffd98140d5d9199460cd7b4.param,0.0,0.0,0.0,31.41800000000001,1257636424.0,ed8b6f94619540b2e5ba9c4bb5386ea3,230780.0,1.0,0.0,5.7989999999999995,15-46,174633.0,0.0,778437.0,5649.0,2.888,10742.0,5649.0,-1.0,13739.0,0.0,756745.0,10351.0,1257636424.0,24.0,2.468,5.356,0.94,789181.0,False
300.0,971e5d247ffd98140d5d9199460cd7b4.param,1.0,0.0,0.0,33.333,1257636424.0,ed8b6f94619540b2e5ba9c4bb5386ea3,230780.0,1.0,0.0,5.8260000000000005,15-46,174633.0,0.0,778437.0,5649.0,2.9339999999999997,10742.0,5649.0,-1.0,13739.0,0.0,756745.0,10351.0,1257636424.0,24.0,2.463,5.397,0.94,789181.0,False
300.0,971e5d247ffd98140d5d9199460cd7b4.param,2.0,0.0,0.0,35.148,1257636424.0,ed8b6f94619540b2e5ba9c4bb5386ea3,230780.0,1.0,0.0,5.834,15-46,174633.0,0.0,778437.0,5649.0,2.923,10742.0,5649.0,-1.0,13739.0,0.0,756745.0,10351.0,1257636424.0,24.0,2.488,5.4110000000000005,0.94,789181.0,False
300.0,d77b1e8e85636e2a8e697f0467151b32.param,0.0,0.0,0.0,10.472000000000001,590654055.0,4e9bd0db90858830e5102dcae1165c13,298199.0,1.0,0.0,3.8510000000000004,15-46,260359.0,0.0,227528.0,6316.0,0.924,3019.0,6316.0,-1.0,9187.0,0.0,1416291.0,2635.0,590654055.0,29.0,2.748,3.6719999999999997,0.63,230549.0,False
300.0,d77b1e8e85636e2a8e697f0467151b32.param,1.0,0.0,0.0,11.037,590654055.0,4e9bd0db90858830e5102dcae1165c13,298199.0,1.0,0.0,3.8710000000000004,15-46,260359.0,0.0,227528.0,6316.0,0.868,3019.0,6316.0,-1.0,9187.0,0.0,1416291.0,2635.0,590654055.0,29.0,2.588,3.4560000000000004,0.63,230549.0,False
300.0,d77b1e8e85636e2a8e697f0467151b32.param,2.0,0.0,0.0,10.415,590654055.0,4e9bd0db90858830e5102dcae1165c13,298199.0,1.0,0.0,3.6319999999999997,15-46,260359.0,0.0,227528.0,6316.0,0.812,3019.0,6316.0,-1.0,9187.0,0.0,1416291.0,2635.0,590654055.0,29.0,2.6689999999999996,3.4810000000000003,0.63,230549.0,False
300.0,c7380516182e520bfda807e4d9ed529d.param,0.0,0.0,0.0,10.312000000000001,1057470620.0,1dbfe6d61f9b3696506b06a75272d840,1924514.0,1.0,0.0,10.321,15-46,1874892.0,0.0,237116.0,9603.0,0.897,3115.0,9603.0,-1.0,9678.0,0.0,2709060.0,2719.0,1057470620.0,32.0,9.271,10.168,0.63,240233.0,False
300.0,c7380516182e520bfda807e4d9ed529d.param,1.0,0.0,0.0,10.950999999999999,1057470620.0,1dbfe6d61f9b3696506b06a75272d840,1924514.0,1.0,0.0,10.552999999999999,15-46,1874892.0,0.0,237116.0,9603.0,0.853,3115.0,9603.0,-1.0,9678.0,0.0,2709060.0,2719.0,1057470620.0,32.0,9.537,10.39,0.63,240233.0,False
300.0,c7380516182e520bfda807e4d9ed529d.param,2.0,0.0,0.0,10.258,1057470620.0,1dbfe6d61f9b3696506b06a75272d840,1924514.0,1.0,0.0,10.2,15-46,1874892.0,0.0,237116.0,9603.0,0.8590000000000001,3115.0,9603.0,-1.0,9678.0,0.0,2709060.0,2719.0,1057470620.0,32.0,9.18,10.039,0.63,240233.0,False
300.0,36fc98d1195ddc35e5ef9eb80f9a3178.param,0.0,0.0,0.0,13.418,270657042.0,a49271fe165506c03cd680fefd36b5e2,249882.0,1.0,0.0,5.943,15-46,190984.0,0.0,289422.0,4122.0,1.038,4977.0,4122.0,-1.0,10470.0,0.0,775052.0,4717.0,270657042.0,17.0,4.654,5.692,0.42,294401.0,False
300.0,36fc98d1195ddc35e5ef9eb80f9a3178.param,1.0,0.0,0.0,12.395,270657042.0,a49271fe165506c03cd680fefd36b5e2,249882.0,1.0,0.0,5.954,15-46,190984.0,0.0,289422.0,4122.0,1.047,4977.0,4122.0,-1.0,10470.0,0.0,775052.0,4717.0,270657042.0,17.0,4.723,5.77,0.42,294401.0,False
300.0,36fc98d1195ddc35e5ef9eb80f9a3178.param,2.0,0.0,0.0,12.218,270657042.0,a49271fe165506c03cd680fefd36b5e2,249882.0,1.0,0.0,5.827000000000001,15-46,190984.0,0.0,289422.0,4122.0,1.037,4977.0,4122.0,-1.0,10470.0,0.0,775052.0,4717.0,270657042.0,17.0,4.607,5.644,0.42,294401.0,False
300.0,97b29b11b39e49b80f3ff828f7a4f470.param,0.0,0.0,0.0,25.288,372553220.0,0d5c12ad5b683b23d2f13ac8215c21f0,681489.0,1.0,0.0,5.586,15-46,621682.0,0.0,601901.0,5747.0,2.204,9376.0,5747.0,-1.0,14484.0,0.0,1701440.0,9050.0,372553220.0,25.0,3.035,5.239,0.94,611279.0,False
300.0,97b29b11b39e49b80f3ff828f7a4f470.param,1.0,0.0,0.0,26.124000000000002,372553220.0,0d5c12ad5b683b23d2f13ac8215c21f0,681489.0,1.0,0.0,5.801,15-46,621682.0,0.0,601901.0,5747.0,2.267,9376.0,5747.0,-1.0,14484.0,0.0,1701440.0,9050.0,372553220.0,25.0,3.179,5.4460000000000015,0.94,611279.0,False
300.0,97b29b11b39e49b80f3ff828f7a4f470.param,2.0,0.0,0.0,24.747,372553220.0,0d5c12ad5b683b23d2f13ac8215c21f0,681489.0,1.0,0.0,5.5829999999999975,15-46,621682.0,0.0,601901.0,5747.0,2.2030000000000003,9376.0,5747.0,-1.0,14484.0,0.0,1701440.0,9050.0,372553220.0,25.0,3.031,5.234,0.94,611279.0,False
300.0,d6dbb131b6c4096427e3cdbc24174d58.param,0.0,0.0,0.0,15.645999999999999,254168822.0,298e09d8cca22141241e51cda145235b,202005.0,1.0,0.0,3.7230000000000003,15-46,161372.0,0.0,360356.0,5675.0,1.307,4928.0,5675.0,-1.0,8626.0,0.0,1294376.0,4623.0,254168822.0,24.0,2.207,3.514,0.63,365286.0,False
300.0,d6dbb131b6c4096427e3cdbc24174d58.param,1.0,0.0,0.0,16.9,254168822.0,298e09d8cca22141241e51cda145235b,202005.0,1.0,0.0,3.847,15-46,161372.0,0.0,360356.0,5675.0,1.315,4928.0,5675.0,-1.0,8626.0,0.0,1294376.0,4623.0,254168822.0,24.0,2.316,3.6310000000000002,0.63,365286.0,False
300.0,d6dbb131b6c4096427e3cdbc24174d58.param,2.0,0.0,0.0,17.131,254168822.0,298e09d8cca22141241e51cda145235b,202005.0,1.0,0.0,3.677,15-46,161372.0,0.0,360356.0,5675.0,1.308,4928.0,5675.0,-1.0,8626.0,0.0,1294376.0,4623.0,254168822.0,24.0,2.162,3.47,0.63,365286.0,False
300.0,61f5f3058b749cd913e33ba1bf9fcead.param,0.0,0.0,0.0,5.632999999999999,693280077.0,780ce87b12f461b9fac58f8a792406f1,223123.0,1.0,0.0,2.146,15-46,196192.0,0.0,121137.0,4717.0,0.4270000000000001,1869.0,4717.0,-1.0,6047.0,0.0,880943.0,1516.0,693280077.0,21.0,1.5930000000000002,2.02,0.42,123008.0,False
300.0,61f5f3058b749cd913e33ba1bf9fcead.param,1.0,0.0,0.0,5.829,693280077.0,780ce87b12f461b9fac58f8a792406f1,223123.0,1.0,0.0,2.168,15-46,196192.0,0.0,121137.0,4717.0,0.426,1869.0,4717.0,-1.0,6047.0,0.0,880943.0,1516.0,693280077.0,21.0,1.57,1.996,0.42,123008.0,False
300.0,61f5f3058b749cd913e33ba1bf9fcead.param,2.0,0.0,0.0,5.3729999999999976,693280077.0,780ce87b12f461b9fac58f8a792406f1,223123.0,1.0,0.0,2.104,15-46,196192.0,0.0,121137.0,4717.0,0.43799999999999994,1869.0,4717.0,-1.0,6047.0,0.0,880943.0,1516.0,693280077.0,21.0,1.575,2.013,0.42,123008.0,False
300.0,a78197c32b5c06c92ee4f6e438ee3962.param,0.0,0.0,0.0,68.735,506016928.0,f6500bc8aa06fc183dfd0b4f32461079,560689.0,1.0,0.0,12.450999999999999,15-46,492968.0,0.0,1853153.0,5604.0,7.15,26981.0,5604.0,-1.0,19045.0,0.0,1844755.0,26568.0,506016928.0,24.0,4.338,11.488,2.11,1880136.0,False
300.0,a78197c32b5c06c92ee4f6e438ee3962.param,1.0,0.0,0.0,69.19,506016928.0,f6500bc8aa06fc183dfd0b4f32461079,560689.0,1.0,0.0,12.392000000000001,15-46,492968.0,0.0,1853153.0,5604.0,7.1229999999999976,26981.0,5604.0,-1.0,19045.0,0.0,1844755.0,26568.0,506016928.0,24.0,4.2810000000000015,11.404000000000002,2.11,1880136.0,False
300.0,a78197c32b5c06c92ee4f6e438ee3962.param,2.0,0.0,0.0,75.509,506016928.0,f6500bc8aa06fc183dfd0b4f32461079,560689.0,1.0,0.0,12.378,15-46,492968.0,0.0,1853153.0,5604.0,7.11,26981.0,5604.0,-1.0,19045.0,0.0,1844755.0,26568.0,506016928.0,24.0,4.293,11.402999999999999,2.11,1880136.0,False
300.0,8dbc47c71dc08cbc8ffa4bf3b92aa057.param,0.0,0.0,0.0,21.549,1571287961.0,14eb90133570468e03fd276d293affcc,79870.0,1.0,0.0,3.1319999999999997,15-46,56403.0,0.0,475289.0,4128.0,1.7380000000000002,8266.0,4128.0,-1.0,7455.0,0.0,677446.0,7907.0,1571287961.0,17.0,1.1159999999999999,2.8539999999999996,0.63,483557.0,False
300.0,8dbc47c71dc08cbc8ffa4bf3b92aa057.param,1.0,0.0,0.0,19.906,1571287961.0,14eb90133570468e03fd276d293affcc,79870.0,1.0,0.0,3.182,15-46,56403.0,0.0,475289.0,4128.0,1.75,8266.0,4128.0,-1.0,7455.0,0.0,677446.0,7907.0,1571287961.0,17.0,1.143,2.8930000000000002,0.63,483557.0,False
300.0,8dbc47c71dc08cbc8ffa4bf3b92aa057.param,2.0,0.0,0.0,22.249000000000002,1571287961.0,14eb90133570468e03fd276d293affcc,79870.0,1.0,0.0,3.137,15-46,56403.0,0.0,475289.0,4128.0,1.732,8266.0,4128.0,-1.0,7455.0,0.0,677446.0,7907.0,1571287961.0,17.0,1.13,2.862,0.63,483557.0,False
300.0,37f39e77e4ab35860e338849791d985b.param,0.0,0.0,0.0,56.813,1057470620.0,516cb380f7081977c9985d79d40c7dac,1066473.0,1.0,0.0,42.14100000000001,15-46,946438.0,0.0,1478181.0,11249.0,5.602,18659.0,11249.0,-1.0,25249.0,0.0,2347010.0,18220.0,1057470620.0,40.0,35.711,41.313,2.11,1496842.0,False
300.0,37f39e77e4ab35860e338849791d985b.param,1.0,0.0,0.0,59.773999999999994,1057470620.0,516cb380f7081977c9985d79d40c7dac,1066473.0,1.0,0.0,42.403,15-46,946438.0,0.0,1478181.0,11249.0,5.653,18659.0,11249.0,-1.0,25249.0,0.0,2347010.0,18220.0,1057470620.0,40.0,35.973,41.62600000000001,2.11,1496842.0,False
300.0,37f39e77e4ab35860e338849791d985b.param,2.0,0.0,0.0,57.628,1057470620.0,516cb380f7081977c9985d79d40c7dac,1066473.0,1.0,0.0,43.31,15-46,946438.0,0.0,1478181.0,11249.0,5.6229999999999976,18659.0,11249.0,-1.0,25249.0,0.0,2347010.0,18220.0,1057470620.0,40.0,36.598,42.221000000000004,2.11,1496842.0,False
300.0,9a031fb141138ee9bc8fad2cc059ee0e.param,0.0,0.0,0.0,17.893,95956545.0,97651652191576d58d957a944cb80267,37179.0,1.0,0.0,2.615,15-46,19916.0,0.0,415766.0,4672.0,1.545,5926.0,4672.0,-1.0,2813.0,0.0,512080.0,5605.0,95956545.0,20.0,0.758,2.303,0.42,421694.0,False
300.0,9a031fb141138ee9bc8fad2cc059ee0e.param,1.0,0.0,0.0,18.386,95956545.0,97651652191576d58d957a944cb80267,37179.0,1.0,0.0,2.488,15-46,19916.0,0.0,415766.0,4672.0,1.524,5926.0,4672.0,-1.0,2813.0,0.0,512080.0,5605.0,95956545.0,20.0,0.72,2.244,0.42,421694.0,False
300.0,9a031fb141138ee9bc8fad2cc059ee0e.param,2.0,0.0,0.0,19.36,95956545.0,97651652191576d58d957a944cb80267,37179.0,1.0,0.0,2.504,15-46,19916.0,0.0,415766.0,4672.0,1.551,5926.0,4672.0,-1.0,2813.0,0.0,512080.0,5605.0,95956545.0,20.0,0.71,2.261,0.42,421694.0,False
300.0,4fb489f83300339f94af01b969c1f325.param,0.0,0.0,0.0,55.086999999999996,1098776393.0,d78380ca4775391c3354699ef10a74af,642208.0,1.0,0.0,14.530999999999999,15-46,498212.0,0.0,1360357.0,11200.0,5.135,17344.0,11200.0,-1.0,30746.0,0.0,1704340.0,16950.0,1098776393.0,40.0,8.639,13.774000000000001,1.41,1377703.0,False
300.0,4fb489f83300339f94af01b969c1f325.param,1.0,0.0,0.0,59.058,1098776393.0,d78380ca4775391c3354699ef10a74af,642208.0,1.0,0.0,14.759,15-46,498212.0,0.0,1360357.0,11200.0,5.14,17344.0,11200.0,-1.0,30746.0,0.0,1704340.0,16950.0,1098776393.0,40.0,8.891,14.030999999999999,1.41,1377703.0,False
300.0,4fb489f83300339f94af01b969c1f325.param,2.0,0.0,0.0,58.37300000000001,1098776393.0,d78380ca4775391c3354699ef10a74af,642208.0,1.0,0.0,14.677,15-46,498212.0,0.0,1360357.0,11200.0,5.192,17344.0,11200.0,-1.0,30746.0,0.0,1704340.0,16950.0,1098776393.0,40.0,8.755,13.947000000000001,1.41,1377703.0,False
300.0,8fafcc4984fc93de8a9182509b2a0a65.param,0.0,0.0,0.0,65.038,1057470620.0,2993645cbb9761026ffcd86ed179a00f,430004.0,1.0,0.0,12.350999999999999,15-46,377719.0,0.0,1688903.0,6299.0,6.479,21116.0,6299.0,-1.0,9877.0,0.0,2098070.0,20653.0,1057470620.0,28.0,4.994,11.472999999999999,0.94,1710021.0,False
300.0,8fafcc4984fc93de8a9182509b2a0a65.param,1.0,0.0,0.0,65.942,1057470620.0,2993645cbb9761026ffcd86ed179a00f,430004.0,1.0,0.0,12.450999999999999,15-46,377719.0,0.0,1688903.0,6299.0,6.505,21116.0,6299.0,-1.0,9877.0,0.0,2098070.0,20653.0,1057470620.0,28.0,5.053,11.558,0.94,1710021.0,False
300.0,8fafcc4984fc93de8a9182509b2a0a65.param,2.0,0.0,0.0,70.319,1057470620.0,2993645cbb9761026ffcd86ed179a00f,430004.0,1.0,0.0,12.405999999999999,15-46,377719.0,0.0,1688903.0,6299.0,6.568,21116.0,6299.0,-1.0,9877.0,0.0,2098070.0,20653.0,1057470620.0,28.0,4.971,11.539000000000001,0.94,1710021.0,False
300.0,d8b978c6119710e61692eb0c8ed59509.param,0.0,0.0,0.0,42.577,1571287961.0,07069ce56123cda5c1a2246ae2cf18ac,555195.0,1.0,0.0,9.908999999999999,15-46,481633.0,0.0,1112916.0,5748.0,4.164,16015.0,5748.0,-1.0,19506.0,0.0,1756938.0,15599.0,1571287961.0,25.0,5.165,9.329,1.41,1128933.0,False
300.0,d8b978c6119710e61692eb0c8ed59509.param,1.0,0.0,0.0,43.76600000000001,1571287961.0,07069ce56123cda5c1a2246ae2cf18ac,555195.0,1.0,0.0,10.270999999999999,15-46,481633.0,0.0,1112916.0,5748.0,4.221,16015.0,5748.0,-1.0,19506.0,0.0,1756938.0,15599.0,1571287961.0,25.0,5.422999999999999,9.644,1.41,1128933.0,False
300.0,d8b978c6119710e61692eb0c8ed59509.param,2.0,0.0,0.0,46.94600000000001,1571287961.0,07069ce56123cda5c1a2246ae2cf18ac,555195.0,1.0,0.0,10.095,15-46,481633.0,0.0,1112916.0,5748.0,4.213,16015.0,5748.0,-1.0,19506.0,0.0,1756938.0,15599.0,1571287961.0,25.0,5.269,9.482000000000001,1.41,1128933.0,False
300.0,ffb2d731edec22edde6bc403f6c68136.param,0.0,0.0,0.0,32.849000000000004,1470727592.0,f72259591d062aa6f3aff19310e31dc9,656635.0,1.0,0.0,8.347000000000001,15-46,565952.0,0.0,830056.0,5678.0,3.241,13244.0,5678.0,-1.0,14432.0,0.0,1513365.0,12925.0,1470727592.0,24.0,4.635,7.876,1.41,843302.0,False
300.0,ffb2d731edec22edde6bc403f6c68136.param,1.0,0.0,0.0,32.615,1470727592.0,f72259591d062aa6f3aff19310e31dc9,656635.0,1.0,0.0,8.056000000000001,15-46,565952.0,0.0,830056.0,5678.0,3.0589999999999997,13244.0,5678.0,-1.0,14432.0,0.0,1513365.0,12925.0,1470727592.0,24.0,4.526,7.585,1.41,843302.0,False
300.0,ffb2d731edec22edde6bc403f6c68136.param,2.0,0.0,0.0,33.315,1470727592.0,f72259591d062aa6f3aff19310e31dc9,656635.0,1.0,0.0,8.244,15-46,565952.0,0.0,830056.0,5678.0,3.197,13244.0,5678.0,-1.0,14432.0,0.0,1513365.0,12925.0,1470727592.0,24.0,4.5680000000000005,7.765,1.41,843302.0,False
300.0,ba4c3b35debdf0cbd1cf9beea46e68ac.param,0.0,0.0,0.0,15.655999999999999,1083416308.0,0249fb832a6f4e7d1bf4351d3e07b486,135427.0,1.0,0.0,2.737,15-46,120768.0,0.0,368733.0,5780.0,1.349,5681.0,5780.0,-1.0,6411.0,0.0,615482.0,5388.0,1083416308.0,25.0,1.146,2.495,0.63,374416.0,False
300.0,ba4c3b35debdf0cbd1cf9beea46e68ac.param,1.0,0.0,0.0,17.430999999999994,1083416308.0,0249fb832a6f4e7d1bf4351d3e07b486,135427.0,1.0,0.0,2.7560000000000002,15-46,120768.0,0.0,368733.0,5780.0,1.347,5681.0,5780.0,-1.0,6411.0,0.0,615482.0,5388.0,1083416308.0,25.0,1.18,2.5269999999999997,0.63,374416.0,False
300.0,ba4c3b35debdf0cbd1cf9beea46e68ac.param,2.0,0.0,0.0,15.841,1083416308.0,0249fb832a6f4e7d1bf4351d3e07b486,135427.0,1.0,0.0,2.6839999999999997,15-46,120768.0,0.0,368733.0,5780.0,1.328,5681.0,5780.0,-1.0,6411.0,0.0,615482.0,5388.0,1083416308.0,25.0,1.139,2.467,0.63,374416.0,False
300.0,876c6467204e8ca8aabecbfbd3b45139.param,0.0,0.0,0.0,58.591,1257636424.0,298b9c55f6f32ebbe44fba5b4fe15523,2448554.0,1.0,0.0,24.986,15-46,2349210.0,0.0,1524529.0,6281.0,5.739,22661.0,6281.0,-1.0,30137.0,0.0,5066597.0,22192.0,1257636424.0,28.0,18.4,24.139,2.11,1547192.0,False
300.0,876c6467204e8ca8aabecbfbd3b45139.param,1.0,0.0,0.0,63.24,1257636424.0,298b9c55f6f32ebbe44fba5b4fe15523,2448554.0,1.0,0.0,24.97300000000001,15-46,2349210.0,0.0,1524529.0,6281.0,5.7620000000000005,22661.0,6281.0,-1.0,30137.0,0.0,5066597.0,22192.0,1257636424.0,28.0,18.363,24.125,2.11,1547192.0,False
300.0,876c6467204e8ca8aabecbfbd3b45139.param,2.0,0.0,0.0,61.155,1257636424.0,298b9c55f6f32ebbe44fba5b4fe15523,2448554.0,1.0,0.0,25.611,15-46,2349210.0,0.0,1524529.0,6281.0,5.847,22661.0,6281.0,-1.0,30137.0,0.0,5066597.0,22192.0,1257636424.0,28.0,18.91,24.756999999999998,2.11,1547192.0,False
300.0,4ee13ffb8d0ec1ceaf1bb37447281f58.param,0.0,0.0,0.0,30.936999999999998,506016928.0,5b4edb0e0cda603d031f42ec88858d47,251030.0,1.0,0.0,4.575,15-46,227849.0,0.0,708637.0,4028.0,2.665,13187.0,4028.0,-1.0,7072.0,0.0,955250.0,12856.0,506016928.0,16.0,1.5030000000000001,4.168,0.94,721826.0,False
300.0,4ee13ffb8d0ec1ceaf1bb37447281f58.param,1.0,0.0,0.0,30.364,506016928.0,5b4edb0e0cda603d031f42ec88858d47,251030.0,1.0,0.0,4.651,15-46,227849.0,0.0,708637.0,4028.0,2.6430000000000002,13187.0,4028.0,-1.0,7072.0,0.0,955250.0,12856.0,506016928.0,16.0,1.597,4.24,0.94,721826.0,False
300.0,4ee13ffb8d0ec1ceaf1bb37447281f58.param,2.0,0.0,0.0,28.199,506016928.0,5b4edb0e0cda603d031f42ec88858d47,251030.0,1.0,0.0,4.5710000000000015,15-46,227849.0,0.0,708637.0,4028.0,2.6289999999999996,13187.0,4028.0,-1.0,7072.0,0.0,955250.0,12856.0,506016928.0,16.0,1.5490000000000002,4.178,0.94,721826.0,False
300.0,f2209196093db16c0e1ccffc86fe7af3.param,0.0,0.0,0.0,46.321999999999996,1242281828.0,ad0a83db4a5deb5b40ab7a614e94c666,55010.0,1.0,0.0,6.125,15-46,37786.0,0.0,1203023.0,4158.0,4.541,20946.0,4158.0,-1.0,5108.0,0.0,531016.0,20588.0,1242281828.0,17.0,0.924,5.465,0.94,1223971.0,False
300.0,f2209196093db16c0e1ccffc86fe7af3.param,1.0,0.0,0.0,49.69300000000001,1242281828.0,ad0a83db4a5deb5b40ab7a614e94c666,55010.0,1.0,0.0,6.015,15-46,37786.0,0.0,1203023.0,4158.0,4.487,20946.0,4158.0,-1.0,5108.0,0.0,531016.0,20588.0,1242281828.0,17.0,0.887,5.374,0.94,1223971.0,False
300.0,f2209196093db16c0e1ccffc86fe7af3.param,2.0,0.0,0.0,46.115,1242281828.0,ad0a83db4a5deb5b40ab7a614e94c666,55010.0,1.0,0.0,5.96,15-46,37786.0,0.0,1203023.0,4158.0,4.473,20946.0,4158.0,-1.0,5108.0,0.0,531016.0,20588.0,1242281828.0,17.0,0.863,5.336,0.94,1223971.0,False
300.0,ba49f12ab41d4271c475e4948758589d.param,0.0,0.0,0.0,25.686,83966730.0,4a0b177bd119a2354757892b7881f753,145196.0,1.0,0.0,5.476,15-46,103994.0,0.0,594107.0,4144.0,2.218,10765.0,4144.0,-1.0,11101.0,0.0,523550.0,10474.0,83966730.0,17.0,2.915,5.132999999999999,0.63,604874.0,False
300.0,ba49f12ab41d4271c475e4948758589d.param,1.0,0.0,0.0,26.8,83966730.0,4a0b177bd119a2354757892b7881f753,145196.0,1.0,0.0,5.472,15-46,103994.0,0.0,594107.0,4144.0,2.178,10765.0,4144.0,-1.0,11101.0,0.0,523550.0,10474.0,83966730.0,17.0,2.9330000000000003,5.1110000000000015,0.63,604874.0,False
300.0,ba49f12ab41d4271c475e4948758589d.param,2.0,0.0,0.0,25.303,83966730.0,4a0b177bd119a2354757892b7881f753,145196.0,1.0,0.0,5.504,15-46,103994.0,0.0,594107.0,4144.0,2.251,10765.0,4144.0,-1.0,11101.0,0.0,523550.0,10474.0,83966730.0,17.0,2.918,5.169,0.63,604874.0,False
300.0,222abd76a7db47e3d5cbf580e108b101.param,0.0,0.0,0.0,53.356,1802391418.0,82f0ad5b00b76ce544e5ebc7d766216d,139590.0,1.0,0.0,8.067,15-46,95599.0,0.0,1337111.0,5721.0,5.135,20127.0,5721.0,-1.0,12639.0,0.0,926720.0,19756.0,1802391418.0,25.0,2.01,7.145,0.94,1357240.0,False
300.0,222abd76a7db47e3d5cbf580e108b101.param,1.0,0.0,0.0,54.174,1802391418.0,82f0ad5b00b76ce544e5ebc7d766216d,139590.0,1.0,0.0,7.7360000000000015,15-46,95599.0,0.0,1337111.0,5721.0,5.026,20127.0,5721.0,-1.0,12639.0,0.0,926720.0,19756.0,1802391418.0,25.0,1.99,7.016,0.94,1357240.0,False
300.0,222abd76a7db47e3d5cbf580e108b101.param,2.0,0.0,0.0,50.24800000000001,1802391418.0,82f0ad5b00b76ce544e5ebc7d766216d,139590.0,1.0,0.0,7.683,15-46,95599.0,0.0,1337111.0,5721.0,5.021,20127.0,5721.0,-1.0,12639.0,0.0,926720.0,19756.0,1802391418.0,25.0,1.9169999999999998,6.938,0.94,1357240.0,False
300.0,c1fde8776f334c859cdb281cb0bed488.param,0.0,0.0,0.0,13.565999999999999,506016928.0,559bc9d30fbc100470c6a51c49e309cf,621170.0,1.0,0.0,4.6080000000000005,15-46,598371.0,0.0,318146.0,4027.0,1.162,5764.0,4027.0,-1.0,10771.0,0.0,1403043.0,5481.0,506016928.0,16.0,3.242,4.404,0.63,323912.0,False
300.0,c1fde8776f334c859cdb281cb0bed488.param,1.0,0.0,0.0,13.854000000000001,506016928.0,559bc9d30fbc100470c6a51c49e309cf,621170.0,1.0,0.0,4.625,15-46,598371.0,0.0,318146.0,4027.0,1.177,5764.0,4027.0,-1.0,10771.0,0.0,1403043.0,5481.0,506016928.0,16.0,3.2489999999999997,4.426,0.63,323912.0,False
300.0,c1fde8776f334c859cdb281cb0bed488.param,2.0,0.0,0.0,14.069,506016928.0,559bc9d30fbc100470c6a51c49e309cf,621170.0,1.0,0.0,4.086,15-46,598371.0,0.0,318146.0,4027.0,1.136,5764.0,4027.0,-1.0,10771.0,0.0,1403043.0,5481.0,506016928.0,16.0,2.758,3.8939999999999997,0.63,323912.0,False
300.0,d0bc402d6d4e2f421314981899e705da.param,0.0,0.0,0.0,58.73,1057470620.0,70b9f5ab0f56a3aa613e421b273b3da7,719994.0,1.0,0.0,22.615,15-46,661506.0,0.0,1499337.0,6280.0,5.681,21351.0,6280.0,-1.0,16199.0,0.0,2650317.0,20936.0,1057470620.0,28.0,16.127,21.808000000000003,1.41,1520690.0,False
300.0,d0bc402d6d4e2f421314981899e705da.param,1.0,0.0,0.0,60.532,1057470620.0,70b9f5ab0f56a3aa613e421b273b3da7,719994.0,1.0,0.0,23.169,15-46,661506.0,0.0,1499337.0,6280.0,5.697,21351.0,6280.0,-1.0,16199.0,0.0,2650317.0,20936.0,1057470620.0,28.0,16.667,22.364,1.41,1520690.0,False
300.0,d0bc402d6d4e2f421314981899e705da.param,2.0,0.0,0.0,57.876999999999995,1057470620.0,70b9f5ab0f56a3aa613e421b273b3da7,719994.0,1.0,0.0,22.671999999999997,15-46,661506.0,0.0,1499337.0,6280.0,5.627999999999999,21351.0,6280.0,-1.0,16199.0,0.0,2650317.0,20936.0,1057470620.0,28.0,16.273,21.901,1.41,1520690.0,False
300.0,85b90a483e5d2ab64757532083d99628.param,0.0,0.0,0.0,64.307,1083416308.0,52af02f64fb868364c6f6d5767b8faf7,1056783.0,1.0,0.0,17.294,15-46,945339.0,0.0,1602602.0,9680.0,6.107,21897.0,9680.0,-1.0,29143.0,0.0,3060630.0,21497.0,1083416308.0,32.0,10.314,16.421,2.11,1624501.0,False
300.0,85b90a483e5d2ab64757532083d99628.param,1.0,0.0,0.0,60.911,1083416308.0,52af02f64fb868364c6f6d5767b8faf7,1056783.0,1.0,0.0,17.146,15-46,945339.0,0.0,1602602.0,9680.0,6.125,21897.0,9680.0,-1.0,29143.0,0.0,3060630.0,21497.0,1083416308.0,32.0,10.199,16.324,2.11,1624501.0,False
300.0,85b90a483e5d2ab64757532083d99628.param,2.0,0.0,0.0,64.476,1083416308.0,52af02f64fb868364c6f6d5767b8faf7,1056783.0,1.0,0.0,17.212,15-46,945339.0,0.0,1602602.0,9680.0,6.0520000000000005,21897.0,9680.0,-1.0,29143.0,0.0,3060630.0,21497.0,1083416308.0,32.0,10.287,16.339000000000002,2.11,1624501.0,False
300.0,867c000858982af2c7444466a304af04.param,0.0,0.0,0.0,49.257,1057470620.0,083ff13fe0a11f3af1f43c2df74aee43,443014.0,1.0,0.0,10.144,15-46,368609.0,0.0,1266141.0,4795.0,4.801,20924.0,4795.0,-1.0,16296.0,0.0,1438436.0,20511.0,1057470620.0,21.0,4.665,9.466000000000001,1.41,1287067.0,False
300.0,867c000858982af2c7444466a304af04.param,1.0,0.0,0.0,53.242,1057470620.0,083ff13fe0a11f3af1f43c2df74aee43,443014.0,1.0,0.0,9.908,15-46,368609.0,0.0,1266141.0,4795.0,4.7810000000000015,20924.0,4795.0,-1.0,16296.0,0.0,1438436.0,20511.0,1057470620.0,21.0,4.463,9.244,1.41,1287067.0,False
300.0,867c000858982af2c7444466a304af04.param,2.0,0.0,0.0,50.821999999999996,1057470620.0,083ff13fe0a11f3af1f43c2df74aee43,443014.0,1.0,0.0,10.182,15-46,368609.0,0.0,1266141.0,4795.0,4.784,20924.0,4795.0,-1.0,16296.0,0.0,1438436.0,20511.0,1057470620.0,21.0,4.697,9.481,1.41,1287067.0,False
300.0,fc2d899db36a3003ebbcd92cad9223b0.param,0.0,0.0,0.0,26.401,1923385776.0,05a2ebd59000e0656a523c3548041adb,474306.0,1.0,0.0,6.0310000000000015,15-46,394780.0,0.0,626913.0,6303.0,2.287,9231.0,6303.0,-1.0,15072.0,0.0,1238754.0,8918.0,1923385776.0,29.0,3.41,5.697,0.94,636146.0,False
300.0,fc2d899db36a3003ebbcd92cad9223b0.param,1.0,0.0,0.0,27.104,1923385776.0,05a2ebd59000e0656a523c3548041adb,474306.0,1.0,0.0,6.129,15-46,394780.0,0.0,626913.0,6303.0,2.3169999999999997,9231.0,6303.0,-1.0,15072.0,0.0,1238754.0,8918.0,1923385776.0,29.0,3.466,5.7829999999999995,0.94,636146.0,False
300.0,fc2d899db36a3003ebbcd92cad9223b0.param,2.0,0.0,0.0,25.392,1923385776.0,05a2ebd59000e0656a523c3548041adb,474306.0,1.0,0.0,6.315,15-46,394780.0,0.0,626913.0,6303.0,2.375,9231.0,6303.0,-1.0,15072.0,0.0,1238754.0,8918.0,1923385776.0,29.0,3.593,5.968,0.94,636146.0,False
300.0,f019c54ca541e1449e1424c6aa46d35e.param,0.0,0.0,0.0,5.266,95956545.0,0000a42c764a7b58e297d181fd0eef6f,372018.0,1.0,0.0,14.565999999999999,15-33,297834.0,0.0,113315.0,10169.0,0.401,1168.0,10169.0,-1.0,10183.0,0.0,1123724.0,1162.0,95956545.0,35.0,14.062999999999999,14.464,0.28,114485.0,False
300.0,f019c54ca541e1449e1424c6aa46d35e.param,1.0,0.0,0.0,5.5089999999999995,95956545.0,0000a42c764a7b58e297d181fd0eef6f,372018.0,1.0,0.0,14.651,15-33,297834.0,0.0,113315.0,10169.0,0.40299999999999997,1168.0,10169.0,-1.0,10183.0,0.0,1123724.0,1162.0,95956545.0,35.0,14.151,14.554,0.28,114485.0,False
300.0,f019c54ca541e1449e1424c6aa46d35e.param,2.0,0.0,0.0,5.351,95956545.0,0000a42c764a7b58e297d181fd0eef6f,372018.0,1.0,0.0,14.600999999999999,15-33,297834.0,0.0,113315.0,10169.0,0.4,1168.0,10169.0,-1.0,10183.0,0.0,1123724.0,1162.0,95956545.0,35.0,14.105,14.505,0.28,114485.0,False
300.0,a2bb37bd1970b7fe11a8b59cb1f3a6f3.param,0.0,0.0,0.0,37.22,1139903203.0,9053be6a700ef57722fc2e43f58c0b7f,193462.0,1.0,0.0,13.489,15-33,20581.0,0.0,887279.0,10380.0,3.352,8759.0,10380.0,-1.0,15192.0,0.0,1057199.0,11275.0,1139903203.0,37.0,9.691,13.043,0.42,896040.0,False
300.0,a2bb37bd1970b7fe11a8b59cb1f3a6f3.param,1.0,0.0,0.0,36.88800000000001,1139903203.0,9053be6a700ef57722fc2e43f58c0b7f,193462.0,1.0,0.0,13.452,15-33,20581.0,0.0,887279.0,10380.0,3.324,8759.0,10380.0,-1.0,15192.0,0.0,1057199.0,11275.0,1139903203.0,37.0,9.652999999999999,12.977,0.42,896040.0,False
300.0,a2bb37bd1970b7fe11a8b59cb1f3a6f3.param,2.0,0.0,0.0,35.604,1139903203.0,9053be6a700ef57722fc2e43f58c0b7f,193462.0,1.0,0.0,13.612,15-33,20581.0,0.0,887279.0,10380.0,3.373,8759.0,10380.0,-1.0,15192.0,0.0,1057199.0,11275.0,1139903203.0,37.0,9.772,13.145,0.42,896040.0,False
300.0,94211d2a9b412d1df1f93eb8fa322afa.param,0.0,0.0,0.0,12.392999999999999,270657042.0,1c933d09ee0bf70655d364bed51d3fe0,57312.0,1.0,0.0,3.806,15-33,9427.0,0.0,294608.0,6396.0,1.073,3301.0,6396.0,-1.0,8110.0,0.0,627653.0,4087.0,270657042.0,29.0,2.559,3.6319999999999997,0.28,297911.0,False
300.0,94211d2a9b412d1df1f93eb8fa322afa.param,1.0,0.0,0.0,12.402000000000001,270657042.0,1c933d09ee0bf70655d364bed51d3fe0,57312.0,1.0,0.0,3.927,15-33,9427.0,0.0,294608.0,6396.0,1.178,3301.0,6396.0,-1.0,8110.0,0.0,627653.0,4087.0,270657042.0,29.0,2.5780000000000003,3.7560000000000002,0.28,297911.0,False
300.0,94211d2a9b412d1df1f93eb8fa322afa.param,2.0,0.0,0.0,12.289000000000001,270657042.0,1c933d09ee0bf70655d364bed51d3fe0,57312.0,1.0,0.0,3.84,15-33,9427.0,0.0,294608.0,6396.0,1.084,3301.0,6396.0,-1.0,8110.0,0.0,627653.0,4087.0,270657042.0,29.0,2.574,3.658,0.28,297911.0,False
300.0,44fed91bbf02c3af539328e6662bf914.param,0.0,0.0,0.0,46.417,95956545.0,7d3bf9cc0a747e0bd7ec6028c19679c9,313062.0,1.0,0.0,11.142999999999999,15-46,226976.0,0.0,1178315.0,6239.0,4.45,17721.0,6239.0,-1.0,19549.0,0.0,1118654.0,17314.0,95956545.0,28.0,6.051,10.501,2.11,1196038.0,False
300.0,44fed91bbf02c3af539328e6662bf914.param,1.0,0.0,0.0,48.638999999999996,95956545.0,7d3bf9cc0a747e0bd7ec6028c19679c9,313062.0,1.0,0.0,11.004000000000001,15-46,226976.0,0.0,1178315.0,6239.0,4.382,17721.0,6239.0,-1.0,19549.0,0.0,1118654.0,17314.0,95956545.0,28.0,6.002999999999999,10.385,2.11,1196038.0,False
300.0,44fed91bbf02c3af539328e6662bf914.param,2.0,0.0,0.0,46.226000000000006,95956545.0,7d3bf9cc0a747e0bd7ec6028c19679c9,313062.0,1.0,0.0,11.177999999999999,15-46,226976.0,0.0,1178315.0,6239.0,4.453,17721.0,6239.0,-1.0,19549.0,0.0,1118654.0,17314.0,95956545.0,28.0,6.062,10.515,2.11,1196038.0,False
300.0,8b3ad6188dc92a4335827c8e01628c0f.param,0.0,0.0,0.0,33.039,182366586.0,d367dfd8469893f45f43a01bb37453e6,36971.0,1.0,0.0,3.9760000000000004,15-33,10141.0,0.0,799034.0,2313.0,2.971,10609.0,2313.0,-1.0,6936.0,0.0,400789.0,13753.0,182366586.0,13.0,0.5660000000000001,3.537,0.42,809645.0,False
300.0,8b3ad6188dc92a4335827c8e01628c0f.param,1.0,0.0,0.0,34.165,182366586.0,d367dfd8469893f45f43a01bb37453e6,36971.0,1.0,0.0,3.9760000000000004,15-33,10141.0,0.0,799034.0,2313.0,2.9760000000000004,10609.0,2313.0,-1.0,6936.0,0.0,400789.0,13753.0,182366586.0,13.0,0.565,3.5410000000000004,0.42,809645.0,False
300.0,8b3ad6188dc92a4335827c8e01628c0f.param,2.0,0.0,0.0,34.911,182366586.0,d367dfd8469893f45f43a01bb37453e6,36971.0,1.0,0.0,4.015,15-33,10141.0,0.0,799034.0,2313.0,2.991,10609.0,2313.0,-1.0,6936.0,0.0,400789.0,13753.0,182366586.0,13.0,0.569,3.56,0.42,809645.0,False
300.0,b24ff19d000a151b6659a6c65e6c35c6.param,0.0,0.0,0.0,37.055,590654055.0,28d9bc29cada838c7eaa082f3223533b,247128.0,1.0,0.0,10.189,15-33,134917.0,0.0,916457.0,10289.0,3.411,9413.0,10289.0,-1.0,22086.0,0.0,1041490.0,12098.0,590654055.0,36.0,6.29,9.701,0.63,925872.0,False
300.0,b24ff19d000a151b6659a6c65e6c35c6.param,1.0,0.0,0.0,38.226,590654055.0,28d9bc29cada838c7eaa082f3223533b,247128.0,1.0,0.0,10.295,15-33,134917.0,0.0,916457.0,10289.0,3.448,9413.0,10289.0,-1.0,22086.0,0.0,1041490.0,12098.0,590654055.0,36.0,6.307,9.755,0.63,925872.0,False
300.0,b24ff19d000a151b6659a6c65e6c35c6.param,2.0,0.0,0.0,37.356,590654055.0,28d9bc29cada838c7eaa082f3223533b,247128.0,1.0,0.0,10.243,15-33,134917.0,0.0,916457.0,10289.0,3.452,9413.0,10289.0,-1.0,22086.0,0.0,1041490.0,12098.0,590654055.0,36.0,6.294,9.746,0.63,925872.0,False
300.0,d52ad8a9dee13cb147c0b0d6d29d8a1a.param,0.0,0.0,0.0,15.963,1257636424.0,c4026d37680d74370fe100c420302d9d,52055.0,1.0,0.0,2.6069999999999998,15-33,28193.0,0.0,342344.0,4675.0,1.2570000000000001,3877.0,4675.0,-1.0,6733.0,0.0,453387.0,4807.0,1257636424.0,20.0,1.146,2.403,0.28,346223.0,False
300.0,d52ad8a9dee13cb147c0b0d6d29d8a1a.param,1.0,0.0,0.0,14.69,1257636424.0,c4026d37680d74370fe100c420302d9d,52055.0,1.0,0.0,2.675,15-33,28193.0,0.0,342344.0,4675.0,1.368,3877.0,4675.0,-1.0,6733.0,0.0,453387.0,4807.0,1257636424.0,20.0,1.105,2.4730000000000003,0.28,346223.0,False
300.0,d52ad8a9dee13cb147c0b0d6d29d8a1a.param,2.0,0.0,0.0,15.912,1257636424.0,c4026d37680d74370fe100c420302d9d,52055.0,1.0,0.0,2.484,15-33,28193.0,0.0,342344.0,4675.0,1.242,3877.0,4675.0,-1.0,6733.0,0.0,453387.0,4807.0,1257636424.0,20.0,1.043,2.285,0.28,346223.0,False
300.0,5fef6050cdd12ec4963b342a00b8769f.param,0.0,0.0,0.0,49.31399999999999,335975281.0,eb7a204a13cc65662cb80e41d6f2f0de,93998.0,1.0,0.0,9.642999999999999,15-33,12590.0,0.0,1263494.0,9601.0,4.74,13989.0,9601.0,-1.0,9523.0,0.0,1261088.0,18197.0,335975281.0,32.0,4.245,8.985,0.63,1277485.0,False
300.0,5fef6050cdd12ec4963b342a00b8769f.param,1.0,0.0,0.0,48.896,335975281.0,eb7a204a13cc65662cb80e41d6f2f0de,93998.0,1.0,0.0,9.92,15-33,12590.0,0.0,1263494.0,9601.0,4.856,13989.0,9601.0,-1.0,9523.0,0.0,1261088.0,18197.0,335975281.0,32.0,4.385,9.241,0.63,1277485.0,False
300.0,5fef6050cdd12ec4963b342a00b8769f.param,2.0,0.0,0.0,49.058,335975281.0,eb7a204a13cc65662cb80e41d6f2f0de,93998.0,1.0,0.0,10.261,15-33,12590.0,0.0,1263494.0,9601.0,4.846,13989.0,9601.0,-1.0,9523.0,0.0,1261088.0,18197.0,335975281.0,32.0,4.5,9.346,0.63,1277485.0,False
300.0,f77193d98d97a8df35aba3d3d50b907e.param,0.0,0.0,0.0,33.589,646920589.0,0fb741555f14da36469a4d1c10f9f7e9,111393.0,1.0,0.0,10.485999999999999,15-33,33374.0,0.0,801685.0,5747.0,2.972,9621.0,5747.0,-1.0,11844.0,0.0,1227713.0,12437.0,646920589.0,25.0,7.07,10.042,0.42,811308.0,False
300.0,f77193d98d97a8df35aba3d3d50b907e.param,1.0,0.0,0.0,35.098,646920589.0,0fb741555f14da36469a4d1c10f9f7e9,111393.0,1.0,0.0,10.484000000000002,15-33,33374.0,0.0,801685.0,5747.0,2.992,9621.0,5747.0,-1.0,11844.0,0.0,1227713.0,12437.0,646920589.0,25.0,7.047999999999999,10.04,0.42,811308.0,False
300.0,f77193d98d97a8df35aba3d3d50b907e.param,2.0,0.0,0.0,30.995,646920589.0,0fb741555f14da36469a4d1c10f9f7e9,111393.0,1.0,0.0,10.769,15-33,33374.0,0.0,801685.0,5747.0,3.322,9621.0,5747.0,-1.0,11844.0,0.0,1227713.0,12437.0,646920589.0,25.0,6.994,10.315999999999999,0.42,811308.0,False
300.0,b7c1926b06d5191f5f23b3654f7eea8a.param,0.0,0.0,0.0,28.215,1883039101.0,03a2e206c8091e41a24854e564efc3c2,46767.0,1.0,0.0,7.5020000000000024,15-33,11702.0,0.0,719501.0,4031.0,2.673,10683.0,4031.0,-1.0,6985.0,0.0,604000.0,13851.0,1883039101.0,16.0,4.442,7.115,0.42,730186.0,False
300.0,b7c1926b06d5191f5f23b3654f7eea8a.param,1.0,0.0,0.0,31.212,1883039101.0,03a2e206c8091e41a24854e564efc3c2,46767.0,1.0,0.0,7.675,15-33,11702.0,0.0,719501.0,4031.0,2.67,10683.0,4031.0,-1.0,6985.0,0.0,604000.0,13851.0,1883039101.0,16.0,4.6,7.27,0.42,730186.0,False
300.0,b7c1926b06d5191f5f23b3654f7eea8a.param,2.0,0.0,0.0,30.180999999999997,1883039101.0,03a2e206c8091e41a24854e564efc3c2,46767.0,1.0,0.0,7.8870000000000005,15-33,11702.0,0.0,719501.0,4031.0,2.6860000000000004,10683.0,4031.0,-1.0,6985.0,0.0,604000.0,13851.0,1883039101.0,16.0,4.777,7.462999999999999,0.42,730186.0,False
300.0,fece5a92f820b73659733b9639b82885.param,0.0,0.0,0.0,18.36,1242281828.0,f7850be6291f9b7916abb3fbd98650a0,582752.0,1.0,0.0,45.276,15-33,429050.0,0.0,393784.0,9768.0,1.442,4131.0,9768.0,-1.0,25887.0,0.0,1227384.0,5063.0,1242281828.0,33.0,43.607,45.049,0.94,397917.0,False
300.0,fece5a92f820b73659733b9639b82885.param,1.0,0.0,0.0,18.097,1242281828.0,f7850be6291f9b7916abb3fbd98650a0,582752.0,1.0,0.0,45.472,15-33,429050.0,0.0,393784.0,9768.0,1.454,4131.0,9768.0,-1.0,25887.0,0.0,1227384.0,5063.0,1242281828.0,33.0,43.706,45.16,0.94,397917.0,False
300.0,fece5a92f820b73659733b9639b82885.param,2.0,0.0,0.0,17.3,1242281828.0,f7850be6291f9b7916abb3fbd98650a0,582752.0,1.0,0.0,45.393,15-33,429050.0,0.0,393784.0,9768.0,1.456,4131.0,9768.0,-1.0,25887.0,0.0,1227384.0,5063.0,1242281828.0,33.0,43.687,45.143,0.94,397917.0,False
300.0,a41351309b1ab4b5310538c23b8dec0e.param,0.0,0.0,0.0,60.352,1234135464.0,82e47ab47c58e986d785485373a8ddcf,169456.0,1.0,0.0,31.639,15-33,45210.0,0.0,1533608.0,9773.0,5.978,16081.0,9773.0,-1.0,22720.0,0.0,1286416.0,20935.0,1234135464.0,33.0,24.555,30.533,2.11,1549691.0,False
300.0,a41351309b1ab4b5310538c23b8dec0e.param,1.0,0.0,0.0,62.856,1234135464.0,82e47ab47c58e986d785485373a8ddcf,169456.0,1.0,0.0,30.857,15-33,45210.0,0.0,1533608.0,9773.0,5.7860000000000005,16081.0,9773.0,-1.0,22720.0,0.0,1286416.0,20935.0,1234135464.0,33.0,24.281999999999996,30.068,2.11,1549691.0,False
300.0,a41351309b1ab4b5310538c23b8dec0e.param,2.0,0.0,0.0,59.87,1234135464.0,82e47ab47c58e986d785485373a8ddcf,169456.0,1.0,0.0,30.994,15-33,45210.0,0.0,1533608.0,9773.0,5.8370000000000015,16081.0,9773.0,-1.0,22720.0,0.0,1286416.0,20935.0,1234135464.0,33.0,24.351,30.188000000000002,2.11,1549691.0,False
300.0,f96e501784f98c21890b02a2712e89bd.param,0.0,0.0,0.0,45.099,590654055.0,864ec3188431c37809d3090cf48b8935,79442.0,1.0,0.0,7.7170000000000005,15-33,14108.0,0.0,1187441.0,6398.0,4.5760000000000005,13289.0,6398.0,-1.0,11671.0,0.0,850749.0,17260.0,590654055.0,29.0,2.506,7.0820000000000025,0.63,1200732.0,False
300.0,f96e501784f98c21890b02a2712e89bd.param,1.0,0.0,0.0,45.95399999999999,590654055.0,864ec3188431c37809d3090cf48b8935,79442.0,1.0,0.0,7.624,15-33,14108.0,0.0,1187441.0,6398.0,4.493,13289.0,6398.0,-1.0,11671.0,0.0,850749.0,17260.0,590654055.0,29.0,2.475,6.968,0.63,1200732.0,False
300.0,f96e501784f98c21890b02a2712e89bd.param,2.0,0.0,0.0,47.394,590654055.0,864ec3188431c37809d3090cf48b8935,79442.0,1.0,0.0,7.669,15-33,14108.0,0.0,1187441.0,6398.0,4.524,13289.0,6398.0,-1.0,11671.0,0.0,850749.0,17260.0,590654055.0,29.0,2.487,7.011,0.63,1200732.0,False
300.0,0faee3ca8e450721dd5b73cb48656439.param,0.0,0.0,0.0,97.51,221638566.0,5427ccf2da49e3e1dbc49a9c25059a03,140663.0,1.0,0.0,20.776,15-33,48621.0,0.0,2547418.0,10245.0,10.003,26427.0,10245.0,-1.0,17816.0,0.0,2293675.0,34611.0,221638566.0,36.0,9.067,19.07,0.94,2573847.0,False
300.0,0faee3ca8e450721dd5b73cb48656439.param,1.0,0.0,0.0,96.339,221638566.0,5427ccf2da49e3e1dbc49a9c25059a03,140663.0,1.0,0.0,18.925,15-33,48621.0,0.0,2547418.0,10245.0,9.828,26427.0,10245.0,-1.0,17816.0,0.0,2293675.0,34611.0,221638566.0,36.0,7.765,17.593,0.94,2573847.0,False
300.0,0faee3ca8e450721dd5b73cb48656439.param,2.0,0.0,0.0,105.06299999999999,221638566.0,5427ccf2da49e3e1dbc49a9c25059a03,140663.0,1.0,0.0,18.47,15-33,48621.0,0.0,2547418.0,10245.0,9.787,26427.0,10245.0,-1.0,17816.0,0.0,2293675.0,34611.0,221638566.0,36.0,7.455,17.242,0.94,2573847.0,False
300.0,573a8627b23c29141b9965518a1ea628.param,0.0,0.0,0.0,72.471,1057470620.0,28b514d7bed66364b97f6b8918a46d78,348915.0,1.0,0.0,18.18,15-33,187191.0,0.0,1834355.0,10244.0,7.081,19228.0,10244.0,-1.0,28141.0,0.0,1116417.0,25078.0,1057470620.0,36.0,10.125,17.206,0.94,1853585.0,False
300.0,573a8627b23c29141b9965518a1ea628.param,1.0,0.0,0.0,69.69800000000001,1057470620.0,28b514d7bed66364b97f6b8918a46d78,348915.0,1.0,0.0,18.160999999999998,15-33,187191.0,0.0,1834355.0,10244.0,7.059,19228.0,10244.0,-1.0,28141.0,0.0,1116417.0,25078.0,1057470620.0,36.0,10.146,17.205,0.94,1853585.0,False
300.0,573a8627b23c29141b9965518a1ea628.param,2.0,0.0,0.0,77.687,1057470620.0,28b514d7bed66364b97f6b8918a46d78,348915.0,1.0,0.0,18.201,15-33,187191.0,0.0,1834355.0,10244.0,7.129,19228.0,10244.0,-1.0,28141.0,0.0,1116417.0,25078.0,1057470620.0,36.0,10.127,17.256,0.94,1853585.0,False
300.0,3c59340fb353a585970ae15583e52dc2.param,0.0,0.0,0.0,61.278999999999996,1923385776.0,612f389ea5f07ed93549e1533978a5ce,56536.0,1.0,0.0,9.56,15-33,10731.0,0.0,1573791.0,9686.0,5.979,16865.0,9686.0,-1.0,11071.0,0.0,768792.0,21992.0,1923385776.0,32.0,2.7489999999999997,8.728,0.63,1590658.0,False
300.0,3c59340fb353a585970ae15583e52dc2.param,1.0,0.0,0.0,59.327,1923385776.0,612f389ea5f07ed93549e1533978a5ce,56536.0,1.0,0.0,9.581,15-33,10731.0,0.0,1573791.0,9686.0,6.017,16865.0,9686.0,-1.0,11071.0,0.0,768792.0,21992.0,1923385776.0,32.0,2.7289999999999996,8.746,0.63,1590658.0,False
300.0,3c59340fb353a585970ae15583e52dc2.param,2.0,0.0,0.0,64.743,1923385776.0,612f389ea5f07ed93549e1533978a5ce,56536.0,1.0,0.0,9.504,15-33,10731.0,0.0,1573791.0,9686.0,6.001,16865.0,9686.0,-1.0,11071.0,0.0,768792.0,21992.0,1923385776.0,32.0,2.6860000000000004,8.687000000000001,0.63,1590658.0,False
300.0,9feb6f2064b86f090bb3887f069a4d0d.param,0.0,0.0,0.0,66.66,1918631718.0,c1d88e6ea5d9c51c2bf8b69c9022b6e8,387347.0,1.0,0.0,52.153,15-33,178162.0,0.0,1620392.0,10236.0,6.188,15827.0,10236.0,-1.0,25432.0,0.0,2232689.0,20571.0,1918631718.0,36.0,45.137,51.325,0.94,1636221.0,False
300.0,9feb6f2064b86f090bb3887f069a4d0d.param,1.0,0.0,0.0,66.36399999999999,1918631718.0,c1d88e6ea5d9c51c2bf8b69c9022b6e8,387347.0,1.0,0.0,52.44600000000001,15-33,178162.0,0.0,1620392.0,10236.0,6.171,15827.0,10236.0,-1.0,25432.0,0.0,2232689.0,20571.0,1918631718.0,36.0,45.41,51.581,0.94,1636221.0,False
300.0,9feb6f2064b86f090bb3887f069a4d0d.param,2.0,0.0,0.0,66.555,1918631718.0,c1d88e6ea5d9c51c2bf8b69c9022b6e8,387347.0,1.0,0.0,52.563,15-33,178162.0,0.0,1620392.0,10236.0,6.229,15827.0,10236.0,-1.0,25432.0,0.0,2232689.0,20571.0,1918631718.0,36.0,45.468,51.696999999999996,0.94,1636221.0,False
300.0,be934c0585611c7f00126ccfde3651ad.param,0.0,0.0,0.0,59.652,590654055.0,f2309435d57f5db481af5f0992aee32a,143276.0,1.0,0.0,13.254000000000001,15-33,38422.0,0.0,1527434.0,10287.0,5.835,15523.0,10287.0,-1.0,21792.0,0.0,1808773.0,20161.0,590654055.0,36.0,6.641,12.475999999999999,0.63,1542959.0,False
300.0,be934c0585611c7f00126ccfde3651ad.param,1.0,0.0,0.0,58.468,590654055.0,f2309435d57f5db481af5f0992aee32a,143276.0,1.0,0.0,13.344000000000001,15-33,38422.0,0.0,1527434.0,10287.0,5.7570000000000014,15523.0,10287.0,-1.0,21792.0,0.0,1808773.0,20161.0,590654055.0,36.0,6.7860000000000005,12.543,0.63,1542959.0,False
300.0,be934c0585611c7f00126ccfde3651ad.param,2.0,0.0,0.0,62.858999999999995,590654055.0,f2309435d57f5db481af5f0992aee32a,143276.0,1.0,0.0,13.31,15-33,38422.0,0.0,1527434.0,10287.0,5.789,15523.0,10287.0,-1.0,21792.0,0.0,1808773.0,20161.0,590654055.0,36.0,6.71,12.499,0.63,1542959.0,False
300.0,f8df5f5150968e8beed02c87bc2ab666.param,0.0,0.0,0.0,55.827,1258716603.0,ca868ff88d57869ff21b607cd6b66219,66673.0,1.0,0.0,9.232999999999999,15-33,22097.0,0.0,1407336.0,6351.0,5.28,15935.0,6351.0,-1.0,10750.0,0.0,1312340.0,20767.0,1258716603.0,29.0,3.2039999999999997,8.484,0.94,1423273.0,False
300.0,f8df5f5150968e8beed02c87bc2ab666.param,1.0,0.0,0.0,55.711999999999996,1258716603.0,ca868ff88d57869ff21b607cd6b66219,66673.0,1.0,0.0,9.455,15-33,22097.0,0.0,1407336.0,6351.0,5.3260000000000005,15935.0,6351.0,-1.0,10750.0,0.0,1312340.0,20767.0,1258716603.0,29.0,3.372,8.698,0.94,1423273.0,False
300.0,f8df5f5150968e8beed02c87bc2ab666.param,2.0,0.0,0.0,52.553999999999995,1258716603.0,ca868ff88d57869ff21b607cd6b66219,66673.0,1.0,0.0,9.519,15-33,22097.0,0.0,1407336.0,6351.0,5.4479999999999995,15935.0,6351.0,-1.0,10750.0,0.0,1312340.0,20767.0,1258716603.0,29.0,3.33,8.777999999999999,0.94,1423273.0,False
300.0,3202e56149cbd27d0de3bdbd879f81e3.param,0.0,0.0,0.0,14.376,83966730.0,85ae070e1391f0902f7263d574d7d851,39052.0,1.0,0.0,2.781,15-33,8172.0,0.0,314632.0,5708.0,1.167,3825.0,5708.0,-1.0,5300.0,0.0,640030.0,4807.0,83966730.0,25.0,1.413,2.58,0.19,318459.0,False
300.0,3202e56149cbd27d0de3bdbd879f81e3.param,1.0,0.0,0.0,14.492,83966730.0,85ae070e1391f0902f7263d574d7d851,39052.0,1.0,0.0,2.781,15-33,8172.0,0.0,314632.0,5708.0,1.166,3825.0,5708.0,-1.0,5300.0,0.0,640030.0,4807.0,83966730.0,25.0,1.419,2.585,0.19,318459.0,False
300.0,3202e56149cbd27d0de3bdbd879f81e3.param,2.0,0.0,0.0,13.849,83966730.0,85ae070e1391f0902f7263d574d7d851,39052.0,1.0,0.0,2.888,15-33,8172.0,0.0,314632.0,5708.0,1.207,3825.0,5708.0,-1.0,5300.0,0.0,640030.0,4807.0,83966730.0,25.0,1.483,2.69,0.19,318459.0,False
300.0,ebfb38d0b486754d6704faf1ad393db8.param,0.0,0.0,0.0,24.339000000000002,1234135464.0,6d943fef076ebd5b8cd87ebcc0cc5bff,119872.0,1.0,0.0,5.7810000000000015,15-33,38927.0,0.0,532883.0,9600.0,1.976,5713.0,9600.0,-1.0,9385.0,0.0,517961.0,7273.0,1234135464.0,32.0,3.502,5.478,0.28,538598.0,False
300.0,ebfb38d0b486754d6704faf1ad393db8.param,1.0,0.0,0.0,23.551,1234135464.0,6d943fef076ebd5b8cd87ebcc0cc5bff,119872.0,1.0,0.0,5.818,15-33,38927.0,0.0,532883.0,9600.0,1.9980000000000002,5713.0,9600.0,-1.0,9385.0,0.0,517961.0,7273.0,1234135464.0,32.0,3.512,5.51,0.28,538598.0,False
300.0,ebfb38d0b486754d6704faf1ad393db8.param,2.0,0.0,0.0,23.913,1234135464.0,6d943fef076ebd5b8cd87ebcc0cc5bff,119872.0,1.0,0.0,5.733,15-33,38927.0,0.0,532883.0,9600.0,1.972,5713.0,9600.0,-1.0,9385.0,0.0,517961.0,7273.0,1234135464.0,32.0,3.4739999999999998,5.4460000000000015,0.28,538598.0,False
300.0,411eb8af67a987b6d330a3f7c487347c.param,0.0,0.0,0.0,15.032,1083416308.0,95d0675c31495a373821ca7a1af92af2,26943.0,1.0,0.0,2.1590000000000003,15-33,5316.0,0.0,325955.0,4732.0,1.204,4217.0,4732.0,-1.0,3542.0,0.0,433808.0,5317.0,1083416308.0,21.0,0.738,1.942,0.19,330174.0,False
300.0,411eb8af67a987b6d330a3f7c487347c.param,1.0,0.0,0.0,14.497,1083416308.0,95d0675c31495a373821ca7a1af92af2,26943.0,1.0,0.0,2.109,15-33,5316.0,0.0,325955.0,4732.0,1.193,4217.0,4732.0,-1.0,3542.0,0.0,433808.0,5317.0,1083416308.0,21.0,0.71,1.903,0.19,330174.0,False
300.0,411eb8af67a987b6d330a3f7c487347c.param,2.0,0.0,0.0,15.015999999999998,1083416308.0,95d0675c31495a373821ca7a1af92af2,26943.0,1.0,0.0,2.09,15-33,5316.0,0.0,325955.0,4732.0,1.178,4217.0,4732.0,-1.0,3542.0,0.0,433808.0,5317.0,1083416308.0,21.0,0.7140000000000001,1.892,0.19,330174.0,False
300.0,9847d0c027bbaccb1847a48fd98a95ac.param,0.0,0.0,0.0,25.11,1405409883.0,dce36a4630b3d271ada43cbd6e4f7365,110656.0,1.0,0.0,5.41,15-33,44763.0,0.0,528740.0,9741.0,1.953,5491.0,9741.0,-1.0,11696.0,0.0,1148343.0,6955.0,1405409883.0,33.0,3.158,5.1110000000000015,0.42,534233.0,False
300.0,9847d0c027bbaccb1847a48fd98a95ac.param,1.0,0.0,0.0,22.969,1405409883.0,dce36a4630b3d271ada43cbd6e4f7365,110656.0,1.0,0.0,5.374,15-33,44763.0,0.0,528740.0,9741.0,1.9509999999999998,5491.0,9741.0,-1.0,11696.0,0.0,1148343.0,6955.0,1405409883.0,33.0,3.117,5.0680000000000005,0.42,534233.0,False
300.0,9847d0c027bbaccb1847a48fd98a95ac.param,2.0,0.0,0.0,22.488000000000003,1405409883.0,dce36a4630b3d271ada43cbd6e4f7365,110656.0,1.0,0.0,5.466,15-33,44763.0,0.0,528740.0,9741.0,1.974,5491.0,9741.0,-1.0,11696.0,0.0,1148343.0,6955.0,1405409883.0,33.0,3.188,5.162000000000001,0.42,534233.0,False
300.0,ff29c8f9c07b239fedaec27dbf4ce49d.param,0.0,0.0,0.0,30.706999999999997,34754393.0,167eda41d56512e6febea9a5516d4f0c,203898.0,1.0,0.0,25.544,15-33,80467.0,0.0,720941.0,9643.0,2.716,7721.0,9643.0,-1.0,20389.0,0.0,917057.0,9840.0,34754393.0,32.0,22.389,25.105,0.63,728664.0,False
300.0,ff29c8f9c07b239fedaec27dbf4ce49d.param,1.0,0.0,0.0,31.291,34754393.0,167eda41d56512e6febea9a5516d4f0c,203898.0,1.0,0.0,25.721,15-33,80467.0,0.0,720941.0,9643.0,2.7110000000000003,7721.0,9643.0,-1.0,20389.0,0.0,917057.0,9840.0,34754393.0,32.0,22.570999999999998,25.281999999999996,0.63,728664.0,False
300.0,ff29c8f9c07b239fedaec27dbf4ce49d.param,2.0,0.0,0.0,31.69,34754393.0,167eda41d56512e6febea9a5516d4f0c,203898.0,1.0,0.0,25.673000000000002,15-33,80467.0,0.0,720941.0,9643.0,2.718,7721.0,9643.0,-1.0,20389.0,0.0,917057.0,9840.0,34754393.0,32.0,22.561999999999998,25.28,0.63,728664.0,False
300.0,f48c0154c055dd2d9e427d94e5cc96fd.param,0.0,0.0,0.0,51.027,1098776393.0,0d057629d9d522d02ce43353cec1066f,310462.0,1.0,0.0,25.813000000000002,15-33,148890.0,0.0,1254267.0,11270.0,4.726,12260.0,11270.0,-1.0,22923.0,0.0,1829684.0,15902.0,1098776393.0,40.0,20.407,25.13300000000001,0.63,1266529.0,False
300.0,f48c0154c055dd2d9e427d94e5cc96fd.param,1.0,0.0,0.0,48.653999999999996,1098776393.0,0d057629d9d522d02ce43353cec1066f,310462.0,1.0,0.0,26.873,15-33,148890.0,0.0,1254267.0,11270.0,4.981,12260.0,11270.0,-1.0,22923.0,0.0,1829684.0,15902.0,1098776393.0,40.0,20.979,25.96,0.63,1266529.0,False
300.0,f48c0154c055dd2d9e427d94e5cc96fd.param,2.0,0.0,0.0,49.678000000000004,1098776393.0,0d057629d9d522d02ce43353cec1066f,310462.0,1.0,0.0,26.164,15-33,148890.0,0.0,1254267.0,11270.0,4.761,12260.0,11270.0,-1.0,22923.0,0.0,1829684.0,15902.0,1098776393.0,40.0,20.717,25.478,0.63,1266529.0,False
300.0,964d1ae550e8b1567ec8e3803e14c5da.param,0.0,0.0,0.0,37.625,693280077.0,453b29555c80dfa795174790f12b3d15,55317.0,1.0,0.0,6.382999999999999,15-33,14284.0,0.0,866579.0,4118.0,3.2969999999999997,12481.0,4118.0,-1.0,8675.0,0.0,660444.0,16183.0,693280077.0,17.0,2.602,5.899,0.63,879062.0,False
300.0,964d1ae550e8b1567ec8e3803e14c5da.param,1.0,0.0,0.0,37.42,693280077.0,453b29555c80dfa795174790f12b3d15,55317.0,1.0,0.0,6.252999999999999,15-33,14284.0,0.0,866579.0,4118.0,3.252,12481.0,4118.0,-1.0,8675.0,0.0,660444.0,16183.0,693280077.0,17.0,2.51,5.7620000000000005,0.63,879062.0,False
300.0,964d1ae550e8b1567ec8e3803e14c5da.param,2.0,0.0,0.0,34.137,693280077.0,453b29555c80dfa795174790f12b3d15,55317.0,1.0,0.0,6.313,15-33,14284.0,0.0,866579.0,4118.0,3.2489999999999997,12481.0,4118.0,-1.0,8675.0,0.0,660444.0,16183.0,693280077.0,17.0,2.5660000000000003,5.815,0.63,879062.0,False
300.0,a1d4e09d3abf0a4eca987babbe1df4ca.param,0.0,0.0,0.0,4.898,1571287961.0,cb89dcea2c2225b4ffc75f83b5c2ec5a,93412.0,1.0,0.0,3.5660000000000003,15-33,43196.0,0.0,104165.0,6345.0,0.446,1042.0,6345.0,-1.0,8595.0,0.0,704901.0,1036.0,1571287961.0,29.0,3.013,3.4589999999999996,0.28,105209.0,False
300.0,a1d4e09d3abf0a4eca987babbe1df4ca.param,1.0,0.0,0.0,4.726,1571287961.0,cb89dcea2c2225b4ffc75f83b5c2ec5a,93412.0,1.0,0.0,3.372,15-33,43196.0,0.0,104165.0,6345.0,0.36200000000000004,1042.0,6345.0,-1.0,8595.0,0.0,704901.0,1036.0,1571287961.0,29.0,2.9219999999999997,3.284,0.28,105209.0,False
300.0,a1d4e09d3abf0a4eca987babbe1df4ca.param,2.0,0.0,0.0,4.864,1571287961.0,cb89dcea2c2225b4ffc75f83b5c2ec5a,93412.0,1.0,0.0,3.455,15-33,43196.0,0.0,104165.0,6345.0,0.41100000000000003,1042.0,6345.0,-1.0,8595.0,0.0,704901.0,1036.0,1571287961.0,29.0,2.9530000000000003,3.364,0.28,105209.0,False
300.0,813211425de754d47420bda81be7c3af.param,0.0,0.0,0.0,29.29300000000001,2028359165.0,7ac69ce5902c9dcc2247424df1be90ba,82353.0,1.0,0.0,6.715,15-33,28062.0,0.0,645362.0,5714.0,2.451,7841.0,5714.0,-1.0,9648.0,0.0,773110.0,10097.0,2028359165.0,25.0,3.907,6.358,0.42,653205.0,False
300.0,813211425de754d47420bda81be7c3af.param,1.0,0.0,0.0,25.76,2028359165.0,7ac69ce5902c9dcc2247424df1be90ba,82353.0,1.0,0.0,6.632999999999999,15-33,28062.0,0.0,645362.0,5714.0,2.405,7841.0,5714.0,-1.0,9648.0,0.0,773110.0,10097.0,2028359165.0,25.0,3.8510000000000004,6.256,0.42,653205.0,False
300.0,813211425de754d47420bda81be7c3af.param,2.0,0.0,0.0,27.815,2028359165.0,7ac69ce5902c9dcc2247424df1be90ba,82353.0,1.0,0.0,6.72,15-33,28062.0,0.0,645362.0,5714.0,2.47,7841.0,5714.0,-1.0,9648.0,0.0,773110.0,10097.0,2028359165.0,25.0,3.865,6.335,0.42,653205.0,False
300.0,c561707c3f0ff054acd49c4f7f7f9eae.param,0.0,0.0,0.0,75.473,590654055.0,0c9346ed3ba0cd36d76e0971dd79668a,262743.0,1.0,0.0,26.128,15-33,129515.0,0.0,1850075.0,10210.0,7.11,18616.0,10210.0,-1.0,19384.0,0.0,1247314.0,24274.0,590654055.0,36.0,18.008,25.118000000000002,0.94,1868693.0,False
300.0,c561707c3f0ff054acd49c4f7f7f9eae.param,1.0,0.0,0.0,75.85,590654055.0,0c9346ed3ba0cd36d76e0971dd79668a,262743.0,1.0,0.0,26.276,15-33,129515.0,0.0,1850075.0,10210.0,7.16,18616.0,10210.0,-1.0,19384.0,0.0,1247314.0,24274.0,590654055.0,36.0,18.124000000000002,25.284000000000002,0.94,1868693.0,False
300.0,c561707c3f0ff054acd49c4f7f7f9eae.param,2.0,0.0,0.0,72.22399999999998,590654055.0,0c9346ed3ba0cd36d76e0971dd79668a,262743.0,1.0,0.0,26.401,15-33,129515.0,0.0,1850075.0,10210.0,7.191,18616.0,10210.0,-1.0,19384.0,0.0,1247314.0,24274.0,590654055.0,36.0,18.195,25.386,0.94,1868693.0,False
300.0,1ec21c7d8e15d35901cd608efade836b.param,0.0,0.0,0.0,8.657,1802391418.0,20bad03f9b43f68dd5ea2f9f7743ffd9,85057.0,1.0,0.0,3.735,15-33,21862.0,0.0,189269.0,10200.0,0.677,1989.0,10200.0,-1.0,7854.0,0.0,1352439.0,2347.0,1802391418.0,36.0,2.9160000000000004,3.593,0.28,191260.0,False
300.0,1ec21c7d8e15d35901cd608efade836b.param,1.0,0.0,0.0,8.49,1802391418.0,20bad03f9b43f68dd5ea2f9f7743ffd9,85057.0,1.0,0.0,3.737,15-33,21862.0,0.0,189269.0,10200.0,0.735,1989.0,10200.0,-1.0,7854.0,0.0,1352439.0,2347.0,1802391418.0,36.0,2.873,3.608,0.28,191260.0,False
300.0,1ec21c7d8e15d35901cd608efade836b.param,2.0,0.0,0.0,8.25,1802391418.0,20bad03f9b43f68dd5ea2f9f7743ffd9,85057.0,1.0,0.0,3.762,15-33,21862.0,0.0,189269.0,10200.0,0.6859999999999999,1989.0,10200.0,-1.0,7854.0,0.0,1352439.0,2347.0,1802391418.0,36.0,2.937,3.623,0.28,191260.0,False
300.0,82716a7451af0bb025940cb2be8712d2.param,0.0,0.0,0.0,14.994000000000002,1802391418.0,4d5430e5cd185b0719f50ab668c8ecd0,39826.0,1.0,0.0,2.356,15-33,10732.0,0.0,314741.0,5637.0,1.1420000000000001,3873.0,5637.0,-1.0,5987.0,0.0,475027.0,4868.0,1802391418.0,24.0,1.011,2.153,0.19,318616.0,False
300.0,82716a7451af0bb025940cb2be8712d2.param,1.0,0.0,0.0,14.109000000000002,1802391418.0,4d5430e5cd185b0719f50ab668c8ecd0,39826.0,1.0,0.0,2.557,15-33,10732.0,0.0,314741.0,5637.0,1.2109999999999999,3873.0,5637.0,-1.0,5987.0,0.0,475027.0,4868.0,1802391418.0,24.0,1.091,2.302,0.19,318616.0,False
300.0,82716a7451af0bb025940cb2be8712d2.param,2.0,0.0,0.0,13.823,1802391418.0,4d5430e5cd185b0719f50ab668c8ecd0,39826.0,1.0,0.0,2.362,15-33,10732.0,0.0,314741.0,5637.0,1.166,3873.0,5637.0,-1.0,5987.0,0.0,475027.0,4868.0,1802391418.0,24.0,0.986,2.1519999999999997,0.19,318616.0,False
300.0,2389afb57cc1c7542bfddc76320706af.param,0.0,0.0,0.0,37.169000000000004,1405409883.0,b2ffe42feb55c9f837e4d1e27cc1d347,82341.0,1.0,0.0,10.765,15-33,22959.0,0.0,929987.0,4114.0,3.533,13217.0,4114.0,-1.0,10113.0,0.0,1174422.0,17186.0,1405409883.0,17.0,6.704,10.237,0.63,943206.0,False
300.0,2389afb57cc1c7542bfddc76320706af.param,1.0,0.0,0.0,36.545,1405409883.0,b2ffe42feb55c9f837e4d1e27cc1d347,82341.0,1.0,0.0,10.720999999999998,15-33,22959.0,0.0,929987.0,4114.0,3.64,13217.0,4114.0,-1.0,10113.0,0.0,1174422.0,17186.0,1405409883.0,17.0,6.5089999999999995,10.149,0.63,943206.0,False
300.0,2389afb57cc1c7542bfddc76320706af.param,2.0,0.0,0.0,38.038000000000004,1405409883.0,b2ffe42feb55c9f837e4d1e27cc1d347,82341.0,1.0,0.0,10.978,15-33,22959.0,0.0,929987.0,4114.0,3.55,13217.0,4114.0,-1.0,10113.0,0.0,1174422.0,17186.0,1405409883.0,17.0,6.78,10.33,0.63,943206.0,False
300.0,400673ca8ff3edef3535b5791da29758.param,0.0,0.0,0.0,28.285,1139903203.0,220ea24c93a1bb4e774abf5618be4f7f,43887.0,1.0,0.0,4.751,15-33,11505.0,0.0,701508.0,4665.0,2.7769999999999997,9311.0,4665.0,-1.0,6076.0,0.0,533216.0,12035.0,1139903203.0,20.0,1.4380000000000002,4.215,0.42,710821.0,False
300.0,400673ca8ff3edef3535b5791da29758.param,1.0,0.0,0.0,29.42,1139903203.0,220ea24c93a1bb4e774abf5618be4f7f,43887.0,1.0,0.0,4.393,15-33,11505.0,0.0,701508.0,4665.0,2.6639999999999997,9311.0,4665.0,-1.0,6076.0,0.0,533216.0,12035.0,1139903203.0,20.0,1.319,3.983,0.42,710821.0,False
300.0,400673ca8ff3edef3535b5791da29758.param,2.0,0.0,0.0,28.816,1139903203.0,220ea24c93a1bb4e774abf5618be4f7f,43887.0,1.0,0.0,4.385,15-33,11505.0,0.0,701508.0,4665.0,2.636,9311.0,4665.0,-1.0,6076.0,0.0,533216.0,12035.0,1139903203.0,20.0,1.331,3.967,0.42,710821.0,False
300.0,9038037b7d7e09779716658ee51f043a.param,0.0,0.0,0.0,37.536,1470727592.0,ba3810f3944540b532369005ead6371d,64892.0,1.0,0.0,21.805,15-33,21613.0,0.0,887111.0,4633.0,3.365,12097.0,4633.0,-1.0,8284.0,0.0,3764463.0,15712.0,1470727592.0,20.0,17.784000000000006,21.149,0.63,899210.0,False
300.0,9038037b7d7e09779716658ee51f043a.param,1.0,0.0,0.0,36.67,1470727592.0,ba3810f3944540b532369005ead6371d,64892.0,1.0,0.0,19.83,15-33,21613.0,0.0,887111.0,4633.0,3.395,12097.0,4633.0,-1.0,8284.0,0.0,3764463.0,15712.0,1470727592.0,20.0,15.932,19.327,0.63,899210.0,False
300.0,9038037b7d7e09779716658ee51f043a.param,2.0,0.0,0.0,35.510999999999996,1470727592.0,ba3810f3944540b532369005ead6371d,64892.0,1.0,0.0,20.042,15-33,21613.0,0.0,887111.0,4633.0,3.412,12097.0,4633.0,-1.0,8284.0,0.0,3764463.0,15712.0,1470727592.0,20.0,16.128,19.54,0.63,899210.0,False
300.0,8e69ece5afd42db3ce1e7ed475eaaf08.param,0.0,0.0,0.0,32.211999999999996,1979567522.0,0ad409d766f8d4539730dfdda321395d,82963.0,1.0,0.0,11.061,15-33,17976.0,0.0,830183.0,4640.0,3.1189999999999998,11311.0,4640.0,-1.0,10807.0,0.0,1017511.0,14653.0,1979567522.0,20.0,7.47,10.589,0.42,841496.0,False
300.0,8e69ece5afd42db3ce1e7ed475eaaf08.param,1.0,0.0,0.0,33.585,1979567522.0,0ad409d766f8d4539730dfdda321395d,82963.0,1.0,0.0,11.059000000000001,15-33,17976.0,0.0,830183.0,4640.0,3.1430000000000002,11311.0,4640.0,-1.0,10807.0,0.0,1017511.0,14653.0,1979567522.0,20.0,7.4570000000000025,10.6,0.42,841496.0,False
300.0,8e69ece5afd42db3ce1e7ed475eaaf08.param,2.0,0.0,0.0,35.617,1979567522.0,0ad409d766f8d4539730dfdda321395d,82963.0,1.0,0.0,11.205,15-33,17976.0,0.0,830183.0,4640.0,3.157,11311.0,4640.0,-1.0,10807.0,0.0,1017511.0,14653.0,1979567522.0,20.0,7.5820000000000025,10.739,0.42,841496.0,False
300.0,5c79d1d9a7223b0aa7f24b9abb13ee2f.param,0.0,0.0,0.0,72.655,1923385776.0,c786bb3a8cae7dff5fceaf2b638a5456,288129.0,1.0,0.0,24.766,15-33,127246.0,0.0,1816296.0,6387.0,7.063,19671.0,6387.0,-1.0,20143.0,0.0,1996978.0,25695.0,1923385776.0,29.0,16.764,23.826999999999998,0.94,1835969.0,False
300.0,5c79d1d9a7223b0aa7f24b9abb13ee2f.param,1.0,0.0,0.0,69.617,1923385776.0,c786bb3a8cae7dff5fceaf2b638a5456,288129.0,1.0,0.0,25.171,15-33,127246.0,0.0,1816296.0,6387.0,7.0920000000000005,19671.0,6387.0,-1.0,20143.0,0.0,1996978.0,25695.0,1923385776.0,29.0,17.128,24.22,0.94,1835969.0,False
300.0,5c79d1d9a7223b0aa7f24b9abb13ee2f.param,2.0,0.0,0.0,70.899,1923385776.0,c786bb3a8cae7dff5fceaf2b638a5456,288129.0,1.0,0.0,24.730999999999998,15-33,127246.0,0.0,1816296.0,6387.0,7.101,19671.0,6387.0,-1.0,20143.0,0.0,1996978.0,25695.0,1923385776.0,29.0,16.685,23.785999999999998,0.94,1835969.0,False
300.0,589bbf864478462408d49f56b3acebc9.param,0.0,0.0,0.0,48.117,182366586.0,edcab792af763791a0bae02d7add616f,99374.0,1.0,0.0,11.98,15-33,35145.0,0.0,1240286.0,6279.0,4.752,14203.0,6279.0,-1.0,11433.0,0.0,1674109.0,18481.0,182366586.0,28.0,6.518,11.27,0.63,1254491.0,False
300.0,589bbf864478462408d49f56b3acebc9.param,1.0,0.0,0.0,51.452,182366586.0,edcab792af763791a0bae02d7add616f,99374.0,1.0,0.0,11.827,15-33,35145.0,0.0,1240286.0,6279.0,4.841,14203.0,6279.0,-1.0,11433.0,0.0,1674109.0,18481.0,182366586.0,28.0,6.309,11.15,0.63,1254491.0,False
300.0,589bbf864478462408d49f56b3acebc9.param,2.0,0.0,0.0,52.928000000000004,182366586.0,edcab792af763791a0bae02d7add616f,99374.0,1.0,0.0,11.684000000000001,15-33,35145.0,0.0,1240286.0,6279.0,4.651,14203.0,6279.0,-1.0,11433.0,0.0,1674109.0,18481.0,182366586.0,28.0,6.309,10.96,0.63,1254491.0,False
300.0,356667c28689cc2615ddddc6ad11e53e.param,0.0,0.0,0.0,80.19,693280077.0,6cc07b6a21374bc03369c4d20cc196bf,376369.0,1.0,0.0,25.651999999999997,15-33,211380.0,0.0,1949640.0,6317.0,7.534,21561.0,6317.0,-1.0,26313.0,0.0,2414987.0,28159.0,693280077.0,29.0,16.782,24.316,0.94,1971203.0,False
300.0,356667c28689cc2615ddddc6ad11e53e.param,1.0,0.0,0.0,78.81,693280077.0,6cc07b6a21374bc03369c4d20cc196bf,376369.0,1.0,0.0,24.829,15-33,211380.0,0.0,1949640.0,6317.0,7.636,21561.0,6317.0,-1.0,26313.0,0.0,2414987.0,28159.0,693280077.0,29.0,16.133,23.769000000000002,0.94,1971203.0,False
300.0,356667c28689cc2615ddddc6ad11e53e.param,2.0,0.0,0.0,76.125,693280077.0,6cc07b6a21374bc03369c4d20cc196bf,376369.0,1.0,0.0,26.16,15-33,211380.0,0.0,1949640.0,6317.0,7.51,21561.0,6317.0,-1.0,26313.0,0.0,2414987.0,28159.0,693280077.0,29.0,17.26,24.77,0.94,1971203.0,False
300.0,911e1a0f8b4680f2864fa59b12973cad.param,0.0,0.0,0.0,41.82,1145031130.0,73c1d17e8c9d6ca066e3f87c857bdc97,74627.0,1.0,0.0,11.33,15-33,30156.0,0.0,989640.0,4145.0,3.7569999999999997,14043.0,4145.0,-1.0,11669.0,0.0,2490671.0,18191.0,1145031130.0,17.0,7.005,10.762,0.63,1003685.0,False
300.0,911e1a0f8b4680f2864fa59b12973cad.param,1.0,0.0,0.0,41.75,1145031130.0,73c1d17e8c9d6ca066e3f87c857bdc97,74627.0,1.0,0.0,11.529000000000002,15-33,30156.0,0.0,989640.0,4145.0,3.7889999999999997,14043.0,4145.0,-1.0,11669.0,0.0,2490671.0,18191.0,1145031130.0,17.0,7.19,10.979000000000001,0.63,1003685.0,False
300.0,911e1a0f8b4680f2864fa59b12973cad.param,2.0,0.0,0.0,39.431,1145031130.0,73c1d17e8c9d6ca066e3f87c857bdc97,74627.0,1.0,0.0,10.52,15-33,30156.0,0.0,989640.0,4145.0,3.807,14043.0,4145.0,-1.0,11669.0,0.0,2490671.0,18191.0,1145031130.0,17.0,6.17,9.977,0.63,1003685.0,False
300.0,6074526f967671a9c7cc808bdb4dbadb.param,0.0,0.0,0.0,72.297,1470727592.0,eee80d388e2da82b6dbfded757ec1e40,87615.0,1.0,0.0,18.593,15-33,11090.0,0.0,1926686.0,10379.0,7.7929999999999975,19597.0,10379.0,-1.0,13247.0,0.0,1695387.0,25597.0,1470727592.0,37.0,9.799,17.592,0.94,1946285.0,False
300.0,6074526f967671a9c7cc808bdb4dbadb.param,1.0,0.0,0.0,77.117,1470727592.0,eee80d388e2da82b6dbfded757ec1e40,87615.0,1.0,0.0,19.189,15-33,11090.0,0.0,1926686.0,10379.0,7.6610000000000005,19597.0,10379.0,-1.0,13247.0,0.0,1695387.0,25597.0,1470727592.0,37.0,10.309000000000001,17.97,0.94,1946285.0,False
300.0,6074526f967671a9c7cc808bdb4dbadb.param,2.0,0.0,0.0,75.484,1470727592.0,eee80d388e2da82b6dbfded757ec1e40,87615.0,1.0,0.0,18.059,15-33,11090.0,0.0,1926686.0,10379.0,7.435,19597.0,10379.0,-1.0,13247.0,0.0,1695387.0,25597.0,1470727592.0,37.0,9.552999999999999,16.988,0.94,1946285.0,False
300.0,7ee038a2d306328bf29f3cc3ddd33ea0.param,0.0,0.0,0.0,62.732,2050821110.0,d687db2e3f623ce5ce280bfb5f82e5fa,923077.0,1.0,0.0,23.445999999999998,15-33,760690.0,0.0,1605817.0,11200.0,6.064,16329.0,11200.0,-1.0,21670.0,0.0,1782111.0,21272.0,2050821110.0,40.0,16.506,22.57,0.63,1622148.0,False
300.0,7ee038a2d306328bf29f3cc3ddd33ea0.param,1.0,0.0,0.0,62.193999999999996,2050821110.0,d687db2e3f623ce5ce280bfb5f82e5fa,923077.0,1.0,0.0,26.585,15-33,760690.0,0.0,1605817.0,11200.0,6.334,16329.0,11200.0,-1.0,21670.0,0.0,1782111.0,21272.0,2050821110.0,40.0,19.059,25.393,0.63,1622148.0,False
300.0,7ee038a2d306328bf29f3cc3ddd33ea0.param,2.0,0.0,0.0,63.153999999999996,2050821110.0,d687db2e3f623ce5ce280bfb5f82e5fa,923077.0,1.0,0.0,25.365,15-33,760690.0,0.0,1605817.0,11200.0,6.319,16329.0,11200.0,-1.0,21670.0,0.0,1782111.0,21272.0,2050821110.0,40.0,18.084,24.403000000000002,0.63,1622148.0,False
300.0,9f516f1949bb094c061b924b07b9239e.param,0.0,0.0,0.0,27.083000000000002,1234135464.0,acf74ccede53a4f46fb02f6f97b63c73,46754.0,1.0,0.0,3.641,15-33,15454.0,0.0,617195.0,5798.0,2.302,7410.0,5798.0,-1.0,4820.0,0.0,517502.0,9532.0,1234135464.0,25.0,0.9840000000000001,3.286,0.28,624607.0,False
300.0,9f516f1949bb094c061b924b07b9239e.param,1.0,0.0,0.0,27.139,1234135464.0,acf74ccede53a4f46fb02f6f97b63c73,46754.0,1.0,0.0,3.7,15-33,15454.0,0.0,617195.0,5798.0,2.316,7410.0,5798.0,-1.0,4820.0,0.0,517502.0,9532.0,1234135464.0,25.0,1.006,3.322,0.28,624607.0,False
300.0,9f516f1949bb094c061b924b07b9239e.param,2.0,0.0,0.0,28.176,1234135464.0,acf74ccede53a4f46fb02f6f97b63c73,46754.0,1.0,0.0,3.6889999999999996,15-33,15454.0,0.0,617195.0,5798.0,2.339,7410.0,5798.0,-1.0,4820.0,0.0,517502.0,9532.0,1234135464.0,25.0,0.9840000000000001,3.323,0.28,624607.0,False
300.0,a38985b17ca7f54344b29181a8584654.param,0.0,0.0,0.0,40.596,221638566.0,394d091727237e49fa4afeaf0afd8540,68998.0,1.0,0.0,8.442,15-33,24126.0,0.0,1020199.0,4002.0,3.8939999999999997,15581.0,4002.0,-1.0,10207.0,0.0,438433.0,20249.0,221638566.0,16.0,3.963,7.857,0.63,1035782.0,False
300.0,a38985b17ca7f54344b29181a8584654.param,1.0,0.0,0.0,42.85,221638566.0,394d091727237e49fa4afeaf0afd8540,68998.0,1.0,0.0,8.672,15-33,24126.0,0.0,1020199.0,4002.0,3.888,15581.0,4002.0,-1.0,10207.0,0.0,438433.0,20249.0,221638566.0,16.0,4.039,7.9270000000000005,0.63,1035782.0,False
300.0,a38985b17ca7f54344b29181a8584654.param,2.0,0.0,0.0,39.464,221638566.0,394d091727237e49fa4afeaf0afd8540,68998.0,1.0,0.0,8.467,15-33,24126.0,0.0,1020199.0,4002.0,3.944,15581.0,4002.0,-1.0,10207.0,0.0,438433.0,20249.0,221638566.0,16.0,3.938,7.8820000000000014,0.63,1035782.0,False
300.0,3631b5ebf342811f42ca903194874739.param,0.0,0.0,0.0,23.605,254168822.0,b5ca70dc8f61fe0ab4f55ce1d3024568,74039.0,1.0,0.0,4.855,15-33,18894.0,0.0,499367.0,6279.0,1.9380000000000002,5721.0,6279.0,-1.0,11446.0,0.0,582423.0,7292.0,254168822.0,28.0,2.603,4.541,0.28,505090.0,False
300.0,3631b5ebf342811f42ca903194874739.param,1.0,0.0,0.0,23.750999999999998,254168822.0,b5ca70dc8f61fe0ab4f55ce1d3024568,74039.0,1.0,0.0,4.803,15-33,18894.0,0.0,499367.0,6279.0,1.936,5721.0,6279.0,-1.0,11446.0,0.0,582423.0,7292.0,254168822.0,28.0,2.574,4.51,0.28,505090.0,False
300.0,3631b5ebf342811f42ca903194874739.param,2.0,0.0,0.0,22.138,254168822.0,b5ca70dc8f61fe0ab4f55ce1d3024568,74039.0,1.0,0.0,4.82,15-33,18894.0,0.0,499367.0,6279.0,1.867,5721.0,6279.0,-1.0,11446.0,0.0,582423.0,7292.0,254168822.0,28.0,2.6510000000000002,4.518,0.28,505090.0,False
300.0,a37d28d43d69aa0103e8f6c03a25328d.param,0.0,0.0,0.0,10.741,1057470620.0,43b356036f0e82c9748535c3b1a3b875,234473.0,1.0,0.0,13.636,15-33,79815.0,0.0,220453.0,11342.0,0.8029999999999999,2096.0,11342.0,-1.0,18335.0,0.0,1807050.0,2362.0,1057470620.0,41.0,12.682,13.485,0.63,222551.0,False
300.0,a37d28d43d69aa0103e8f6c03a25328d.param,1.0,0.0,0.0,10.902999999999999,1057470620.0,43b356036f0e82c9748535c3b1a3b875,234473.0,1.0,0.0,13.356,15-33,79815.0,0.0,220453.0,11342.0,0.804,2096.0,11342.0,-1.0,18335.0,0.0,1807050.0,2362.0,1057470620.0,41.0,12.395999999999999,13.2,0.63,222551.0,False
300.0,a37d28d43d69aa0103e8f6c03a25328d.param,2.0,0.0,0.0,10.626,1057470620.0,43b356036f0e82c9748535c3b1a3b875,234473.0,1.0,0.0,13.567,15-33,79815.0,0.0,220453.0,11342.0,0.805,2096.0,11342.0,-1.0,18335.0,0.0,1807050.0,2362.0,1057470620.0,41.0,12.605,13.41,0.63,222551.0,False
300.0,d0799a9d39f0850315a55b0ab4917638.param,0.0,0.0,0.0,47.273,1918631718.0,88ea4d398f1d2ab7bf82fb40da84f9c1,60786.0,1.0,0.0,8.728,15-33,30566.0,0.0,1137854.0,4639.0,4.47,13489.0,4639.0,-1.0,9404.0,0.0,1136374.0,17533.0,1918631718.0,20.0,3.4010000000000002,7.871,0.63,1151345.0,False
300.0,d0799a9d39f0850315a55b0ab4917638.param,1.0,0.0,0.0,44.56100000000001,1918631718.0,88ea4d398f1d2ab7bf82fb40da84f9c1,60786.0,1.0,0.0,7.894,15-33,30566.0,0.0,1137854.0,4639.0,4.421,13489.0,4639.0,-1.0,9404.0,0.0,1136374.0,17533.0,1918631718.0,20.0,2.8289999999999997,7.25,0.63,1151345.0,False
300.0,d0799a9d39f0850315a55b0ab4917638.param,2.0,0.0,0.0,47.12,1918631718.0,88ea4d398f1d2ab7bf82fb40da84f9c1,60786.0,1.0,0.0,7.858,15-33,30566.0,0.0,1137854.0,4639.0,4.435,13489.0,4639.0,-1.0,9404.0,0.0,1136374.0,17533.0,1918631718.0,20.0,2.779,7.213999999999999,0.63,1151345.0,False
300.0,c0ddd6d536dd36939b31e12d969323ca.param,0.0,0.0,0.0,15.039000000000001,1405409883.0,31eeb4687ff338113f4936871170f2ad,115329.0,1.0,0.0,4.367,15-33,54220.0,0.0,339974.0,10341.0,1.2309999999999999,3231.0,10341.0,-1.0,10688.0,0.0,1078709.0,3953.0,1405409883.0,37.0,2.932,4.163,0.42,343207.0,False
300.0,c0ddd6d536dd36939b31e12d969323ca.param,1.0,0.0,0.0,16.069000000000006,1405409883.0,31eeb4687ff338113f4936871170f2ad,115329.0,1.0,0.0,4.327,15-33,54220.0,0.0,339974.0,10341.0,1.236,3231.0,10341.0,-1.0,10688.0,0.0,1078709.0,3953.0,1405409883.0,37.0,2.889,4.125,0.42,343207.0,False
300.0,c0ddd6d536dd36939b31e12d969323ca.param,2.0,0.0,0.0,15.662,1405409883.0,31eeb4687ff338113f4936871170f2ad,115329.0,1.0,0.0,4.537,15-33,54220.0,0.0,339974.0,10341.0,1.287,3231.0,10341.0,-1.0,10688.0,0.0,1078709.0,3953.0,1405409883.0,37.0,3.0389999999999997,4.3260000000000005,0.42,343207.0,False
300.0,9d8011d62fbdace0c9682b0a56eb9c1a.param,0.0,0.0,0.0,17.03,475179535.0,f7c6cba8d1f741dd9f53a4f394b3f803,77638.0,1.0,0.0,4.352,15-33,35823.0,0.0,354802.0,5636.0,1.295,4019.0,5636.0,-1.0,7898.0,0.0,631502.0,5025.0,475179535.0,24.0,2.84,4.135,0.28,358823.0,False
300.0,9d8011d62fbdace0c9682b0a56eb9c1a.param,1.0,0.0,0.0,16.750999999999998,475179535.0,f7c6cba8d1f741dd9f53a4f394b3f803,77638.0,1.0,0.0,4.553,15-33,35823.0,0.0,354802.0,5636.0,1.301,4019.0,5636.0,-1.0,7898.0,0.0,631502.0,5025.0,475179535.0,24.0,2.9810000000000003,4.282,0.28,358823.0,False
300.0,9d8011d62fbdace0c9682b0a56eb9c1a.param,2.0,0.0,0.0,16.842,475179535.0,f7c6cba8d1f741dd9f53a4f394b3f803,77638.0,1.0,0.0,4.35,15-33,35823.0,0.0,354802.0,5636.0,1.291,4019.0,5636.0,-1.0,7898.0,0.0,631502.0,5025.0,475179535.0,24.0,2.8360000000000003,4.127,0.28,358823.0,False
300.0,bebd2cfe5e0562ebe11dc365507fd898.param,0.0,0.0,0.0,32.11,372553220.0,9509f8661269bb4d7f00be5eb5a60b72,378667.0,1.0,0.0,15.895999999999999,15-33,265696.0,0.0,773441.0,11332.0,2.9219999999999997,7414.0,11332.0,-1.0,16703.0,0.0,1601317.0,9460.0,372553220.0,41.0,12.543,15.465,0.63,780857.0,False
300.0,bebd2cfe5e0562ebe11dc365507fd898.param,1.0,0.0,0.0,32.669000000000004,372553220.0,9509f8661269bb4d7f00be5eb5a60b72,378667.0,1.0,0.0,16.247,15-33,265696.0,0.0,773441.0,11332.0,3.062,7414.0,11332.0,-1.0,16703.0,0.0,1601317.0,9460.0,372553220.0,41.0,12.734000000000002,15.796,0.63,780857.0,False
300.0,bebd2cfe5e0562ebe11dc365507fd898.param,2.0,0.0,0.0,33.922,372553220.0,9509f8661269bb4d7f00be5eb5a60b72,378667.0,1.0,0.0,15.982999999999999,15-33,265696.0,0.0,773441.0,11332.0,2.911,7414.0,11332.0,-1.0,16703.0,0.0,1601317.0,9460.0,372553220.0,41.0,12.639000000000001,15.55,0.63,780857.0,False
300.0,8ee114f3baa9833ce2ff8acd1c2f17dc.param,0.0,0.0,0.0,37.489000000000004,1242281828.0,b852ed05ca07ea7b03f2d7d884591c99,63014.0,1.0,0.0,5.566,15-33,24882.0,0.0,905131.0,4763.0,3.444,11409.0,4763.0,-1.0,7463.0,0.0,538500.0,14800.0,1242281828.0,21.0,1.588,5.032,0.42,916542.0,False
300.0,8ee114f3baa9833ce2ff8acd1c2f17dc.param,1.0,0.0,0.0,36.26300000000001,1242281828.0,b852ed05ca07ea7b03f2d7d884591c99,63014.0,1.0,0.0,5.52,15-33,24882.0,0.0,905131.0,4763.0,3.463,11409.0,4763.0,-1.0,7463.0,0.0,538500.0,14800.0,1242281828.0,21.0,1.569,5.032,0.42,916542.0,False
300.0,8ee114f3baa9833ce2ff8acd1c2f17dc.param,2.0,0.0,0.0,35.48699999999999,1242281828.0,b852ed05ca07ea7b03f2d7d884591c99,63014.0,1.0,0.0,5.615,15-33,24882.0,0.0,905131.0,4763.0,3.44,11409.0,4763.0,-1.0,7463.0,0.0,538500.0,14800.0,1242281828.0,21.0,1.633,5.073,0.42,916542.0,False
300.0,880c13fc9e1ae18f82e743ba707577a8.param,0.0,0.0,0.0,44.157,1923385776.0,058a560d462cd48bbdbaf062688fe6f1,46892.0,1.0,0.0,5.765,15-33,23958.0,0.0,1133034.0,4153.0,4.2989999999999995,15885.0,4153.0,-1.0,10420.0,0.0,394426.0,20697.0,1923385776.0,17.0,0.8340000000000001,5.132999999999999,0.63,1148921.0,False
300.0,880c13fc9e1ae18f82e743ba707577a8.param,1.0,0.0,0.0,46.238,1923385776.0,058a560d462cd48bbdbaf062688fe6f1,46892.0,1.0,0.0,5.853,15-33,23958.0,0.0,1133034.0,4153.0,4.399,15885.0,4153.0,-1.0,10420.0,0.0,394426.0,20697.0,1923385776.0,17.0,0.8190000000000001,5.218,0.63,1148921.0,False
300.0,880c13fc9e1ae18f82e743ba707577a8.param,2.0,0.0,0.0,46.12,1923385776.0,058a560d462cd48bbdbaf062688fe6f1,46892.0,1.0,0.0,6.117999999999999,15-33,23958.0,0.0,1133034.0,4153.0,4.3660000000000005,15885.0,4153.0,-1.0,10420.0,0.0,394426.0,20697.0,1923385776.0,17.0,0.9179999999999999,5.284,0.63,1148921.0,False
300.0,8918e76cfcec0657c7d7950a1794604c.param,0.0,0.0,0.0,36.995,34754393.0,205856fccc372f69b5e57b78c606c1df,540703.0,1.0,0.0,14.417,15-33,427645.0,0.0,928660.0,9601.0,3.562,10053.0,9601.0,-1.0,17615.0,0.0,1509687.0,12947.0,34754393.0,32.0,10.192,13.754000000000001,0.63,938715.0,False
300.0,8918e76cfcec0657c7d7950a1794604c.param,1.0,0.0,0.0,36.048,34754393.0,205856fccc372f69b5e57b78c606c1df,540703.0,1.0,0.0,14.074000000000002,15-33,427645.0,0.0,928660.0,9601.0,3.583,10053.0,9601.0,-1.0,17615.0,0.0,1509687.0,12947.0,34754393.0,32.0,9.971,13.554,0.63,938715.0,False
300.0,8918e76cfcec0657c7d7950a1794604c.param,2.0,0.0,0.0,40.006,34754393.0,205856fccc372f69b5e57b78c606c1df,540703.0,1.0,0.0,14.325,15-33,427645.0,0.0,928660.0,9601.0,3.574,10053.0,9601.0,-1.0,17615.0,0.0,1509687.0,12947.0,34754393.0,32.0,10.232999999999999,13.807,0.63,938715.0,False
300.0,ecf255cfa79dc1390125d72e88196842.param,0.0,0.0,0.0,29.459,2050821110.0,46eb4762ec2b50fda578f85077feb62b,90517.0,1.0,0.0,6.54,15-33,33410.0,0.0,705295.0,10332.0,2.681,7176.0,10332.0,-1.0,7786.0,0.0,1115807.0,9194.0,2050821110.0,37.0,3.4610000000000003,6.142,0.42,712473.0,False
300.0,ecf255cfa79dc1390125d72e88196842.param,1.0,0.0,0.0,28.729,2050821110.0,46eb4762ec2b50fda578f85077feb62b,90517.0,1.0,0.0,6.999,15-33,33410.0,0.0,705295.0,10332.0,2.6639999999999997,7176.0,10332.0,-1.0,7786.0,0.0,1115807.0,9194.0,2050821110.0,37.0,3.825,6.489,0.42,712473.0,False
300.0,ecf255cfa79dc1390125d72e88196842.param,2.0,0.0,0.0,28.304000000000002,2050821110.0,46eb4762ec2b50fda578f85077feb62b,90517.0,1.0,0.0,6.649,15-33,33410.0,0.0,705295.0,10332.0,2.767,7176.0,10332.0,-1.0,7786.0,0.0,1115807.0,9194.0,2050821110.0,37.0,3.495,6.2620000000000005,0.42,712473.0,False
300.0,3d9e7b6df6df75811f47376afe3f163c.param,0.0,0.0,0.0,17.408,1918631718.0,ab3dcbacdc390c4661d45b0227694f04,99092.0,1.0,0.0,4.239,15-33,33107.0,0.0,406531.0,6395.0,1.5119999999999998,4551.0,6395.0,-1.0,14710.0,0.0,738773.0,5675.0,1918631718.0,29.0,2.469,3.9810000000000003,0.42,411084.0,False
300.0,3d9e7b6df6df75811f47376afe3f163c.param,1.0,0.0,0.0,17.621,1918631718.0,ab3dcbacdc390c4661d45b0227694f04,99092.0,1.0,0.0,4.3469999999999995,15-33,33107.0,0.0,406531.0,6395.0,1.5419999999999998,4551.0,6395.0,-1.0,14710.0,0.0,738773.0,5675.0,1918631718.0,29.0,2.495,4.037,0.42,411084.0,False
300.0,3d9e7b6df6df75811f47376afe3f163c.param,2.0,0.0,0.0,19.021,1918631718.0,ab3dcbacdc390c4661d45b0227694f04,99092.0,1.0,0.0,4.1419999999999995,15-33,33107.0,0.0,406531.0,6395.0,1.4969999999999999,4551.0,6395.0,-1.0,14710.0,0.0,738773.0,5675.0,1918631718.0,29.0,2.4,3.897,0.42,411084.0,False
300.0,1a9658e08918a7701123bae3cad3fdfa.param,0.0,0.0,0.0,23.996,2136253402.0,74e96b36c9bb47bef97aa5221dc3357d,418015.0,1.0,0.0,36.561,15-33,273582.0,0.0,550535.0,10336.0,2.079,5545.0,10336.0,-1.0,21883.0,0.0,1039092.0,7024.0,2136253402.0,37.0,34.156,36.235,0.63,556082.0,False
300.0,1a9658e08918a7701123bae3cad3fdfa.param,1.0,0.0,0.0,24.138,2136253402.0,74e96b36c9bb47bef97aa5221dc3357d,418015.0,1.0,0.0,36.804,15-33,273582.0,0.0,550535.0,10336.0,2.138,5545.0,10336.0,-1.0,21883.0,0.0,1039092.0,7024.0,2136253402.0,37.0,34.311,36.449,0.63,556082.0,False
300.0,1a9658e08918a7701123bae3cad3fdfa.param,2.0,0.0,0.0,25.502,2136253402.0,74e96b36c9bb47bef97aa5221dc3357d,418015.0,1.0,0.0,36.809,15-33,273582.0,0.0,550535.0,10336.0,2.114,5545.0,10336.0,-1.0,21883.0,0.0,1039092.0,7024.0,2136253402.0,37.0,34.375,36.489000000000004,0.63,556082.0,False
300.0,982f07b05aa788dcb221cf0f46a98a28.param,0.0,0.0,0.0,17.973,1242281828.0,72b3894be935bb6ba9c62002b4d42f4c,84353.0,1.0,0.0,3.6239999999999997,15-33,36869.0,0.0,404289.0,6280.0,1.493,4629.0,6280.0,-1.0,10476.0,0.0,693070.0,5773.0,1242281828.0,28.0,1.859,3.352,0.28,408920.0,False
300.0,982f07b05aa788dcb221cf0f46a98a28.param,1.0,0.0,0.0,17.785999999999994,1242281828.0,72b3894be935bb6ba9c62002b4d42f4c,84353.0,1.0,0.0,3.568,15-33,36869.0,0.0,404289.0,6280.0,1.4780000000000002,4629.0,6280.0,-1.0,10476.0,0.0,693070.0,5773.0,1242281828.0,28.0,1.8319999999999999,3.31,0.28,408920.0,False
300.0,982f07b05aa788dcb221cf0f46a98a28.param,2.0,0.0,0.0,17.021,1242281828.0,72b3894be935bb6ba9c62002b4d42f4c,84353.0,1.0,0.0,3.617,15-33,36869.0,0.0,404289.0,6280.0,1.52,4629.0,6280.0,-1.0,10476.0,0.0,693070.0,5773.0,1242281828.0,28.0,1.8359999999999999,3.3560000000000003,0.28,408920.0,False
300.0,f607d46ec11afe04a6635e1e747bca97.param,0.0,0.0,0.0,7.7920000000000025,823094821.0,b31f9195d8c25286da82cb2168e1d0c9,91283.0,1.0,0.0,3.681,15-33,52775.0,0.0,155342.0,4766.0,0.5670000000000001,2011.0,4766.0,-1.0,8675.0,0.0,568599.0,2329.0,823094821.0,21.0,2.99,3.557,0.28,157355.0,False
300.0,f607d46ec11afe04a6635e1e747bca97.param,1.0,0.0,0.0,6.8820000000000014,823094821.0,b31f9195d8c25286da82cb2168e1d0c9,91283.0,1.0,0.0,3.718,15-33,52775.0,0.0,155342.0,4766.0,0.609,2011.0,4766.0,-1.0,8675.0,0.0,568599.0,2329.0,823094821.0,21.0,2.9930000000000003,3.602,0.28,157355.0,False
300.0,f607d46ec11afe04a6635e1e747bca97.param,2.0,0.0,0.0,7.15,823094821.0,b31f9195d8c25286da82cb2168e1d0c9,91283.0,1.0,0.0,3.662,15-33,52775.0,0.0,155342.0,4766.0,0.561,2011.0,4766.0,-1.0,8675.0,0.0,568599.0,2329.0,823094821.0,21.0,2.9930000000000003,3.554,0.28,157355.0,False
300.0,b55bae1f323148019db34cc9c08d6b4b.param,0.0,0.0,0.0,25.835,693280077.0,4d8a2b16f5bc8f095d867e870bc1ff03,45553.0,1.0,0.0,5.38,15-33,9710.0,0.0,591665.0,4119.0,2.193,8401.0,4119.0,-1.0,7900.0,0.0,817060.0,10768.0,693280077.0,17.0,2.844,5.037,0.42,600068.0,False
300.0,b55bae1f323148019db34cc9c08d6b4b.param,1.0,0.0,0.0,26.842,693280077.0,4d8a2b16f5bc8f095d867e870bc1ff03,45553.0,1.0,0.0,5.441,15-33,9710.0,0.0,591665.0,4119.0,2.228,8401.0,4119.0,-1.0,7900.0,0.0,817060.0,10768.0,693280077.0,17.0,2.845,5.073,0.42,600068.0,False
300.0,b55bae1f323148019db34cc9c08d6b4b.param,2.0,0.0,0.0,26.256,693280077.0,4d8a2b16f5bc8f095d867e870bc1ff03,45553.0,1.0,0.0,5.365,15-33,9710.0,0.0,591665.0,4119.0,2.193,8401.0,4119.0,-1.0,7900.0,0.0,817060.0,10768.0,693280077.0,17.0,2.81,5.003,0.42,600068.0,False
300.0,a6ff37b0cef2bdd5134de774a2ccfcdd.param,0.0,0.0,0.0,7.204,1571287961.0,59e0be721575938abe56835e66cc10ea,67724.0,1.0,0.0,2.405,15-33,31567.0,0.0,148104.0,6329.0,0.525,1541.0,6329.0,-1.0,5702.0,0.0,877079.0,1733.0,1571287961.0,29.0,1.774,2.299,0.19,149647.0,False
300.0,a6ff37b0cef2bdd5134de774a2ccfcdd.param,1.0,0.0,0.0,7.298999999999999,1571287961.0,59e0be721575938abe56835e66cc10ea,67724.0,1.0,0.0,2.432,15-33,31567.0,0.0,148104.0,6329.0,0.531,1541.0,6329.0,-1.0,5702.0,0.0,877079.0,1733.0,1571287961.0,29.0,1.778,2.309,0.19,149647.0,False
300.0,a6ff37b0cef2bdd5134de774a2ccfcdd.param,2.0,0.0,0.0,7.212999999999999,1571287961.0,59e0be721575938abe56835e66cc10ea,67724.0,1.0,0.0,2.365,15-33,31567.0,0.0,148104.0,6329.0,0.53,1541.0,6329.0,-1.0,5702.0,0.0,877079.0,1733.0,1571287961.0,29.0,1.732,2.262,0.19,149647.0,False
300.0,928666ecc0a7811fd6c441352737063c.param,0.0,0.0,0.0,91.87799999999999,823094821.0,b1240e877d243bede746909d73582e98,157989.0,1.0,0.0,17.65,15-33,54133.0,0.0,2193395.0,11212.0,8.498,21230.0,11212.0,-1.0,13990.0,0.0,1861851.0,27752.0,823094821.0,40.0,7.574,16.072,0.94,2214627.0,False
300.0,928666ecc0a7811fd6c441352737063c.param,1.0,0.0,0.0,82.11200000000002,823094821.0,b1240e877d243bede746909d73582e98,157989.0,1.0,0.0,17.409000000000002,15-33,54133.0,0.0,2193395.0,11212.0,8.923,21230.0,11212.0,-1.0,13990.0,0.0,1861851.0,27752.0,823094821.0,40.0,7.319,16.242,0.94,2214627.0,False
300.0,928666ecc0a7811fd6c441352737063c.param,2.0,0.0,0.0,90.70299999999999,823094821.0,b1240e877d243bede746909d73582e98,157989.0,1.0,0.0,18.817999999999998,15-33,54133.0,0.0,2193395.0,11212.0,8.747,21230.0,11212.0,-1.0,13990.0,0.0,1861851.0,27752.0,823094821.0,40.0,8.513,17.26,0.94,2214627.0,False
300.0,55af68f15fe32e43da610c5d90806a4a.param,0.0,0.0,0.0,69.957,862094683.0,4c621edfcc0ff33817d951ed723e2eb0,172120.0,1.0,0.0,15.755,15-33,49995.0,0.0,1733351.0,9708.0,6.695,17106.0,9708.0,-1.0,18651.0,0.0,1335583.0,22300.0,862094683.0,33.0,8.124,14.819,0.94,1750459.0,False
300.0,55af68f15fe32e43da610c5d90806a4a.param,1.0,0.0,0.0,72.658,862094683.0,4c621edfcc0ff33817d951ed723e2eb0,172120.0,1.0,0.0,15.957,15-33,49995.0,0.0,1733351.0,9708.0,6.724,17106.0,9708.0,-1.0,18651.0,0.0,1335583.0,22300.0,862094683.0,33.0,8.264,14.988,0.94,1750459.0,False
300.0,55af68f15fe32e43da610c5d90806a4a.param,2.0,0.0,0.0,72.757,862094683.0,4c621edfcc0ff33817d951ed723e2eb0,172120.0,1.0,0.0,16.747,15-33,49995.0,0.0,1733351.0,9708.0,6.699,17106.0,9708.0,-1.0,18651.0,0.0,1335583.0,22300.0,862094683.0,33.0,8.81,15.509,0.94,1750459.0,False
300.0,5aa281057d97f045673ea5f22f4a03c2.param,0.0,0.0,0.0,12.752,2050821110.0,51bbc9913311e511f127bca488b2bfbe,137068.0,1.0,0.0,2.687,15-33,81774.0,0.0,273121.0,4666.0,0.993,2961.0,4666.0,-1.0,10239.0,0.0,400503.0,3620.0,2050821110.0,20.0,1.5090000000000001,2.502,0.42,276084.0,False
300.0,5aa281057d97f045673ea5f22f4a03c2.param,1.0,0.0,0.0,11.824000000000002,2050821110.0,51bbc9913311e511f127bca488b2bfbe,137068.0,1.0,0.0,2.782,15-33,81774.0,0.0,273121.0,4666.0,1.02,2961.0,4666.0,-1.0,10239.0,0.0,400503.0,3620.0,2050821110.0,20.0,1.578,2.5980000000000003,0.42,276084.0,False
300.0,5aa281057d97f045673ea5f22f4a03c2.param,2.0,0.0,0.0,11.716,2050821110.0,51bbc9913311e511f127bca488b2bfbe,137068.0,1.0,0.0,2.9539999999999997,15-33,81774.0,0.0,273121.0,4666.0,1.089,2961.0,4666.0,-1.0,10239.0,0.0,400503.0,3620.0,2050821110.0,20.0,1.682,2.7710000000000004,0.42,276084.0,False
300.0,5a074a62937cbcb2e921ae7f17a0123b.param,0.0,0.0,0.0,72.46300000000002,2028359165.0,3f764acb54c5ba67ac64792ede12c92e,195231.0,1.0,0.0,20.065,15-33,100994.0,0.0,1842465.0,5763.0,7.221,21846.0,5763.0,-1.0,14995.0,0.0,1690837.0,28564.0,2028359165.0,25.0,11.863,19.084,0.94,1864313.0,False
300.0,5a074a62937cbcb2e921ae7f17a0123b.param,1.0,0.0,0.0,69.684,2028359165.0,3f764acb54c5ba67ac64792ede12c92e,195231.0,1.0,0.0,20.543000000000006,15-33,100994.0,0.0,1842465.0,5763.0,7.206,21846.0,5763.0,-1.0,14995.0,0.0,1690837.0,28564.0,2028359165.0,25.0,11.989,19.195,0.94,1864313.0,False
300.0,5a074a62937cbcb2e921ae7f17a0123b.param,2.0,0.0,0.0,75.12899999999998,2028359165.0,3f764acb54c5ba67ac64792ede12c92e,195231.0,1.0,0.0,20.545,15-33,100994.0,0.0,1842465.0,5763.0,7.101,21846.0,5763.0,-1.0,14995.0,0.0,1690837.0,28564.0,2028359165.0,25.0,12.133,19.234,0.94,1864313.0,False
300.0,b366bbc99f4b12f6958260432db8f433.param,0.0,0.0,0.0,47.708,600810857.0,0dbf5b0edce0b10190aeb5672e358d4f,98738.0,1.0,0.0,8.67,15-33,27929.0,0.0,1165960.0,5602.0,4.4860000000000015,14505.0,5602.0,-1.0,14384.0,0.0,1077585.0,18869.0,600810857.0,24.0,3.5589999999999997,8.045,0.63,1180467.0,False
300.0,b366bbc99f4b12f6958260432db8f433.param,1.0,0.0,0.0,47.098,600810857.0,0dbf5b0edce0b10190aeb5672e358d4f,98738.0,1.0,0.0,8.709,15-33,27929.0,0.0,1165960.0,5602.0,4.508,14505.0,5602.0,-1.0,14384.0,0.0,1077585.0,18869.0,600810857.0,24.0,3.5660000000000003,8.074,0.63,1180467.0,False
300.0,b366bbc99f4b12f6958260432db8f433.param,2.0,0.0,0.0,50.907,600810857.0,0dbf5b0edce0b10190aeb5672e358d4f,98738.0,1.0,0.0,9.298,15-33,27929.0,0.0,1165960.0,5602.0,4.534,14505.0,5602.0,-1.0,14384.0,0.0,1077585.0,18869.0,600810857.0,24.0,4.018,8.552,0.63,1180467.0,False
300.0,a6fb6cef21abb3da58a08c431abe1820.param,0.0,0.0,0.0,40.124,83966730.0,ad71e9e03a3405d579b51717399828a0,282420.0,1.0,0.0,12.120999999999999,15-33,188204.0,0.0,1026860.0,4795.0,3.948,13111.0,4795.0,-1.0,15545.0,0.0,1346130.0,17047.0,83966730.0,21.0,7.601,11.549000000000001,0.63,1039973.0,False
300.0,a6fb6cef21abb3da58a08c431abe1820.param,1.0,0.0,0.0,41.82899999999999,83966730.0,ad71e9e03a3405d579b51717399828a0,282420.0,1.0,0.0,12.355,15-33,188204.0,0.0,1026860.0,4795.0,4.012,13111.0,4795.0,-1.0,15545.0,0.0,1346130.0,17047.0,83966730.0,21.0,7.7429999999999986,11.755,0.63,1039973.0,False
300.0,a6fb6cef21abb3da58a08c431abe1820.param,2.0,0.0,0.0,43.81,83966730.0,ad71e9e03a3405d579b51717399828a0,282420.0,1.0,0.0,13.293,15-33,188204.0,0.0,1026860.0,4795.0,4.06,13111.0,4795.0,-1.0,15545.0,0.0,1346130.0,17047.0,83966730.0,21.0,8.485,12.545,0.63,1039973.0,False
300.0,86aef175e49750375aaf5bf4f54ac0c2.param,0.0,0.0,0.0,70.315,95956545.0,93726e1d57f298b91de0518ea354c39d,148109.0,1.0,0.0,20.87,15-33,44668.0,0.0,1773559.0,6274.0,6.952999999999999,20076.0,6274.0,-1.0,16099.0,0.0,1605447.0,26230.0,95956545.0,28.0,12.732999999999999,19.686,0.94,1793637.0,False
300.0,86aef175e49750375aaf5bf4f54ac0c2.param,1.0,0.0,0.0,69.531,95956545.0,93726e1d57f298b91de0518ea354c39d,148109.0,1.0,0.0,19.826,15-33,44668.0,0.0,1773559.0,6274.0,6.882999999999999,20076.0,6274.0,-1.0,16099.0,0.0,1605447.0,26230.0,95956545.0,28.0,12.023,18.906,0.94,1793637.0,False
300.0,86aef175e49750375aaf5bf4f54ac0c2.param,2.0,0.0,0.0,69.619,95956545.0,93726e1d57f298b91de0518ea354c39d,148109.0,1.0,0.0,19.743,15-33,44668.0,0.0,1773559.0,6274.0,6.845,20076.0,6274.0,-1.0,16099.0,0.0,1605447.0,26230.0,95956545.0,28.0,11.985999999999999,18.831,0.94,1793637.0,False
300.0,23179b628ad596b0808644865ee42008.param,0.0,0.0,0.0,20.435,1083416308.0,08a6fd5596117158ac4c7783ca8adf37,51157.0,1.0,0.0,4.766,15-33,14772.0,0.0,435963.0,5602.0,1.639,5498.0,5602.0,-1.0,6426.0,0.0,465844.0,7012.0,1083416308.0,24.0,2.8510000000000004,4.49,0.28,441463.0,False
300.0,23179b628ad596b0808644865ee42008.param,1.0,0.0,0.0,20.215,1083416308.0,08a6fd5596117158ac4c7783ca8adf37,51157.0,1.0,0.0,4.803,15-33,14772.0,0.0,435963.0,5602.0,1.6230000000000002,5498.0,5602.0,-1.0,6426.0,0.0,465844.0,7012.0,1083416308.0,24.0,2.908,4.5310000000000015,0.28,441463.0,False
300.0,23179b628ad596b0808644865ee42008.param,2.0,0.0,0.0,19.56,1083416308.0,08a6fd5596117158ac4c7783ca8adf37,51157.0,1.0,0.0,4.816,15-33,14772.0,0.0,435963.0,5602.0,1.6480000000000001,5498.0,5602.0,-1.0,6426.0,0.0,465844.0,7012.0,1083416308.0,24.0,2.8789999999999996,4.527,0.28,441463.0,False
300.0,099cc4db78f534b541e03b3d21476677.param,0.0,0.0,0.0,11.25,693280077.0,d0bb5fa80d6cf4bf3367066375d88258,111759.0,1.0,0.0,3.761,15-33,44871.0,0.0,241445.0,6355.0,0.905,2705.0,6355.0,-1.0,12934.0,0.0,709213.0,3244.0,693280077.0,29.0,2.697,3.602,0.42,244152.0,False
300.0,099cc4db78f534b541e03b3d21476677.param,1.0,0.0,0.0,10.548,693280077.0,d0bb5fa80d6cf4bf3367066375d88258,111759.0,1.0,0.0,3.737,15-33,44871.0,0.0,241445.0,6355.0,0.887,2705.0,6355.0,-1.0,12934.0,0.0,709213.0,3244.0,693280077.0,29.0,2.6830000000000003,3.57,0.42,244152.0,False
300.0,099cc4db78f534b541e03b3d21476677.param,2.0,0.0,0.0,11.14,693280077.0,d0bb5fa80d6cf4bf3367066375d88258,111759.0,1.0,0.0,3.944,15-33,44871.0,0.0,241445.0,6355.0,1.117,2705.0,6355.0,-1.0,12934.0,0.0,709213.0,3244.0,693280077.0,29.0,2.628,3.745,0.42,244152.0,False
300.0,05e1a93acf56766caa36729883ed69ed.param,0.0,0.0,0.0,108.469,1571287961.0,0273417656020f86e6fae6f66634722e,238719.0,1.0,0.0,35.836999999999996,15-33,120848.0,0.0,2528375.0,10200.0,9.892000000000001,25430.0,10200.0,-1.0,17645.0,0.0,1327500.0,33264.0,1571287961.0,36.0,24.086,33.978,0.94,2553807.0,False
300.0,05e1a93acf56766caa36729883ed69ed.param,1.0,0.0,0.0,102.572,1571287961.0,0273417656020f86e6fae6f66634722e,238719.0,1.0,0.0,36.356,15-33,120848.0,0.0,2528375.0,10200.0,10.032,25430.0,10200.0,-1.0,17645.0,0.0,1327500.0,33264.0,1571287961.0,36.0,24.498,34.53,0.94,2553807.0,False
300.0,05e1a93acf56766caa36729883ed69ed.param,2.0,0.0,0.0,101.544,1571287961.0,0273417656020f86e6fae6f66634722e,238719.0,1.0,0.0,35.371,15-33,120848.0,0.0,2528375.0,10200.0,9.8,25430.0,10200.0,-1.0,17645.0,0.0,1327500.0,33264.0,1571287961.0,36.0,24.184,33.984,0.94,2553807.0,False
300.0,3cadb3807e2a210325a234888d281fbd.param,0.0,0.0,0.0,7.705,1242281828.0,a38750e7c5b6258f7cf407f74832811b,65647.0,1.0,0.0,2.0980000000000003,15-33,32994.0,0.0,170807.0,4630.0,0.612,2301.0,4630.0,-1.0,5269.0,0.0,557281.0,2806.0,1242281828.0,20.0,1.3619999999999999,1.974,0.19,173110.0,False
300.0,3cadb3807e2a210325a234888d281fbd.param,1.0,0.0,0.0,7.295,1242281828.0,a38750e7c5b6258f7cf407f74832811b,65647.0,1.0,0.0,2.285,15-33,32994.0,0.0,170807.0,4630.0,0.698,2301.0,4630.0,-1.0,5269.0,0.0,557281.0,2806.0,1242281828.0,20.0,1.459,2.157,0.19,173110.0,False
300.0,3cadb3807e2a210325a234888d281fbd.param,2.0,0.0,0.0,7.525,1242281828.0,a38750e7c5b6258f7cf407f74832811b,65647.0,1.0,0.0,2.094,15-33,32994.0,0.0,170807.0,4630.0,0.621,2301.0,4630.0,-1.0,5269.0,0.0,557281.0,2806.0,1242281828.0,20.0,1.3530000000000002,1.974,0.19,173110.0,False
300.0,2b9f5024001a051a59314cacbe0b17e8.param,0.0,0.0,0.0,51.36,1235388569.0,8087c2461b0b0ae8fa165a881f584edc,65812.0,1.0,0.0,9.629,15-33,14919.0,0.0,1331857.0,5708.0,5.151,16166.0,5708.0,-1.0,11062.0,0.0,1155704.0,21060.0,1235388569.0,25.0,3.502,8.652999999999999,0.94,1348025.0,False
300.0,2b9f5024001a051a59314cacbe0b17e8.param,1.0,0.0,0.0,53.178999999999995,1235388569.0,8087c2461b0b0ae8fa165a881f584edc,65812.0,1.0,0.0,9.148,15-33,14919.0,0.0,1331857.0,5708.0,5.159,16166.0,5708.0,-1.0,11062.0,0.0,1155704.0,21060.0,1235388569.0,25.0,3.292,8.451,0.94,1348025.0,False
300.0,2b9f5024001a051a59314cacbe0b17e8.param,2.0,0.0,0.0,55.87600000000001,1235388569.0,8087c2461b0b0ae8fa165a881f584edc,65812.0,1.0,0.0,9.449,15-33,14919.0,0.0,1331857.0,5708.0,5.274,16166.0,5708.0,-1.0,11062.0,0.0,1155704.0,21060.0,1235388569.0,25.0,3.417,8.691,0.94,1348025.0,False
300.0,38650beb2ce576c812a3ef6ac5621787.param,0.0,0.0,0.0,9.866,83966730.0,56178a68af4b3a25d6ca5edabb7beeb1,60081.0,1.0,0.0,2.637,15-33,14117.0,0.0,207291.0,6240.0,0.7809999999999999,2273.0,6240.0,-1.0,8911.0,0.0,640584.0,2722.0,83966730.0,28.0,1.706,2.487,0.28,209566.0,False
300.0,38650beb2ce576c812a3ef6ac5621787.param,1.0,0.0,0.0,10.0,83966730.0,56178a68af4b3a25d6ca5edabb7beeb1,60081.0,1.0,0.0,2.627,15-33,14117.0,0.0,207291.0,6240.0,0.753,2273.0,6240.0,-1.0,8911.0,0.0,640584.0,2722.0,83966730.0,28.0,1.729,2.4819999999999998,0.28,209566.0,False
300.0,38650beb2ce576c812a3ef6ac5621787.param,2.0,0.0,0.0,10.12,83966730.0,56178a68af4b3a25d6ca5edabb7beeb1,60081.0,1.0,0.0,2.617,15-33,14117.0,0.0,207291.0,6240.0,0.78,2273.0,6240.0,-1.0,8911.0,0.0,640584.0,2722.0,83966730.0,28.0,1.689,2.469,0.28,209566.0,False
300.0,53a3b10a6d39a1f0633d42a0b8cc93a7.param,0.0,0.0,0.0,15.937999999999999,1405409883.0,6796e310b493d7bff8361f9721a9a7d9,48247.0,1.0,0.0,2.15,15-33,25262.0,0.0,341990.0,4770.0,1.245,3517.0,4770.0,-1.0,4822.0,0.0,647843.0,4357.0,1405409883.0,21.0,0.693,1.9380000000000002,0.19,345509.0,False
300.0,53a3b10a6d39a1f0633d42a0b8cc93a7.param,1.0,0.0,0.0,16.469,1405409883.0,6796e310b493d7bff8361f9721a9a7d9,48247.0,1.0,0.0,2.211,15-33,25262.0,0.0,341990.0,4770.0,1.307,3517.0,4770.0,-1.0,4822.0,0.0,647843.0,4357.0,1405409883.0,21.0,0.698,2.005,0.19,345509.0,False
300.0,53a3b10a6d39a1f0633d42a0b8cc93a7.param,2.0,0.0,0.0,15.8,1405409883.0,6796e310b493d7bff8361f9721a9a7d9,48247.0,1.0,0.0,2.156,15-33,25262.0,0.0,341990.0,4770.0,1.246,3517.0,4770.0,-1.0,4822.0,0.0,647843.0,4357.0,1405409883.0,21.0,0.705,1.9509999999999998,0.19,345509.0,False
300.0,947c519055ac35bb731937204fc0d266.param,0.0,0.0,0.0,60.184,1979567522.0,93aff2d27313cd77cd6b4281be1d4b49,103224.0,1.0,0.0,11.022,15-33,35965.0,0.0,1361195.0,9739.0,5.225,13300.0,9739.0,-1.0,11298.0,0.0,1574863.0,17254.0,1979567522.0,33.0,5.041,10.265999999999998,0.63,1374497.0,False
300.0,947c519055ac35bb731937204fc0d266.param,1.0,0.0,0.0,57.567,1979567522.0,93aff2d27313cd77cd6b4281be1d4b49,103224.0,1.0,0.0,10.817,15-33,35965.0,0.0,1361195.0,9739.0,5.222,13300.0,9739.0,-1.0,11298.0,0.0,1574863.0,17254.0,1979567522.0,33.0,4.853,10.075,0.63,1374497.0,False
300.0,947c519055ac35bb731937204fc0d266.param,2.0,0.0,0.0,55.575,1979567522.0,93aff2d27313cd77cd6b4281be1d4b49,103224.0,1.0,0.0,11.658,15-33,35965.0,0.0,1361195.0,9739.0,5.234,13300.0,9739.0,-1.0,11298.0,0.0,1574863.0,17254.0,1979567522.0,33.0,5.67,10.904000000000002,0.63,1374497.0,False
300.0,af0a6d4f3f8e41dd411ac993d1c5e5ad.param,0.0,0.0,0.0,21.355999999999998,34754393.0,6b4f85225b9788c34a34cb6df94f6252,1314891.0,1.0,0.0,16.597,15-33,1116302.0,0.0,458402.0,11200.0,1.692,4525.0,11200.0,-1.0,19999.0,0.0,1811476.0,5617.0,34754393.0,40.0,14.595999999999998,16.288,0.63,462929.0,False
300.0,af0a6d4f3f8e41dd411ac993d1c5e5ad.param,1.0,0.0,0.0,20.277,34754393.0,6b4f85225b9788c34a34cb6df94f6252,1314891.0,1.0,0.0,16.617,15-33,1116302.0,0.0,458402.0,11200.0,1.8030000000000002,4525.0,11200.0,-1.0,19999.0,0.0,1811476.0,5617.0,34754393.0,40.0,14.538,16.340999999999998,0.63,462929.0,False
300.0,af0a6d4f3f8e41dd411ac993d1c5e5ad.param,2.0,0.0,0.0,21.166999999999998,34754393.0,6b4f85225b9788c34a34cb6df94f6252,1314891.0,1.0,0.0,16.585,15-33,1116302.0,0.0,458402.0,11200.0,1.73,4525.0,11200.0,-1.0,19999.0,0.0,1811476.0,5617.0,34754393.0,40.0,14.547,16.277,0.63,462929.0,False
300.0,f6a9922fc219371dd62d3d64f513f435.param,0.0,0.0,0.0,33.293,1923385776.0,86f7f80702fa04d04ea8c1ea8e1a0473,117969.0,1.0,0.0,13.167,15-33,17645.0,0.0,769919.0,9684.0,2.8960000000000004,8341.0,9684.0,-1.0,13258.0,0.0,1029627.0,10738.0,1923385776.0,32.0,9.835,12.731,0.42,778262.0,False
300.0,f6a9922fc219371dd62d3d64f513f435.param,1.0,0.0,0.0,31.04,1923385776.0,86f7f80702fa04d04ea8c1ea8e1a0473,117969.0,1.0,0.0,13.174000000000001,15-33,17645.0,0.0,769919.0,9684.0,2.889,8341.0,9684.0,-1.0,13258.0,0.0,1029627.0,10738.0,1923385776.0,32.0,9.845,12.734000000000002,0.42,778262.0,False
300.0,f6a9922fc219371dd62d3d64f513f435.param,2.0,0.0,0.0,32.149,1923385776.0,86f7f80702fa04d04ea8c1ea8e1a0473,117969.0,1.0,0.0,13.456,15-33,17645.0,0.0,769919.0,9684.0,2.8930000000000002,8341.0,9684.0,-1.0,13258.0,0.0,1029627.0,10738.0,1923385776.0,32.0,9.976,12.869000000000002,0.42,778262.0,False
300.0,5270155d690360dab58e1b470ef17ea7.param,0.0,0.0,0.0,35.198,270657042.0,bce851e2a044b80325f6d864d3443518,65788.0,1.0,0.0,5.6129999999999995,15-33,18466.0,0.0,901723.0,5600.0,3.5380000000000003,11361.0,5600.0,-1.0,7955.0,0.0,736153.0,14722.0,270657042.0,24.0,1.5659999999999998,5.104,0.42,913086.0,False
300.0,5270155d690360dab58e1b470ef17ea7.param,1.0,0.0,0.0,37.986,270657042.0,bce851e2a044b80325f6d864d3443518,65788.0,1.0,0.0,5.909,15-33,18466.0,0.0,901723.0,5600.0,3.489,11361.0,5600.0,-1.0,7955.0,0.0,736153.0,14722.0,270657042.0,24.0,1.746,5.235,0.42,913086.0,False
300.0,5270155d690360dab58e1b470ef17ea7.param,2.0,0.0,0.0,36.275999999999996,270657042.0,bce851e2a044b80325f6d864d3443518,65788.0,1.0,0.0,5.567,15-33,18466.0,0.0,901723.0,5600.0,3.469,11361.0,5600.0,-1.0,7955.0,0.0,736153.0,14722.0,270657042.0,24.0,1.5759999999999998,5.045,0.42,913086.0,False
300.0,85c2d2f2fd6238e8bf0bbcfd97821631.param,0.0,0.0,0.0,49.489,1979567522.0,24386bd7330de963e715cfcc2c60b9f5,212871.0,1.0,0.0,20.219,15-33,90012.0,0.0,1215671.0,10315.0,4.619,12481.0,10315.0,-1.0,23872.0,0.0,997497.0,16120.0,1979567522.0,37.0,14.885,19.504,0.63,1228154.0,False
300.0,85c2d2f2fd6238e8bf0bbcfd97821631.param,1.0,0.0,0.0,48.138999999999996,1979567522.0,24386bd7330de963e715cfcc2c60b9f5,212871.0,1.0,0.0,20.227,15-33,90012.0,0.0,1215671.0,10315.0,4.654,12481.0,10315.0,-1.0,23872.0,0.0,997497.0,16120.0,1979567522.0,37.0,14.905,19.559,0.63,1228154.0,False
300.0,85c2d2f2fd6238e8bf0bbcfd97821631.param,2.0,0.0,0.0,47.964,1979567522.0,24386bd7330de963e715cfcc2c60b9f5,212871.0,1.0,0.0,20.755,15-33,90012.0,0.0,1215671.0,10315.0,4.7330000000000005,12481.0,10315.0,-1.0,23872.0,0.0,997497.0,16120.0,1979567522.0,37.0,15.125,19.858,0.63,1228154.0,False
300.0,5acf53328f53703eb5ee3288a3efea11.param,0.0,0.0,0.0,29.594,590654055.0,3704fa6043495dbf2f2ef24f7f94cbdb,527918.0,1.0,0.0,24.108,15-33,412333.0,0.0,675587.0,10376.0,2.5980000000000003,6733.0,10376.0,-1.0,22988.0,0.0,1507790.0,8542.0,590654055.0,37.0,21.003,23.601,0.63,682322.0,False
300.0,5acf53328f53703eb5ee3288a3efea11.param,1.0,0.0,0.0,27.458000000000002,590654055.0,3704fa6043495dbf2f2ef24f7f94cbdb,527918.0,1.0,0.0,23.429000000000002,15-33,412333.0,0.0,675587.0,10376.0,2.533,6733.0,10376.0,-1.0,22988.0,0.0,1507790.0,8542.0,590654055.0,37.0,20.483,23.016,0.63,682322.0,False
300.0,5acf53328f53703eb5ee3288a3efea11.param,2.0,0.0,0.0,29.006,590654055.0,3704fa6043495dbf2f2ef24f7f94cbdb,527918.0,1.0,0.0,23.163,15-33,412333.0,0.0,675587.0,10376.0,2.517,6733.0,10376.0,-1.0,22988.0,0.0,1507790.0,8542.0,590654055.0,37.0,20.254,22.771,0.63,682322.0,False
300.0,d8e0991db153700fc6f942a70d96d0d8.param,0.0,0.0,0.0,10.11,270657042.0,d068992ecf601eec4d9c2c5a7af85f72,62036.0,1.0,0.0,1.798,15-33,27352.0,0.0,226801.0,4632.0,0.83,2661.0,4632.0,-1.0,5904.0,0.0,522318.0,3250.0,270657042.0,20.0,0.804,1.6340000000000001,0.19,229464.0,False
300.0,d8e0991db153700fc6f942a70d96d0d8.param,1.0,0.0,0.0,10.507,270657042.0,d068992ecf601eec4d9c2c5a7af85f72,62036.0,1.0,0.0,1.766,15-33,27352.0,0.0,226801.0,4632.0,0.8240000000000001,2661.0,4632.0,-1.0,5904.0,0.0,522318.0,3250.0,270657042.0,20.0,0.792,1.6159999999999999,0.19,229464.0,False
300.0,d8e0991db153700fc6f942a70d96d0d8.param,2.0,0.0,0.0,10.460999999999999,270657042.0,d068992ecf601eec4d9c2c5a7af85f72,62036.0,1.0,0.0,1.899,15-33,27352.0,0.0,226801.0,4632.0,0.9620000000000001,2661.0,4632.0,-1.0,5904.0,0.0,522318.0,3250.0,270657042.0,20.0,0.792,1.754,0.19,229464.0,False
300.0,62e0a8d6f7569c04cf8f5f709636e77e.param,0.0,0.0,0.0,26.868000000000002,1057470620.0,d50c060d44542b0643d3a1b060884324,1120453.0,1.0,0.0,22.381999999999998,15-33,991489.0,0.0,655526.0,10293.0,2.588,6665.0,10293.0,-1.0,19547.0,0.0,1716115.0,8437.0,1057470620.0,36.0,19.269000000000002,21.857,0.63,662193.0,False
300.0,62e0a8d6f7569c04cf8f5f709636e77e.param,1.0,0.0,0.0,26.419,1057470620.0,d50c060d44542b0643d3a1b060884324,1120453.0,1.0,0.0,21.651999999999997,15-33,991489.0,0.0,655526.0,10293.0,2.4530000000000003,6665.0,10293.0,-1.0,19547.0,0.0,1716115.0,8437.0,1057470620.0,36.0,18.813,21.266,0.63,662193.0,False
300.0,62e0a8d6f7569c04cf8f5f709636e77e.param,2.0,0.0,0.0,26.605,1057470620.0,d50c060d44542b0643d3a1b060884324,1120453.0,1.0,0.0,21.997,15-33,991489.0,0.0,655526.0,10293.0,2.458,6665.0,10293.0,-1.0,19547.0,0.0,1716115.0,8437.0,1057470620.0,36.0,19.17,21.628,0.63,662193.0,False
300.0,638c867046eca01fa57da212f4a82591.param,0.0,0.0,0.0,25.712,83966730.0,d5514b17d4f05dc56ab5353b97e51316,31595.0,1.0,0.0,3.56,15-33,12967.0,0.0,614099.0,2206.0,2.363,8859.0,2206.0,-1.0,5781.0,0.0,387846.0,11453.0,83966730.0,12.0,0.83,3.193,0.42,622960.0,False
300.0,638c867046eca01fa57da212f4a82591.param,1.0,0.0,0.0,26.476,83966730.0,d5514b17d4f05dc56ab5353b97e51316,31595.0,1.0,0.0,3.4539999999999997,15-33,12967.0,0.0,614099.0,2206.0,2.263,8859.0,2206.0,-1.0,5781.0,0.0,387846.0,11453.0,83966730.0,12.0,0.835,3.0980000000000003,0.42,622960.0,False
300.0,638c867046eca01fa57da212f4a82591.param,2.0,0.0,0.0,25.16,83966730.0,d5514b17d4f05dc56ab5353b97e51316,31595.0,1.0,0.0,3.452,15-33,12967.0,0.0,614099.0,2206.0,2.281,8859.0,2206.0,-1.0,5781.0,0.0,387846.0,11453.0,83966730.0,12.0,0.8170000000000001,3.0980000000000003,0.42,622960.0,False
300.0,80402835d130022a9820ca0328640cdb.param,0.0,0.0,0.0,27.978,554543104.0,9bceb21af84a6ba2f14b21f803cffc6d,104086.0,1.0,0.0,7.782,15-33,30834.0,0.0,683429.0,4635.0,2.695,9304.0,4635.0,-1.0,14511.0,0.0,670358.0,11890.0,554543104.0,20.0,4.6960000000000015,7.391,0.42,692735.0,False
300.0,80402835d130022a9820ca0328640cdb.param,1.0,0.0,0.0,29.039,554543104.0,9bceb21af84a6ba2f14b21f803cffc6d,104086.0,1.0,0.0,7.6770000000000005,15-33,30834.0,0.0,683429.0,4635.0,2.623,9304.0,4635.0,-1.0,14511.0,0.0,670358.0,11890.0,554543104.0,20.0,4.655,7.278,0.42,692735.0,False
300.0,80402835d130022a9820ca0328640cdb.param,2.0,0.0,0.0,30.304000000000002,554543104.0,9bceb21af84a6ba2f14b21f803cffc6d,104086.0,1.0,0.0,7.598,15-33,30834.0,0.0,683429.0,4635.0,2.543,9304.0,4635.0,-1.0,14511.0,0.0,670358.0,11890.0,554543104.0,20.0,4.649,7.192,0.42,692735.0,False
300.0,7c8d5058b5b148685018d3330ac42f68.param,0.0,0.0,0.0,50.833,1258716603.0,f2ee3a1699642d38660d0a122271d804,325072.0,1.0,0.0,21.531999999999996,15-33,134543.0,0.0,1205498.0,9719.0,4.592,12781.0,9719.0,-1.0,20073.0,0.0,966534.0,16597.0,1258716603.0,33.0,16.261,20.853,0.63,1218281.0,False
300.0,7c8d5058b5b148685018d3330ac42f68.param,1.0,0.0,0.0,49.496,1258716603.0,f2ee3a1699642d38660d0a122271d804,325072.0,1.0,0.0,22.108,15-33,134543.0,0.0,1205498.0,9719.0,4.607,12781.0,9719.0,-1.0,20073.0,0.0,966534.0,16597.0,1258716603.0,33.0,16.612000000000002,21.219,0.63,1218281.0,False
300.0,7c8d5058b5b148685018d3330ac42f68.param,2.0,0.0,0.0,47.998999999999995,1258716603.0,f2ee3a1699642d38660d0a122271d804,325072.0,1.0,0.0,21.273000000000003,15-33,134543.0,0.0,1205498.0,9719.0,4.6,12781.0,9719.0,-1.0,20073.0,0.0,966534.0,16597.0,1258716603.0,33.0,15.99,20.59,0.63,1218281.0,False
300.0,45f3b2d841eff242a2cd183a0c58dc4d.param,0.0,0.0,0.0,12.651,1257636424.0,9fbf52a4d6768cfe5d0cc7b40dc322b4,78011.0,1.0,0.0,3.3819999999999997,15-33,20592.0,0.0,292974.0,6395.0,1.079,3209.0,6395.0,-1.0,12825.0,0.0,850133.0,3853.0,1257636424.0,29.0,2.104,3.1830000000000003,0.42,296185.0,False
300.0,45f3b2d841eff242a2cd183a0c58dc4d.param,1.0,0.0,0.0,12.779000000000002,1257636424.0,9fbf52a4d6768cfe5d0cc7b40dc322b4,78011.0,1.0,0.0,3.3310000000000004,15-33,20592.0,0.0,292974.0,6395.0,1.073,3209.0,6395.0,-1.0,12825.0,0.0,850133.0,3853.0,1257636424.0,29.0,2.074,3.147,0.42,296185.0,False
300.0,45f3b2d841eff242a2cd183a0c58dc4d.param,2.0,0.0,0.0,13.584000000000001,1257636424.0,9fbf52a4d6768cfe5d0cc7b40dc322b4,78011.0,1.0,0.0,3.387,15-33,20592.0,0.0,292974.0,6395.0,1.089,3209.0,6395.0,-1.0,12825.0,0.0,850133.0,3853.0,1257636424.0,29.0,2.1069999999999998,3.196,0.42,296185.0,False
300.0,b1fed41c662b810a67f17347ca208a34.param,0.0,0.0,0.0,42.412,1145031130.0,4bf0db431aef37265fe405fc9807c35d,68248.0,1.0,0.0,7.1,15-33,19926.0,0.0,998551.0,9601.0,3.792,11181.0,9601.0,-1.0,7311.0,0.0,723837.0,14495.0,1145031130.0,32.0,2.7710000000000004,6.563,0.42,1009734.0,False
300.0,b1fed41c662b810a67f17347ca208a34.param,1.0,0.0,0.0,42.196999999999996,1145031130.0,4bf0db431aef37265fe405fc9807c35d,68248.0,1.0,0.0,7.215,15-33,19926.0,0.0,998551.0,9601.0,3.799,11181.0,9601.0,-1.0,7311.0,0.0,723837.0,14495.0,1145031130.0,32.0,2.838,6.6370000000000005,0.42,1009734.0,False
300.0,b1fed41c662b810a67f17347ca208a34.param,2.0,0.0,0.0,42.683,1145031130.0,4bf0db431aef37265fe405fc9807c35d,68248.0,1.0,0.0,7.183,15-33,19926.0,0.0,998551.0,9601.0,3.839,11181.0,9601.0,-1.0,7311.0,0.0,723837.0,14495.0,1145031130.0,32.0,2.7910000000000004,6.63,0.42,1009734.0,False
300.0,96344359b1d56ff7726ed1408e74685f.param,0.0,0.0,0.0,38.743,746355495.0,c69ed0915e4ccd86c2951349e66753f1,115646.0,1.0,0.0,15.459000000000001,15-33,25508.0,0.0,951213.0,4600.0,3.6069999999999998,13146.0,4600.0,-1.0,11856.0,0.0,1434389.0,17092.0,746355495.0,20.0,11.334000000000001,14.940999999999999,0.63,964361.0,False
300.0,96344359b1d56ff7726ed1408e74685f.param,1.0,0.0,0.0,37.87,746355495.0,c69ed0915e4ccd86c2951349e66753f1,115646.0,1.0,0.0,16.324,15-33,25508.0,0.0,951213.0,4600.0,3.611,13146.0,4600.0,-1.0,11856.0,0.0,1434389.0,17092.0,746355495.0,20.0,11.989,15.6,0.63,964361.0,False
300.0,96344359b1d56ff7726ed1408e74685f.param,2.0,0.0,0.0,39.586,746355495.0,c69ed0915e4ccd86c2951349e66753f1,115646.0,1.0,0.0,15.534,15-33,25508.0,0.0,951213.0,4600.0,3.582,13146.0,4600.0,-1.0,11856.0,0.0,1434389.0,17092.0,746355495.0,20.0,11.427,15.009,0.63,964361.0,False
300.0,9c8685614d2fcc8ed75e3df0b278a590.param,0.0,0.0,0.0,29.462,506016928.0,fb6e66aab52c1e5ea920d59db5049e1f,86544.0,1.0,0.0,5.404,15-33,23161.0,0.0,677948.0,6395.0,2.59,7503.0,6395.0,-1.0,11403.0,0.0,603114.0,9587.0,506016928.0,29.0,2.415,5.005,0.42,685453.0,False
300.0,9c8685614d2fcc8ed75e3df0b278a590.param,1.0,0.0,0.0,27.45300000000001,506016928.0,fb6e66aab52c1e5ea920d59db5049e1f,86544.0,1.0,0.0,5.5470000000000015,15-33,23161.0,0.0,677948.0,6395.0,2.798,7503.0,6395.0,-1.0,11403.0,0.0,603114.0,9587.0,506016928.0,29.0,2.351,5.149,0.42,685453.0,False
300.0,9c8685614d2fcc8ed75e3df0b278a590.param,2.0,0.0,0.0,27.761999999999997,506016928.0,fb6e66aab52c1e5ea920d59db5049e1f,86544.0,1.0,0.0,5.393,15-33,23161.0,0.0,677948.0,6395.0,2.595,7503.0,6395.0,-1.0,11403.0,0.0,603114.0,9587.0,506016928.0,29.0,2.397,4.992,0.42,685453.0,False
300.0,40381a7c5087f4ca968ce41333deeb15.param,0.0,0.0,0.0,26.12,746355495.0,770e86a606eeaa67b9256780900134c6,45950.0,1.0,0.0,4.855,15-33,13356.0,0.0,639112.0,4633.0,2.4019999999999997,8601.0,4633.0,-1.0,5910.0,0.0,737116.0,11111.0,746355495.0,20.0,2.094,4.496,0.42,647715.0,False
300.0,40381a7c5087f4ca968ce41333deeb15.param,1.0,0.0,0.0,28.06900000000001,746355495.0,770e86a606eeaa67b9256780900134c6,45950.0,1.0,0.0,4.795,15-33,13356.0,0.0,639112.0,4633.0,2.423,8601.0,4633.0,-1.0,5910.0,0.0,737116.0,11111.0,746355495.0,20.0,2.022,4.445,0.42,647715.0,False
300.0,40381a7c5087f4ca968ce41333deeb15.param,2.0,0.0,0.0,27.16800000000001,746355495.0,770e86a606eeaa67b9256780900134c6,45950.0,1.0,0.0,5.4,15-33,13356.0,0.0,639112.0,4633.0,2.475,8601.0,4633.0,-1.0,5910.0,0.0,737116.0,11111.0,746355495.0,20.0,2.458,4.933,0.42,647715.0,False
300.0,da23055718a39734c4c353a6c30d342b.param,0.0,0.0,0.0,45.566,1405409883.0,9284d383d54b1daf54dd5f62a9b1c87a,85961.0,1.0,0.0,12.385,15-33,19670.0,0.0,1179251.0,4714.0,4.501,15247.0,4714.0,-1.0,10596.0,0.0,1150930.0,19861.0,1405409883.0,21.0,7.186,11.687000000000001,0.63,1194500.0,False
300.0,da23055718a39734c4c353a6c30d342b.param,1.0,0.0,0.0,47.153999999999996,1405409883.0,9284d383d54b1daf54dd5f62a9b1c87a,85961.0,1.0,0.0,12.522,15-33,19670.0,0.0,1179251.0,4714.0,4.578,15247.0,4714.0,-1.0,10596.0,0.0,1150930.0,19861.0,1405409883.0,21.0,7.258999999999999,11.837,0.63,1194500.0,False
300.0,da23055718a39734c4c353a6c30d342b.param,2.0,0.0,0.0,48.423,1405409883.0,9284d383d54b1daf54dd5f62a9b1c87a,85961.0,1.0,0.0,12.46,15-33,19670.0,0.0,1179251.0,4714.0,4.523,15247.0,4714.0,-1.0,10596.0,0.0,1150930.0,19861.0,1405409883.0,21.0,7.257999999999999,11.780999999999999,0.63,1194500.0,False
300.0,a14c00732fcd60d2f8416079c6315cd5.param,0.0,0.0,0.0,17.252,95956545.0,b08ea0ba81b329879f8075d8669ea3fa,118212.0,1.0,0.0,14.217,15-33,34669.0,0.0,386615.0,9642.0,1.403,4145.0,9642.0,-1.0,14640.0,0.0,854983.0,5184.0,95956545.0,32.0,12.512,13.915,0.42,390762.0,False
300.0,a14c00732fcd60d2f8416079c6315cd5.param,1.0,0.0,0.0,16.668,95956545.0,b08ea0ba81b329879f8075d8669ea3fa,118212.0,1.0,0.0,14.232000000000001,15-33,34669.0,0.0,386615.0,9642.0,1.4580000000000002,4145.0,9642.0,-1.0,14640.0,0.0,854983.0,5184.0,95956545.0,32.0,12.529000000000002,13.987,0.42,390762.0,False
300.0,a14c00732fcd60d2f8416079c6315cd5.param,2.0,0.0,0.0,18.15,95956545.0,b08ea0ba81b329879f8075d8669ea3fa,118212.0,1.0,0.0,14.344000000000001,15-33,34669.0,0.0,386615.0,9642.0,1.4169999999999998,4145.0,9642.0,-1.0,14640.0,0.0,854983.0,5184.0,95956545.0,32.0,12.629000000000001,14.046,0.42,390762.0,False
300.0,62b5368b71f5a58af6d0df94093218da.param,0.0,0.0,0.0,48.623999999999995,590654055.0,3de8f8f2563e98acfa42eb3aa84e3d03,200084.0,1.0,0.0,16.531,15-33,61373.0,0.0,1171072.0,6279.0,4.445,13401.0,6279.0,-1.0,20576.0,0.0,1284881.0,17391.0,590654055.0,28.0,11.179,15.624,0.94,1184475.0,False
300.0,62b5368b71f5a58af6d0df94093218da.param,1.0,0.0,0.0,45.996,590654055.0,3de8f8f2563e98acfa42eb3aa84e3d03,200084.0,1.0,0.0,17.959,15-33,61373.0,0.0,1171072.0,6279.0,4.711,13401.0,6279.0,-1.0,20576.0,0.0,1284881.0,17391.0,590654055.0,28.0,12.421,17.132,0.94,1184475.0,False
300.0,62b5368b71f5a58af6d0df94093218da.param,2.0,0.0,0.0,48.446999999999996,590654055.0,3de8f8f2563e98acfa42eb3aa84e3d03,200084.0,1.0,0.0,16.684,15-33,61373.0,0.0,1171072.0,6279.0,4.4430000000000005,13401.0,6279.0,-1.0,20576.0,0.0,1284881.0,17391.0,590654055.0,28.0,11.341,15.784,0.94,1184475.0,False
300.0,902f37d04b6af4dd50620fbce6af0b97.param,0.0,0.0,0.0,50.61600000000001,1258716603.0,44bc724feef2a320b16e4d380c07826f,65147.0,1.0,0.0,9.133,15-33,8955.0,0.0,1206269.0,5708.0,4.605,14650.0,5708.0,-1.0,9913.0,0.0,1219318.0,19072.0,1258716603.0,25.0,3.883,8.488,0.63,1220921.0,False
300.0,902f37d04b6af4dd50620fbce6af0b97.param,1.0,0.0,0.0,49.902,1258716603.0,44bc724feef2a320b16e4d380c07826f,65147.0,1.0,0.0,9.217,15-33,8955.0,0.0,1206269.0,5708.0,4.662,14650.0,5708.0,-1.0,9913.0,0.0,1219318.0,19072.0,1258716603.0,25.0,3.883,8.545,0.63,1220921.0,False
300.0,902f37d04b6af4dd50620fbce6af0b97.param,2.0,0.0,0.0,46.17100000000001,1258716603.0,44bc724feef2a320b16e4d380c07826f,65147.0,1.0,0.0,9.027999999999999,15-33,8955.0,0.0,1206269.0,5708.0,4.562,14650.0,5708.0,-1.0,9913.0,0.0,1219318.0,19072.0,1258716603.0,25.0,3.825,8.387,0.63,1220921.0,False
300.0,ea7bd7600bcbe337da419744986a2765.param,0.0,0.0,0.0,66.468,1057470620.0,d763daf430bc9f0bbe18ca9bad006fd2,1130832.0,1.0,0.0,28.515,15-33,968464.0,0.0,1586292.0,10379.0,6.131,15801.0,10379.0,-1.0,27065.0,0.0,2260954.0,20531.0,1057470620.0,37.0,21.524,27.655,0.94,1602095.0,False
300.0,ea7bd7600bcbe337da419744986a2765.param,1.0,0.0,0.0,64.77600000000001,1057470620.0,d763daf430bc9f0bbe18ca9bad006fd2,1130832.0,1.0,0.0,28.338,15-33,968464.0,0.0,1586292.0,10379.0,6.001,15801.0,10379.0,-1.0,27065.0,0.0,2260954.0,20531.0,1057470620.0,37.0,21.491999999999997,27.493000000000002,0.94,1602095.0,False
300.0,ea7bd7600bcbe337da419744986a2765.param,2.0,0.0,0.0,64.548,1057470620.0,d763daf430bc9f0bbe18ca9bad006fd2,1130832.0,1.0,0.0,29.02,15-33,968464.0,0.0,1586292.0,10379.0,6.4060000000000015,15801.0,10379.0,-1.0,27065.0,0.0,2260954.0,20531.0,1057470620.0,37.0,21.772,28.178,0.94,1602095.0,False
300.0,291d875a60416791f305122ac9d8b34d.param,0.0,0.0,0.0,24.967,1923385776.0,867526026364c46176107f365c1c4da1,338911.0,1.0,0.0,14.408,15-33,241791.0,0.0,570174.0,10200.0,2.147,5861.0,10200.0,-1.0,15216.0,0.0,1010466.0,7453.0,1923385776.0,36.0,11.927,14.074000000000002,0.42,576037.0,False
300.0,291d875a60416791f305122ac9d8b34d.param,1.0,0.0,0.0,24.275,1923385776.0,867526026364c46176107f365c1c4da1,338911.0,1.0,0.0,14.504000000000001,15-33,241791.0,0.0,570174.0,10200.0,2.1959999999999997,5861.0,10200.0,-1.0,15216.0,0.0,1010466.0,7453.0,1923385776.0,36.0,11.955,14.151,0.42,576037.0,False
300.0,291d875a60416791f305122ac9d8b34d.param,2.0,0.0,0.0,22.95300000000001,1923385776.0,867526026364c46176107f365c1c4da1,338911.0,1.0,0.0,14.546,15-33,241791.0,0.0,570174.0,10200.0,2.112,5861.0,10200.0,-1.0,15216.0,0.0,1010466.0,7453.0,1923385776.0,36.0,12.079,14.190999999999999,0.42,576037.0,False
300.0,7b5860221ac4bf880739e34b36b6d1fb.param,0.0,0.0,0.0,46.683,95956545.0,11a1e73e66efbed10f97a2394807cdb6,457579.0,1.0,0.0,19.035999999999998,15-33,311685.0,0.0,1123782.0,9795.0,4.287,11201.0,9795.0,-1.0,20315.0,0.0,1948857.0,14491.0,95956545.0,33.0,14.142000000000001,18.429000000000002,0.63,1134985.0,False
300.0,7b5860221ac4bf880739e34b36b6d1fb.param,1.0,0.0,0.0,45.089,95956545.0,11a1e73e66efbed10f97a2394807cdb6,457579.0,1.0,0.0,19.094,15-33,311685.0,0.0,1123782.0,9795.0,4.377,11201.0,9795.0,-1.0,20315.0,0.0,1948857.0,14491.0,95956545.0,33.0,14.097000000000001,18.474,0.63,1134985.0,False
300.0,7b5860221ac4bf880739e34b36b6d1fb.param,2.0,0.0,0.0,46.542,95956545.0,11a1e73e66efbed10f97a2394807cdb6,457579.0,1.0,0.0,20.738000000000003,15-33,311685.0,0.0,1123782.0,9795.0,4.541,11201.0,9795.0,-1.0,20315.0,0.0,1948857.0,14491.0,95956545.0,33.0,15.38,19.921,0.63,1134985.0,False
300.0,e3acebf7a8b1b7baee676b2504100871.param,0.0,0.0,0.0,9.339,600810857.0,d86ae9f8f6fec7548a72795d23b3cbbe,1107165.0,1.0,0.0,9.758,15-33,1019006.0,0.0,205919.0,9603.0,0.7859999999999999,2209.0,9603.0,-1.0,13533.0,0.0,1422214.0,2560.0,600810857.0,32.0,8.811,9.597000000000001,0.42,208130.0,False
300.0,e3acebf7a8b1b7baee676b2504100871.param,1.0,0.0,0.0,9.818999999999999,600810857.0,d86ae9f8f6fec7548a72795d23b3cbbe,1107165.0,1.0,0.0,9.58,15-33,1019006.0,0.0,205919.0,9603.0,0.737,2209.0,9603.0,-1.0,13533.0,0.0,1422214.0,2560.0,600810857.0,32.0,8.701,9.437999999999999,0.42,208130.0,False
300.0,e3acebf7a8b1b7baee676b2504100871.param,2.0,0.0,0.0,9.871,600810857.0,d86ae9f8f6fec7548a72795d23b3cbbe,1107165.0,1.0,0.0,9.926,15-33,1019006.0,0.0,205919.0,9603.0,0.754,2209.0,9603.0,-1.0,13533.0,0.0,1422214.0,2560.0,600810857.0,32.0,9.02,9.774,0.42,208130.0,False
300.0,2c863ef862f94f5be37b35a0e4c17156.param,0.0,0.0,0.0,42.224,1235388569.0,d4eaba51a6690b471f135d3b0aad378d,314781.0,1.0,0.0,23.688000000000002,15-33,170241.0,0.0,1018710.0,9719.0,4.053,10575.0,9719.0,-1.0,15724.0,0.0,686824.0,13669.0,1235388569.0,33.0,18.844,22.897,0.63,1029287.0,False
300.0,2c863ef862f94f5be37b35a0e4c17156.param,1.0,0.0,0.0,40.455999999999996,1235388569.0,d4eaba51a6690b471f135d3b0aad378d,314781.0,1.0,0.0,22.891,15-33,170241.0,0.0,1018710.0,9719.0,3.824,10575.0,9719.0,-1.0,15724.0,0.0,686824.0,13669.0,1235388569.0,33.0,18.494,22.318,0.63,1029287.0,False
300.0,2c863ef862f94f5be37b35a0e4c17156.param,2.0,0.0,0.0,42.247,1235388569.0,d4eaba51a6690b471f135d3b0aad378d,314781.0,1.0,0.0,22.956999999999997,15-33,170241.0,0.0,1018710.0,9719.0,3.977,10575.0,9719.0,-1.0,15724.0,0.0,686824.0,13669.0,1235388569.0,33.0,18.382,22.359,0.63,1029287.0,False
300.0,53797da70b0cf5f28e45644f5fda249f.param,0.0,0.0,0.0,9.285,1923385776.0,7fb5bac981fefee2bc368e033b13175f,112503.0,1.0,0.0,10.815,15-33,47422.0,0.0,199994.0,10285.0,0.732,1939.0,10285.0,-1.0,11602.0,0.0,900125.0,2245.0,1923385776.0,36.0,9.915,10.647,0.42,201935.0,False
300.0,53797da70b0cf5f28e45644f5fda249f.param,1.0,0.0,0.0,9.495,1923385776.0,7fb5bac981fefee2bc368e033b13175f,112503.0,1.0,0.0,10.942,15-33,47422.0,0.0,199994.0,10285.0,0.722,1939.0,10285.0,-1.0,11602.0,0.0,900125.0,2245.0,1923385776.0,36.0,10.079,10.800999999999998,0.42,201935.0,False
300.0,53797da70b0cf5f28e45644f5fda249f.param,2.0,0.0,0.0,9.049,1923385776.0,7fb5bac981fefee2bc368e033b13175f,112503.0,1.0,0.0,10.788,15-33,47422.0,0.0,199994.0,10285.0,0.8390000000000001,1939.0,10285.0,-1.0,11602.0,0.0,900125.0,2245.0,1923385776.0,36.0,9.811,10.65,0.42,201935.0,False
300.0,f3f514a91e7728b0df10399e56f94206.param,0.0,0.0,0.0,17.942999999999994,590654055.0,d35ded4cfc04674ac02d97d386e37c08,466178.0,1.0,0.0,15.636,15-33,320558.0,0.0,421838.0,9715.0,1.656,4473.0,9715.0,-1.0,20188.0,0.0,1339355.0,5577.0,590654055.0,33.0,13.717,15.373,0.63,426313.0,False
300.0,f3f514a91e7728b0df10399e56f94206.param,1.0,0.0,0.0,17.74,590654055.0,d35ded4cfc04674ac02d97d386e37c08,466178.0,1.0,0.0,15.248,15-33,320558.0,0.0,421838.0,9715.0,1.558,4473.0,9715.0,-1.0,20188.0,0.0,1339355.0,5577.0,590654055.0,33.0,13.424000000000001,14.982000000000001,0.63,426313.0,False
300.0,f3f514a91e7728b0df10399e56f94206.param,2.0,0.0,0.0,18.734,590654055.0,d35ded4cfc04674ac02d97d386e37c08,466178.0,1.0,0.0,16.035999999999998,15-33,320558.0,0.0,421838.0,9715.0,1.6580000000000001,4473.0,9715.0,-1.0,20188.0,0.0,1339355.0,5577.0,590654055.0,33.0,14.058,15.716,0.63,426313.0,False
300.0,ceb1794b37ee7a46798c6a75e6be96ab.param,0.0,0.0,0.0,17.301,590654055.0,1140745f243fb2bf46ef2e7ae41ad7d7,742151.0,1.0,0.0,28.285999999999998,15-33,579947.0,0.0,409397.0,10378.0,1.4980000000000002,4082.0,10378.0,-1.0,22781.0,0.0,1381183.0,5036.0,590654055.0,37.0,26.471,27.969,0.63,413481.0,False
300.0,ceb1794b37ee7a46798c6a75e6be96ab.param,1.0,0.0,0.0,18.846,590654055.0,1140745f243fb2bf46ef2e7ae41ad7d7,742151.0,1.0,0.0,28.955,15-33,579947.0,0.0,409397.0,10378.0,1.518,4082.0,10378.0,-1.0,22781.0,0.0,1381183.0,5036.0,590654055.0,37.0,27.075,28.593000000000004,0.63,413481.0,False
300.0,ceb1794b37ee7a46798c6a75e6be96ab.param,2.0,0.0,0.0,16.953,590654055.0,1140745f243fb2bf46ef2e7ae41ad7d7,742151.0,1.0,0.0,28.02,15-33,579947.0,0.0,409397.0,10378.0,1.564,4082.0,10378.0,-1.0,22781.0,0.0,1381183.0,5036.0,590654055.0,37.0,26.135,27.699,0.63,413481.0,False
300.0,55b26376914ebad092e2e305df354383.param,0.0,0.0,0.0,25.088,1470727592.0,6b1492b9ee4e61bc7d9bcbd4707de113,194658.0,1.0,0.0,6.0710000000000015,15-33,125736.0,0.0,589535.0,6395.0,2.2159999999999997,6529.0,6395.0,-1.0,11874.0,0.0,1018954.0,8350.0,1470727592.0,29.0,3.505,5.721,0.42,596066.0,False
300.0,55b26376914ebad092e2e305df354383.param,1.0,0.0,0.0,25.497,1470727592.0,6b1492b9ee4e61bc7d9bcbd4707de113,194658.0,1.0,0.0,5.8420000000000005,15-33,125736.0,0.0,589535.0,6395.0,2.186,6529.0,6395.0,-1.0,11874.0,0.0,1018954.0,8350.0,1470727592.0,29.0,3.3160000000000003,5.5020000000000024,0.42,596066.0,False
300.0,55b26376914ebad092e2e305df354383.param,2.0,0.0,0.0,26.35,1470727592.0,6b1492b9ee4e61bc7d9bcbd4707de113,194658.0,1.0,0.0,5.7589999999999995,15-33,125736.0,0.0,589535.0,6395.0,2.186,6529.0,6395.0,-1.0,11874.0,0.0,1018954.0,8350.0,1470727592.0,29.0,3.234,5.42,0.42,596066.0,False
300.0,86d0a459cbac55d6b0ecb8de1373f318.param,0.0,0.0,0.0,49.816,34754393.0,05e576bfe9066ba3e10fcbddc2db2fa1,165847.0,1.0,0.0,12.665999999999999,15-33,77245.0,0.0,1152423.0,4088.0,4.454,16592.0,4088.0,-1.0,18321.0,0.0,1143000.0,21602.0,34754393.0,16.0,7.345,11.799000000000001,0.63,1169017.0,False
300.0,86d0a459cbac55d6b0ecb8de1373f318.param,1.0,0.0,0.0,47.867,34754393.0,05e576bfe9066ba3e10fcbddc2db2fa1,165847.0,1.0,0.0,11.543,15-33,77245.0,0.0,1152423.0,4088.0,4.385,16592.0,4088.0,-1.0,18321.0,0.0,1143000.0,21602.0,34754393.0,16.0,6.3389999999999995,10.724,0.63,1169017.0,False
300.0,86d0a459cbac55d6b0ecb8de1373f318.param,2.0,0.0,0.0,48.453,34754393.0,05e576bfe9066ba3e10fcbddc2db2fa1,165847.0,1.0,0.0,11.274000000000001,15-33,77245.0,0.0,1152423.0,4088.0,4.479,16592.0,4088.0,-1.0,18321.0,0.0,1143000.0,21602.0,34754393.0,16.0,6.1670000000000025,10.645999999999999,0.63,1169017.0,False
300.0,e132556b0d38151640e92d05691dbdbe.param,0.0,0.0,0.0,71.788,1918631718.0,ed244622fd5af531b98bafcb83d69fa3,203389.0,1.0,0.0,16.115,15-33,74585.0,0.0,1857767.0,9730.0,7.225,19075.0,9730.0,-1.0,17580.0,0.0,1124662.0,24877.0,1918631718.0,33.0,7.489,14.714,0.94,1876844.0,False
300.0,e132556b0d38151640e92d05691dbdbe.param,1.0,0.0,0.0,74.241,1918631718.0,ed244622fd5af531b98bafcb83d69fa3,203389.0,1.0,0.0,15.202,15-33,74585.0,0.0,1857767.0,9730.0,7.142,19075.0,9730.0,-1.0,17580.0,0.0,1124662.0,24877.0,1918631718.0,33.0,7.066,14.208,0.94,1876844.0,False
300.0,e132556b0d38151640e92d05691dbdbe.param,2.0,0.0,0.0,76.61,1918631718.0,ed244622fd5af531b98bafcb83d69fa3,203389.0,1.0,0.0,15.123,15-33,74585.0,0.0,1857767.0,9730.0,7.1370000000000005,19075.0,9730.0,-1.0,17580.0,0.0,1124662.0,24877.0,1918631718.0,33.0,6.959,14.095999999999998,0.94,1876844.0,False
300.0,3a224236b6b589e9f8161cb41fb64421.param,0.0,0.0,0.0,39.713,2028359165.0,85ede340dba253f2c808b6b765a4df55,296691.0,1.0,0.0,9.879,15-33,197123.0,0.0,936699.0,6395.0,3.592,10256.0,6395.0,-1.0,15076.0,0.0,841740.0,13258.0,2028359165.0,29.0,5.558,9.15,0.42,946957.0,False
300.0,3a224236b6b589e9f8161cb41fb64421.param,1.0,0.0,0.0,39.371,2028359165.0,85ede340dba253f2c808b6b765a4df55,296691.0,1.0,0.0,9.696,15-33,197123.0,0.0,936699.0,6395.0,3.718,10256.0,6395.0,-1.0,15076.0,0.0,841740.0,13258.0,2028359165.0,29.0,5.461,9.179,0.42,946957.0,False
300.0,3a224236b6b589e9f8161cb41fb64421.param,2.0,0.0,0.0,38.492,2028359165.0,85ede340dba253f2c808b6b765a4df55,296691.0,1.0,0.0,9.492,15-33,197123.0,0.0,936699.0,6395.0,3.593,10256.0,6395.0,-1.0,15076.0,0.0,841740.0,13258.0,2028359165.0,29.0,5.347,8.94,0.42,946957.0,False
300.0,f09afe8bb1fa94a49596406bf88166c9.param,0.0,0.0,0.0,48.273,1918631718.0,57335f8f78b9db1619890940f9967417,86889.0,1.0,0.0,7.581,15-33,23051.0,0.0,1147733.0,6317.0,4.419,12840.0,6317.0,-1.0,11640.0,0.0,873790.0,16642.0,1918631718.0,29.0,2.541,6.96,0.63,1160575.0,False
300.0,f09afe8bb1fa94a49596406bf88166c9.param,1.0,0.0,0.0,48.745,1918631718.0,57335f8f78b9db1619890940f9967417,86889.0,1.0,0.0,7.5310000000000015,15-33,23051.0,0.0,1147733.0,6317.0,4.4239999999999995,12840.0,6317.0,-1.0,11640.0,0.0,873790.0,16642.0,1918631718.0,29.0,2.4819999999999998,6.9060000000000015,0.63,1160575.0,False
300.0,f09afe8bb1fa94a49596406bf88166c9.param,2.0,0.0,0.0,46.68899999999999,1918631718.0,57335f8f78b9db1619890940f9967417,86889.0,1.0,0.0,8.152999999999999,15-33,23051.0,0.0,1147733.0,6317.0,4.539,12840.0,6317.0,-1.0,11640.0,0.0,873790.0,16642.0,1918631718.0,29.0,2.764,7.303,0.63,1160575.0,False
300.0,c7380516182e520bfda807e4d9ed529d.param,0.0,0.0,0.0,10.645,1057470620.0,ec59212d2a458dacbd9d9097f95350a0,84058.0,1.0,0.0,2.6689999999999996,15-33,33940.0,0.0,231668.0,6394.0,0.894,2335.0,6394.0,-1.0,9325.0,0.0,937495.0,2707.0,1057470620.0,29.0,1.617,2.511,0.28,234005.0,False
300.0,c7380516182e520bfda807e4d9ed529d.param,1.0,0.0,0.0,10.227,1057470620.0,ec59212d2a458dacbd9d9097f95350a0,84058.0,1.0,0.0,2.6239999999999997,15-33,33940.0,0.0,231668.0,6394.0,0.8440000000000001,2335.0,6394.0,-1.0,9325.0,0.0,937495.0,2707.0,1057470620.0,29.0,1.624,2.468,0.28,234005.0,False
300.0,c7380516182e520bfda807e4d9ed529d.param,2.0,0.0,0.0,9.935,1057470620.0,ec59212d2a458dacbd9d9097f95350a0,84058.0,1.0,0.0,2.668,15-33,33940.0,0.0,231668.0,6394.0,0.863,2335.0,6394.0,-1.0,9325.0,0.0,937495.0,2707.0,1057470620.0,29.0,1.65,2.513,0.28,234005.0,False
300.0,9fea3b5fddf357019f10d5f61fc8a74b.param,0.0,0.0,0.0,39.079,693280077.0,e00251a6edae0bf7eda72dbbf0beb083,54004.0,1.0,0.0,5.915,15-33,25056.0,0.0,951609.0,4172.0,3.614,13329.0,4172.0,-1.0,8731.0,0.0,379111.0,17325.0,693280077.0,17.0,1.768,5.3820000000000014,0.63,964940.0,False
300.0,9fea3b5fddf357019f10d5f61fc8a74b.param,1.0,0.0,0.0,39.078,693280077.0,e00251a6edae0bf7eda72dbbf0beb083,54004.0,1.0,0.0,5.92,15-33,25056.0,0.0,951609.0,4172.0,3.608,13329.0,4172.0,-1.0,8731.0,0.0,379111.0,17325.0,693280077.0,17.0,1.765,5.3729999999999976,0.63,964940.0,False
300.0,9fea3b5fddf357019f10d5f61fc8a74b.param,2.0,0.0,0.0,38.769,693280077.0,e00251a6edae0bf7eda72dbbf0beb083,54004.0,1.0,0.0,6.252999999999999,15-33,25056.0,0.0,951609.0,4172.0,3.722,13329.0,4172.0,-1.0,8731.0,0.0,379111.0,17325.0,693280077.0,17.0,1.886,5.608,0.63,964940.0,False
300.0,5f169f8946c848c062a4dd468eb064c1.param,0.0,0.0,0.0,74.05,2136253402.0,1ffd4704925e25d7727d2c8adda88a1a,165742.0,1.0,0.0,12.725999999999999,15-33,53280.0,0.0,1818635.0,11292.0,7.0360000000000005,17265.0,11292.0,-1.0,15396.0,0.0,1395385.0,22502.0,2136253402.0,40.0,4.732,11.767999999999999,0.94,1835902.0,False
300.0,5f169f8946c848c062a4dd468eb064c1.param,1.0,0.0,0.0,71.91199999999998,2136253402.0,1ffd4704925e25d7727d2c8adda88a1a,165742.0,1.0,0.0,12.607000000000001,15-33,53280.0,0.0,1818635.0,11292.0,6.971,17265.0,11292.0,-1.0,15396.0,0.0,1395385.0,22502.0,2136253402.0,40.0,4.715,11.686,0.94,1835902.0,False
300.0,5f169f8946c848c062a4dd468eb064c1.param,2.0,0.0,0.0,73.658,2136253402.0,1ffd4704925e25d7727d2c8adda88a1a,165742.0,1.0,0.0,12.575,15-33,53280.0,0.0,1818635.0,11292.0,6.9570000000000025,17265.0,11292.0,-1.0,15396.0,0.0,1395385.0,22502.0,2136253402.0,40.0,4.652,11.609000000000002,0.94,1835902.0,False
300.0,accc739b7443ee6f6c986b29106d30b2.param,0.0,0.0,0.0,64.535,1057470620.0,5a321244f8d848f2c043f48daad5e25d,130848.0,1.0,0.0,10.657,15-33,57287.0,0.0,1731122.0,6332.0,6.875,16751.0,6332.0,-1.0,13292.0,0.0,1054834.0,21821.0,1057470620.0,29.0,2.858,9.732999999999999,0.63,1747875.0,False
300.0,accc739b7443ee6f6c986b29106d30b2.param,1.0,0.0,0.0,73.217,1057470620.0,5a321244f8d848f2c043f48daad5e25d,130848.0,1.0,0.0,10.936,15-33,57287.0,0.0,1731122.0,6332.0,6.685,16751.0,6332.0,-1.0,13292.0,0.0,1054834.0,21821.0,1057470620.0,29.0,2.967,9.652000000000001,0.63,1747875.0,False
300.0,accc739b7443ee6f6c986b29106d30b2.param,2.0,0.0,0.0,71.91199999999998,1057470620.0,5a321244f8d848f2c043f48daad5e25d,130848.0,1.0,0.0,10.47,15-33,57287.0,0.0,1731122.0,6332.0,6.705,16751.0,6332.0,-1.0,13292.0,0.0,1054834.0,21821.0,1057470620.0,29.0,2.845,9.55,0.63,1747875.0,False
300.0,d77b1e8e85636e2a8e697f0467151b32.param,0.0,0.0,0.0,10.827,590654055.0,6ddcc44e078e224a936e0025623d19e8,275492.0,1.0,0.0,12.475999999999999,15-33,191703.0,0.0,222248.0,9771.0,0.815,2263.0,9771.0,-1.0,9686.0,0.0,1465830.0,2623.0,590654055.0,33.0,11.477,12.292,0.42,224513.0,False
300.0,d77b1e8e85636e2a8e697f0467151b32.param,1.0,0.0,0.0,10.167,590654055.0,6ddcc44e078e224a936e0025623d19e8,275492.0,1.0,0.0,12.214,15-33,191703.0,0.0,222248.0,9771.0,0.852,2263.0,9771.0,-1.0,9686.0,0.0,1465830.0,2623.0,590654055.0,33.0,11.164000000000001,12.015999999999998,0.42,224513.0,False
300.0,d77b1e8e85636e2a8e697f0467151b32.param,2.0,0.0,0.0,10.445,590654055.0,6ddcc44e078e224a936e0025623d19e8,275492.0,1.0,0.0,12.359000000000002,15-33,191703.0,0.0,222248.0,9771.0,0.838,2263.0,9771.0,-1.0,9686.0,0.0,1465830.0,2623.0,590654055.0,33.0,11.373,12.210999999999999,0.42,224513.0,False
300.0,7c50c2c12e2aac2541da57a3aad7ca55.param,0.0,0.0,0.0,68.005,182366586.0,bfb3c943ac4916fccdc585fed708f906,576499.0,1.0,0.0,50.035,15-33,343055.0,0.0,1768013.0,10244.0,7.131,18353.0,10244.0,-1.0,21861.0,0.0,1159422.0,23952.0,182366586.0,36.0,41.644,48.775,0.94,1786368.0,False
300.0,7c50c2c12e2aac2541da57a3aad7ca55.param,1.0,0.0,0.0,72.274,182366586.0,bfb3c943ac4916fccdc585fed708f906,576499.0,1.0,0.0,49.181999999999995,15-33,343055.0,0.0,1768013.0,10244.0,6.9510000000000005,18353.0,10244.0,-1.0,21861.0,0.0,1159422.0,23952.0,182366586.0,36.0,40.989,47.94,0.94,1786368.0,False
300.0,7c50c2c12e2aac2541da57a3aad7ca55.param,2.0,0.0,0.0,71.567,182366586.0,bfb3c943ac4916fccdc585fed708f906,576499.0,1.0,0.0,48.601000000000006,15-33,343055.0,0.0,1768013.0,10244.0,6.751,18353.0,10244.0,-1.0,21861.0,0.0,1159422.0,23952.0,182366586.0,36.0,40.905,47.65600000000001,0.94,1786368.0,False
300.0,3516b948e6368c1e04e766cb3dbf658f.param,0.0,0.0,0.0,97.11,1235388569.0,f1dc5f877d10debbde9e65af405e5140,351390.0,1.0,0.0,31.112,15-33,154380.0,0.0,2399267.0,10289.0,9.5,24651.0,10289.0,-1.0,23864.0,0.0,1788572.0,32271.0,1235388569.0,36.0,20.282,29.781999999999996,0.94,2423920.0,False
300.0,3516b948e6368c1e04e766cb3dbf658f.param,1.0,0.0,0.0,90.78,1235388569.0,f1dc5f877d10debbde9e65af405e5140,351390.0,1.0,0.0,29.289,15-33,154380.0,0.0,2399267.0,10289.0,9.234,24651.0,10289.0,-1.0,23864.0,0.0,1788572.0,32271.0,1235388569.0,36.0,18.708,27.941999999999997,0.94,2423920.0,False
300.0,3516b948e6368c1e04e766cb3dbf658f.param,2.0,0.0,0.0,90.729,1235388569.0,f1dc5f877d10debbde9e65af405e5140,351390.0,1.0,0.0,30.104,15-33,154380.0,0.0,2399267.0,10289.0,9.3,24651.0,10289.0,-1.0,23864.0,0.0,1788572.0,32271.0,1235388569.0,36.0,19.03,28.33,0.94,2423920.0,False
300.0,971e5d247ffd98140d5d9199460cd7b4.param,0.0,0.0,0.0,32.597,1257636424.0,21cca0c4409f5f9a811f56ca6bb743aa,404393.0,1.0,0.0,25.561999999999998,15-33,241837.0,0.0,759646.0,9683.0,2.827,8051.0,9683.0,-1.0,23763.0,0.0,1573463.0,10305.0,1257636424.0,32.0,22.153000000000002,24.98,0.94,767699.0,False
300.0,971e5d247ffd98140d5d9199460cd7b4.param,1.0,0.0,0.0,31.285999999999998,1257636424.0,21cca0c4409f5f9a811f56ca6bb743aa,404393.0,1.0,0.0,25.35,15-33,241837.0,0.0,759646.0,9683.0,2.885,8051.0,9683.0,-1.0,23763.0,0.0,1573463.0,10305.0,1257636424.0,32.0,22.046,24.930999999999997,0.94,767699.0,False
300.0,971e5d247ffd98140d5d9199460cd7b4.param,2.0,0.0,0.0,34.01,1257636424.0,21cca0c4409f5f9a811f56ca6bb743aa,404393.0,1.0,0.0,26.166999999999998,15-33,241837.0,0.0,759646.0,9683.0,2.9219999999999997,8051.0,9683.0,-1.0,23763.0,0.0,1573463.0,10305.0,1257636424.0,32.0,22.785999999999998,25.708000000000002,0.94,767699.0,False
300.0,36fc98d1195ddc35e5ef9eb80f9a3178.param,0.0,0.0,0.0,12.745999999999999,270657042.0,d36ab7dfdd5dc19bc760b2551da364d2,34375.0,1.0,0.0,2.865,15-33,9296.0,0.0,280718.0,4732.0,1.074,3729.0,4732.0,-1.0,5325.0,0.0,381831.0,4685.0,270657042.0,21.0,1.6019999999999999,2.676,0.19,284449.0,False
300.0,36fc98d1195ddc35e5ef9eb80f9a3178.param,1.0,0.0,0.0,12.765999999999998,270657042.0,d36ab7dfdd5dc19bc760b2551da364d2,34375.0,1.0,0.0,2.88,15-33,9296.0,0.0,280718.0,4732.0,1.051,3729.0,4732.0,-1.0,5325.0,0.0,381831.0,4685.0,270657042.0,21.0,1.6030000000000002,2.654,0.19,284449.0,False
300.0,36fc98d1195ddc35e5ef9eb80f9a3178.param,2.0,0.0,0.0,12.279000000000002,270657042.0,d36ab7dfdd5dc19bc760b2551da364d2,34375.0,1.0,0.0,2.773,15-33,9296.0,0.0,280718.0,4732.0,1.024,3729.0,4732.0,-1.0,5325.0,0.0,381831.0,4685.0,270657042.0,21.0,1.5619999999999998,2.5860000000000003,0.19,284449.0,False
300.0,bb83bd2588db308f9da59945e9f53761.param,0.0,0.0,0.0,35.531,823094821.0,6b9fbc182b7c3f56aad48ea95e3c7955,246619.0,1.0,0.0,9.036,15-33,179710.0,0.0,888589.0,5780.0,3.347,10538.0,5780.0,-1.0,14065.0,0.0,929685.0,13648.0,823094821.0,25.0,5.176,8.523,0.42,899129.0,False
300.0,bb83bd2588db308f9da59945e9f53761.param,1.0,0.0,0.0,38.022,823094821.0,6b9fbc182b7c3f56aad48ea95e3c7955,246619.0,1.0,0.0,9.396,15-33,179710.0,0.0,888589.0,5780.0,3.443,10538.0,5780.0,-1.0,14065.0,0.0,929685.0,13648.0,823094821.0,25.0,5.428,8.871,0.42,899129.0,False
300.0,bb83bd2588db308f9da59945e9f53761.param,2.0,0.0,0.0,36.003,823094821.0,6b9fbc182b7c3f56aad48ea95e3c7955,246619.0,1.0,0.0,9.321,15-33,179710.0,0.0,888589.0,5780.0,3.39,10538.0,5780.0,-1.0,14065.0,0.0,929685.0,13648.0,823094821.0,25.0,5.428,8.818,0.42,899129.0,False
300.0,2cf01039b19cea84eef8c942aea32605.param,0.0,0.0,0.0,78.725,1057470620.0,b063e5fbbcf748f217d94b4b2944adc6,239922.0,1.0,0.0,22.186999999999998,15-33,40761.0,0.0,1834718.0,11200.0,7.331,18097.0,11200.0,-1.0,21553.0,0.0,1241900.0,23581.0,1057470620.0,40.0,13.637,20.968000000000004,0.94,1852817.0,False
300.0,2cf01039b19cea84eef8c942aea32605.param,1.0,0.0,0.0,72.664,1057470620.0,b063e5fbbcf748f217d94b4b2944adc6,239922.0,1.0,0.0,22.269000000000002,15-33,40761.0,0.0,1834718.0,11200.0,7.3039999999999985,18097.0,11200.0,-1.0,21553.0,0.0,1241900.0,23581.0,1057470620.0,40.0,13.639000000000001,20.943,0.94,1852817.0,False
300.0,2cf01039b19cea84eef8c942aea32605.param,2.0,0.0,0.0,72.35,1057470620.0,b063e5fbbcf748f217d94b4b2944adc6,239922.0,1.0,0.0,21.998,15-33,40761.0,0.0,1834718.0,11200.0,7.132999999999999,18097.0,11200.0,-1.0,21553.0,0.0,1241900.0,23581.0,1057470620.0,40.0,13.552,20.685,0.94,1852817.0,False
300.0,c73e9bafac569591c4ea47d45cfac20c.param,0.0,0.0,0.0,31.265,1918631718.0,df3bf24924a146471b8fd458f75f1e1c,1990711.0,1.0,0.0,38.425,15-33,1762872.0,0.0,700375.0,10379.0,2.62,7050.0,10379.0,-1.0,29015.0,0.0,1842929.0,8964.0,1918631718.0,37.0,35.275999999999996,37.896,0.94,707427.0,False
300.0,c73e9bafac569591c4ea47d45cfac20c.param,1.0,0.0,0.0,31.485,1918631718.0,df3bf24924a146471b8fd458f75f1e1c,1990711.0,1.0,0.0,38.084,15-33,1762872.0,0.0,700375.0,10379.0,2.614,7050.0,10379.0,-1.0,29015.0,0.0,1842929.0,8964.0,1918631718.0,37.0,35.054,37.668,0.94,707427.0,False
300.0,c73e9bafac569591c4ea47d45cfac20c.param,2.0,0.0,0.0,30.46,1918631718.0,df3bf24924a146471b8fd458f75f1e1c,1990711.0,1.0,0.0,38.553000000000004,15-33,1762872.0,0.0,700375.0,10379.0,2.635,7050.0,10379.0,-1.0,29015.0,0.0,1842929.0,8964.0,1918631718.0,37.0,35.506,38.141,0.94,707427.0,False
300.0,d6dbb131b6c4096427e3cdbc24174d58.param,0.0,0.0,0.0,15.635,254168822.0,1c23a0de2fc33da9147af3ca06b16f31,124614.0,1.0,0.0,4.638,15-33,63339.0,0.0,351737.0,9747.0,1.276,3693.0,9747.0,-1.0,11401.0,0.0,993975.0,4597.0,254168822.0,33.0,3.153,4.428999999999999,0.42,355432.0,False
300.0,d6dbb131b6c4096427e3cdbc24174d58.param,1.0,0.0,0.0,16.104,254168822.0,1c23a0de2fc33da9147af3ca06b16f31,124614.0,1.0,0.0,4.771,15-33,63339.0,0.0,351737.0,9747.0,1.298,3693.0,9747.0,-1.0,11401.0,0.0,993975.0,4597.0,254168822.0,33.0,3.266,4.564,0.42,355432.0,False
300.0,d6dbb131b6c4096427e3cdbc24174d58.param,2.0,0.0,0.0,16.19,254168822.0,1c23a0de2fc33da9147af3ca06b16f31,124614.0,1.0,0.0,4.68,15-33,63339.0,0.0,351737.0,9747.0,1.296,3693.0,9747.0,-1.0,11401.0,0.0,993975.0,4597.0,254168822.0,33.0,3.1710000000000003,4.467,0.42,355432.0,False
300.0,61f5f3058b749cd913e33ba1bf9fcead.param,0.0,0.0,0.0,5.277,693280077.0,ad11dc7a35bc543dc7acd079466d938a,58398.0,1.0,0.0,2.045,15-33,42616.0,0.0,117869.0,4137.0,0.42200000000000004,1401.0,4137.0,-1.0,5649.0,0.0,490978.0,1508.0,693280077.0,17.0,1.5290000000000001,1.9509999999999998,0.19,119272.0,False
300.0,61f5f3058b749cd913e33ba1bf9fcead.param,1.0,0.0,0.0,5.5729999999999995,693280077.0,ad11dc7a35bc543dc7acd079466d938a,58398.0,1.0,0.0,2.184,15-33,42616.0,0.0,117869.0,4137.0,0.474,1401.0,4137.0,-1.0,5649.0,0.0,490978.0,1508.0,693280077.0,17.0,1.605,2.079,0.19,119272.0,False
300.0,61f5f3058b749cd913e33ba1bf9fcead.param,2.0,0.0,0.0,5.452999999999999,693280077.0,ad11dc7a35bc543dc7acd079466d938a,58398.0,1.0,0.0,2.0669999999999997,15-33,42616.0,0.0,117869.0,4137.0,0.423,1401.0,4137.0,-1.0,5649.0,0.0,490978.0,1508.0,693280077.0,17.0,1.548,1.9709999999999999,0.19,119272.0,False
300.0,92f07d9616904178c202cd6d7e0ae97d.param,0.0,0.0,0.0,30.56,1098776393.0,94630d4954047d82359aaa8ac927e510,62347.0,1.0,0.0,5.521,15-33,14097.0,0.0,688833.0,10200.0,2.562,7229.0,10200.0,-1.0,4693.0,0.0,770503.0,9270.0,1098776393.0,36.0,2.543,5.105,0.42,696064.0,False
300.0,92f07d9616904178c202cd6d7e0ae97d.param,1.0,0.0,0.0,30.331999999999997,1098776393.0,94630d4954047d82359aaa8ac927e510,62347.0,1.0,0.0,5.513,15-33,14097.0,0.0,688833.0,10200.0,2.5780000000000003,7229.0,10200.0,-1.0,4693.0,0.0,770503.0,9270.0,1098776393.0,36.0,2.555,5.132999999999999,0.42,696064.0,False
300.0,92f07d9616904178c202cd6d7e0ae97d.param,2.0,0.0,0.0,28.559,1098776393.0,94630d4954047d82359aaa8ac927e510,62347.0,1.0,0.0,5.587999999999999,15-33,14097.0,0.0,688833.0,10200.0,2.639,7229.0,10200.0,-1.0,4693.0,0.0,770503.0,9270.0,1098776393.0,36.0,2.541,5.18,0.42,696064.0,False
300.0,97b29b11b39e49b80f3ff828f7a4f470.param,0.0,0.0,0.0,25.294,372553220.0,8fafd3f0b10bc33b5a0953fb2338ab87,44364.0,1.0,0.0,3.5780000000000003,15-33,18965.0,0.0,585501.0,4731.0,2.156,7026.0,4731.0,-1.0,5068.0,0.0,678309.0,9000.0,372553220.0,21.0,1.0979999999999999,3.2539999999999996,0.28,592529.0,False
300.0,97b29b11b39e49b80f3ff828f7a4f470.param,1.0,0.0,0.0,25.274,372553220.0,8fafd3f0b10bc33b5a0953fb2338ab87,44364.0,1.0,0.0,3.714,15-33,18965.0,0.0,585501.0,4731.0,2.1790000000000003,7026.0,4731.0,-1.0,5068.0,0.0,678309.0,9000.0,372553220.0,21.0,1.173,3.352,0.28,592529.0,False
300.0,97b29b11b39e49b80f3ff828f7a4f470.param,2.0,0.0,0.0,26.393,372553220.0,8fafd3f0b10bc33b5a0953fb2338ab87,44364.0,1.0,0.0,3.5980000000000003,15-33,18965.0,0.0,585501.0,4731.0,2.1790000000000003,7026.0,4731.0,-1.0,5068.0,0.0,678309.0,9000.0,372553220.0,21.0,1.073,3.252,0.28,592529.0,False
300.0,8dbc47c71dc08cbc8ffa4bf3b92aa057.param,0.0,0.0,0.0,21.579,1571287961.0,d7435b31b8d3b3e422b42d74a159972a,83716.0,1.0,0.0,4.0280000000000005,15-33,25747.0,0.0,460830.0,4634.0,1.819,6195.0,4634.0,-1.0,11569.0,0.0,871625.0,7869.0,1571287961.0,20.0,1.901,3.72,0.42,467027.0,False
300.0,8dbc47c71dc08cbc8ffa4bf3b92aa057.param,1.0,0.0,0.0,20.923000000000002,1571287961.0,d7435b31b8d3b3e422b42d74a159972a,83716.0,1.0,0.0,3.998,15-33,25747.0,0.0,460830.0,4634.0,1.7269999999999999,6195.0,4634.0,-1.0,11569.0,0.0,871625.0,7869.0,1571287961.0,20.0,1.99,3.717,0.42,467027.0,False
300.0,8dbc47c71dc08cbc8ffa4bf3b92aa057.param,2.0,0.0,0.0,21.561,1571287961.0,d7435b31b8d3b3e422b42d74a159972a,83716.0,1.0,0.0,3.7110000000000003,15-33,25747.0,0.0,460830.0,4634.0,1.695,6195.0,4634.0,-1.0,11569.0,0.0,871625.0,7869.0,1571287961.0,20.0,1.7080000000000002,3.403,0.42,467027.0,False
300.0,ea9e2588afe4504c0be19561db25ccfd.param,0.0,0.0,0.0,36.42,2050821110.0,1b9b09c22e460eddf400f035b34a5fd7,153358.0,1.0,0.0,12.735999999999999,15-33,53376.0,0.0,867260.0,5600.0,3.427,10795.0,5600.0,-1.0,13950.0,0.0,1028356.0,13987.0,2050821110.0,24.0,8.647,12.074000000000002,0.63,878057.0,False
300.0,ea9e2588afe4504c0be19561db25ccfd.param,1.0,0.0,0.0,34.181,2050821110.0,1b9b09c22e460eddf400f035b34a5fd7,153358.0,1.0,0.0,12.242,15-33,53376.0,0.0,867260.0,5600.0,3.275,10795.0,5600.0,-1.0,13950.0,0.0,1028356.0,13987.0,2050821110.0,24.0,8.461,11.735999999999999,0.63,878057.0,False
300.0,ea9e2588afe4504c0be19561db25ccfd.param,2.0,0.0,0.0,34.62,2050821110.0,1b9b09c22e460eddf400f035b34a5fd7,153358.0,1.0,0.0,12.413,15-33,53376.0,0.0,867260.0,5600.0,3.2960000000000003,10795.0,5600.0,-1.0,13950.0,0.0,1028356.0,13987.0,2050821110.0,24.0,8.418,11.714,0.63,878057.0,False
300.0,a78197c32b5c06c92ee4f6e438ee3962.param,0.0,0.0,0.0,71.509,506016928.0,bfd7bcbd2b40416509fa7f09efa75a82,108787.0,1.0,0.0,10.405,15-33,49130.0,0.0,1805957.0,6280.0,7.193,20217.0,6280.0,-1.0,13289.0,0.0,795012.0,26416.0,506016928.0,28.0,2.036,9.229,0.94,1826176.0,False
300.0,a78197c32b5c06c92ee4f6e438ee3962.param,1.0,0.0,0.0,69.105,506016928.0,bfd7bcbd2b40416509fa7f09efa75a82,108787.0,1.0,0.0,10.548,15-33,49130.0,0.0,1805957.0,6280.0,7.2810000000000015,20217.0,6280.0,-1.0,13289.0,0.0,795012.0,26416.0,506016928.0,28.0,2.002,9.283,0.94,1826176.0,False
300.0,a78197c32b5c06c92ee4f6e438ee3962.param,2.0,0.0,0.0,73.193,506016928.0,bfd7bcbd2b40416509fa7f09efa75a82,108787.0,1.0,0.0,10.682,15-33,49130.0,0.0,1805957.0,6280.0,7.164,20217.0,6280.0,-1.0,13289.0,0.0,795012.0,26416.0,506016928.0,28.0,2.182,9.346,0.94,1826176.0,False
300.0,056d65a7bb6760a4c29fabc08869fd2b.param,0.0,0.0,0.0,95.568,160742207.0,f749c85086d9a8a589bfb072b5560192,373942.0,1.0,0.0,38.177,15-33,208029.0,0.0,2499221.0,10378.0,9.831,25161.0,10378.0,-1.0,21181.0,0.0,3053291.0,32945.0,160742207.0,37.0,26.947,36.778,0.94,2524384.0,False
300.0,056d65a7bb6760a4c29fabc08869fd2b.param,1.0,0.0,0.0,101.337,160742207.0,f749c85086d9a8a589bfb072b5560192,373942.0,1.0,0.0,40.88,15-33,208029.0,0.0,2499221.0,10378.0,9.607999999999999,25161.0,10378.0,-1.0,21181.0,0.0,3053291.0,32945.0,160742207.0,37.0,29.833000000000002,39.441,0.94,2524384.0,False
300.0,056d65a7bb6760a4c29fabc08869fd2b.param,2.0,0.0,0.0,103.596,160742207.0,f749c85086d9a8a589bfb072b5560192,373942.0,1.0,0.0,38.305,15-33,208029.0,0.0,2499221.0,10378.0,9.7,25161.0,10378.0,-1.0,21181.0,0.0,3053291.0,32945.0,160742207.0,37.0,26.811,36.510999999999996,0.94,2524384.0,False
300.0,9a031fb141138ee9bc8fad2cc059ee0e.param,0.0,0.0,0.0,18.17,95956545.0,6298ab61dc1090e06b451c628492aa26,213721.0,1.0,0.0,13.659,15-33,102895.0,0.0,405401.0,9600.0,1.504,4441.0,9600.0,-1.0,15771.0,0.0,794533.0,5575.0,95956545.0,32.0,11.828,13.332,0.42,409844.0,False
300.0,9a031fb141138ee9bc8fad2cc059ee0e.param,1.0,0.0,0.0,17.335,95956545.0,6298ab61dc1090e06b451c628492aa26,213721.0,1.0,0.0,13.704,15-33,102895.0,0.0,405401.0,9600.0,1.4869999999999999,4441.0,9600.0,-1.0,15771.0,0.0,794533.0,5575.0,95956545.0,32.0,11.9,13.387,0.42,409844.0,False
300.0,9a031fb141138ee9bc8fad2cc059ee0e.param,2.0,0.0,0.0,18.442999999999998,95956545.0,6298ab61dc1090e06b451c628492aa26,213721.0,1.0,0.0,13.866,15-33,102895.0,0.0,405401.0,9600.0,1.595,4441.0,9600.0,-1.0,15771.0,0.0,794533.0,5575.0,95956545.0,32.0,11.942,13.537,0.42,409844.0,False
300.0,37f39e77e4ab35860e338849791d985b.param,0.0,0.0,0.0,60.077,1057470620.0,7b1eec55b21e3e15f296b5b726b46544,323219.0,1.0,0.0,34.078,15-33,111465.0,0.0,1445539.0,11270.0,5.756,13985.0,11270.0,-1.0,26712.0,0.0,2047059.0,18144.0,1057470620.0,40.0,27.281,33.037,0.94,1459526.0,False
300.0,37f39e77e4ab35860e338849791d985b.param,1.0,0.0,0.0,58.198,1057470620.0,7b1eec55b21e3e15f296b5b726b46544,323219.0,1.0,0.0,33.019,15-33,111465.0,0.0,1445539.0,11270.0,5.712999999999999,13985.0,11270.0,-1.0,26712.0,0.0,2047059.0,18144.0,1057470620.0,40.0,26.385,32.098,0.94,1459526.0,False
300.0,37f39e77e4ab35860e338849791d985b.param,2.0,0.0,0.0,63.879,1057470620.0,7b1eec55b21e3e15f296b5b726b46544,323219.0,1.0,0.0,34.126,15-33,111465.0,0.0,1445539.0,11270.0,5.657,13985.0,11270.0,-1.0,26712.0,0.0,2047059.0,18144.0,1057470620.0,40.0,27.432,33.089,0.94,1459526.0,False
300.0,ba4c3b35debdf0cbd1cf9beea46e68ac.param,0.0,0.0,0.0,16.347,1083416308.0,94aaec35f8dca0528da43cd6ded2dbba,59572.0,1.0,0.0,3.2230000000000003,15-33,31343.0,0.0,358797.0,4798.0,1.3319999999999999,4257.0,4798.0,-1.0,4721.0,0.0,557932.0,5356.0,1083416308.0,21.0,1.6669999999999998,2.9989999999999997,0.28,363056.0,False
300.0,ba4c3b35debdf0cbd1cf9beea46e68ac.param,1.0,0.0,0.0,15.818,1083416308.0,94aaec35f8dca0528da43cd6ded2dbba,59572.0,1.0,0.0,3.1310000000000002,15-33,31343.0,0.0,358797.0,4798.0,1.319,4257.0,4798.0,-1.0,4721.0,0.0,557932.0,5356.0,1083416308.0,21.0,1.5819999999999999,2.9010000000000002,0.28,363056.0,False
300.0,ba4c3b35debdf0cbd1cf9beea46e68ac.param,2.0,0.0,0.0,16.685,1083416308.0,94aaec35f8dca0528da43cd6ded2dbba,59572.0,1.0,0.0,3.1069999999999998,15-33,31343.0,0.0,358797.0,4798.0,1.305,4257.0,4798.0,-1.0,4721.0,0.0,557932.0,5356.0,1083416308.0,21.0,1.5830000000000002,2.888,0.28,363056.0,False
300.0,ffb2d731edec22edde6bc403f6c68136.param,0.0,0.0,0.0,33.413000000000004,1470727592.0,938b3999144b0ff2b4eced912677f5e1,112537.0,1.0,0.0,13.911,15-33,42819.0,0.0,806891.0,5673.0,3.0660000000000003,9923.0,5673.0,-1.0,10387.0,0.0,1845979.0,12843.0,1470727592.0,24.0,10.211,13.277000000000001,0.42,816816.0,False
300.0,ffb2d731edec22edde6bc403f6c68136.param,1.0,0.0,0.0,33.849000000000004,1470727592.0,938b3999144b0ff2b4eced912677f5e1,112537.0,1.0,0.0,12.465,15-33,42819.0,0.0,806891.0,5673.0,3.105,9923.0,5673.0,-1.0,10387.0,0.0,1845979.0,12843.0,1470727592.0,24.0,8.892999999999997,11.998,0.42,816816.0,False
300.0,ffb2d731edec22edde6bc403f6c68136.param,2.0,0.0,0.0,31.822,1470727592.0,938b3999144b0ff2b4eced912677f5e1,112537.0,1.0,0.0,15.009,15-33,42819.0,0.0,806891.0,5673.0,3.029,9923.0,5673.0,-1.0,10387.0,0.0,1845979.0,12843.0,1470727592.0,24.0,11.350999999999999,14.38,0.42,816816.0,False
300.0,d8b978c6119710e61692eb0c8ed59509.param,0.0,0.0,0.0,45.417,1571287961.0,a40ec79178aabf26f4cfa3eb8dc6e55e,125651.0,1.0,0.0,8.546,15-33,48844.0,0.0,1084900.0,6395.0,4.124,12003.0,6395.0,-1.0,17737.0,0.0,1434168.0,15531.0,1571287961.0,29.0,3.812,7.936,0.63,1096905.0,False
300.0,d8b978c6119710e61692eb0c8ed59509.param,1.0,0.0,0.0,45.427,1571287961.0,a40ec79178aabf26f4cfa3eb8dc6e55e,125651.0,1.0,0.0,9.175,15-33,48844.0,0.0,1084900.0,6395.0,4.247,12003.0,6395.0,-1.0,17737.0,0.0,1434168.0,15531.0,1571287961.0,29.0,4.122,8.369,0.63,1096905.0,False
300.0,d8b978c6119710e61692eb0c8ed59509.param,2.0,0.0,0.0,45.771,1571287961.0,a40ec79178aabf26f4cfa3eb8dc6e55e,125651.0,1.0,0.0,8.777000000000001,15-33,48844.0,0.0,1084900.0,6395.0,4.199,12003.0,6395.0,-1.0,17737.0,0.0,1434168.0,15531.0,1571287961.0,29.0,3.9560000000000004,8.155,0.63,1096905.0,False
300.0,21ba7bf1bed51e1d4137a5d2b4095413.param,0.0,0.0,0.0,45.21100000000001,753387864.0,e8d3028f2260d3b84d0ddb6c40887756,93940.0,1.0,0.0,15.452,15-33,5382.0,0.0,1160957.0,4731.0,4.559,15210.0,4731.0,-1.0,13826.0,0.0,2143530.0,19812.0,753387864.0,21.0,10.225,14.784,0.63,1176169.0,False
300.0,21ba7bf1bed51e1d4137a5d2b4095413.param,1.0,0.0,0.0,46.455,753387864.0,e8d3028f2260d3b84d0ddb6c40887756,93940.0,1.0,0.0,16.873,15-33,5382.0,0.0,1160957.0,4731.0,4.604,15210.0,4731.0,-1.0,13826.0,0.0,2143530.0,19812.0,753387864.0,21.0,11.386,15.99,0.63,1176169.0,False
300.0,21ba7bf1bed51e1d4137a5d2b4095413.param,2.0,0.0,0.0,46.699,753387864.0,e8d3028f2260d3b84d0ddb6c40887756,93940.0,1.0,0.0,16.345,15-33,5382.0,0.0,1160957.0,4731.0,4.49,15210.0,4731.0,-1.0,13826.0,0.0,2143530.0,19812.0,753387864.0,21.0,10.967,15.457,0.63,1176169.0,False
300.0,c0cc3cb80752c8cae8a567aa7598d4aa.param,0.0,0.0,0.0,48.488,506016928.0,8987c3404c2ddfd849a12fcf926b7de2,87392.0,1.0,0.0,7.849,15-33,28018.0,0.0,1225292.0,6200.0,4.9319999999999995,14353.0,6200.0,-1.0,12063.0,0.0,676618.0,18667.0,506016928.0,28.0,2.079,7.011,0.63,1239647.0,False
300.0,c0cc3cb80752c8cae8a567aa7598d4aa.param,1.0,0.0,0.0,50.783,506016928.0,8987c3404c2ddfd849a12fcf926b7de2,87392.0,1.0,0.0,7.867000000000001,15-33,28018.0,0.0,1225292.0,6200.0,4.888999999999999,14353.0,6200.0,-1.0,12063.0,0.0,676618.0,18667.0,506016928.0,28.0,2.097,6.9860000000000015,0.63,1239647.0,False
300.0,c0cc3cb80752c8cae8a567aa7598d4aa.param,2.0,0.0,0.0,51.39100000000001,506016928.0,8987c3404c2ddfd849a12fcf926b7de2,87392.0,1.0,0.0,7.234,15-33,28018.0,0.0,1225292.0,6200.0,4.657,14353.0,6200.0,-1.0,12063.0,0.0,676618.0,18667.0,506016928.0,28.0,1.901,6.558,0.63,1239647.0,False
300.0,4ee13ffb8d0ec1ceaf1bb37447281f58.param,0.0,0.0,0.0,28.796999999999997,506016928.0,3227f8634d5437e25bf07fdffdc55ddd,64367.0,1.0,0.0,6.562,15-33,21867.0,0.0,685571.0,4119.0,2.6,9881.0,4119.0,-1.0,8462.0,0.0,465783.0,12780.0,506016928.0,17.0,3.463,6.063,0.42,695454.0,False
300.0,4ee13ffb8d0ec1ceaf1bb37447281f58.param,1.0,0.0,0.0,29.44400000000001,506016928.0,3227f8634d5437e25bf07fdffdc55ddd,64367.0,1.0,0.0,6.474,15-33,21867.0,0.0,685571.0,4119.0,2.7030000000000003,9881.0,4119.0,-1.0,8462.0,0.0,465783.0,12780.0,506016928.0,17.0,3.358,6.061,0.42,695454.0,False
300.0,4ee13ffb8d0ec1ceaf1bb37447281f58.param,2.0,0.0,0.0,28.969,506016928.0,3227f8634d5437e25bf07fdffdc55ddd,64367.0,1.0,0.0,6.273,15-33,21867.0,0.0,685571.0,4119.0,2.594,9881.0,4119.0,-1.0,8462.0,0.0,465783.0,12780.0,506016928.0,17.0,3.2889999999999997,5.882999999999999,0.42,695454.0,False
300.0,f2209196093db16c0e1ccffc86fe7af3.param,0.0,0.0,0.0,47.343,1242281828.0,3270ef54ca3c45a5d40a6381fef73906,74767.0,1.0,0.0,9.054,15-33,24486.0,0.0,1166387.0,4636.0,4.3919999999999995,15692.0,4636.0,-1.0,10546.0,0.0,1046381.0,20446.0,1242281828.0,20.0,4.01,8.402000000000001,0.63,1182081.0,False
300.0,f2209196093db16c0e1ccffc86fe7af3.param,1.0,0.0,0.0,47.81399999999999,1242281828.0,3270ef54ca3c45a5d40a6381fef73906,74767.0,1.0,0.0,9.158,15-33,24486.0,0.0,1166387.0,4636.0,4.453,15692.0,4636.0,-1.0,10546.0,0.0,1046381.0,20446.0,1242281828.0,20.0,4.052,8.505,0.63,1182081.0,False
300.0,f2209196093db16c0e1ccffc86fe7af3.param,2.0,0.0,0.0,49.036,1242281828.0,3270ef54ca3c45a5d40a6381fef73906,74767.0,1.0,0.0,9.264,15-33,24486.0,0.0,1166387.0,4636.0,4.507,15692.0,4636.0,-1.0,10546.0,0.0,1046381.0,20446.0,1242281828.0,20.0,4.0760000000000005,8.583,0.63,1182081.0,False
300.0,73a51090daaf16aa8d614ff285bfb6e4.param,0.0,0.0,0.0,73.069,221638566.0,0dca0c64f0cd02be84150cbb3b916136,2129945.0,1.0,0.0,43.802,15-33,1919220.0,0.0,1869863.0,6355.0,7.284,21148.0,6355.0,-1.0,23673.0,0.0,4968244.0,27622.0,221638566.0,29.0,35.507,42.791000000000004,0.94,1891013.0,False
300.0,73a51090daaf16aa8d614ff285bfb6e4.param,1.0,0.0,0.0,73.191,221638566.0,0dca0c64f0cd02be84150cbb3b916136,2129945.0,1.0,0.0,41.90600000000001,15-33,1919220.0,0.0,1869863.0,6355.0,7.213999999999999,21148.0,6355.0,-1.0,23673.0,0.0,4968244.0,27622.0,221638566.0,29.0,33.745,40.959,0.94,1891013.0,False
300.0,73a51090daaf16aa8d614ff285bfb6e4.param,2.0,0.0,0.0,76.797,221638566.0,0dca0c64f0cd02be84150cbb3b916136,2129945.0,1.0,0.0,41.556000000000004,15-33,1919220.0,0.0,1869863.0,6355.0,7.2810000000000015,21148.0,6355.0,-1.0,23673.0,0.0,4968244.0,27622.0,221638566.0,29.0,33.256,40.537,0.94,1891013.0,False
300.0,62e2738034d51eb1ca2518ead10bb1b8.param,0.0,0.0,0.0,16.028,270657042.0,d128d6515374bd41483d70117d51921d,119017.0,1.0,0.0,6.53,15-33,74888.0,0.0,333176.0,5602.0,1.294,4257.0,5602.0,-1.0,7611.0,0.0,784322.0,5387.0,270657042.0,24.0,5.021,6.315,0.42,337435.0,False
300.0,62e2738034d51eb1ca2518ead10bb1b8.param,1.0,0.0,0.0,14.308,270657042.0,d128d6515374bd41483d70117d51921d,119017.0,1.0,0.0,6.395,15-33,74888.0,0.0,333176.0,5602.0,1.222,4257.0,5602.0,-1.0,7611.0,0.0,784322.0,5387.0,270657042.0,24.0,4.895,6.117000000000001,0.42,337435.0,False
300.0,62e2738034d51eb1ca2518ead10bb1b8.param,2.0,0.0,0.0,14.654000000000002,270657042.0,d128d6515374bd41483d70117d51921d,119017.0,1.0,0.0,6.395,15-33,74888.0,0.0,333176.0,5602.0,1.222,4257.0,5602.0,-1.0,7611.0,0.0,784322.0,5387.0,270657042.0,24.0,4.952,6.1739999999999995,0.42,337435.0,False
300.0,876c6467204e8ca8aabecbfbd3b45139.param,0.0,0.0,0.0,62.14100000000001,1257636424.0,a70412d99248336aa156461ce7440e60,133743.0,1.0,0.0,12.49,15-33,77892.0,0.0,1484885.0,6317.0,5.8329999999999975,16985.0,6317.0,-1.0,12206.0,0.0,930840.0,22104.0,1257636424.0,29.0,5.551,11.384,0.63,1501872.0,False
300.0,876c6467204e8ca8aabecbfbd3b45139.param,1.0,0.0,0.0,60.738,1257636424.0,a70412d99248336aa156461ce7440e60,133743.0,1.0,0.0,12.870999999999999,15-33,77892.0,0.0,1484885.0,6317.0,6.0310000000000015,16985.0,6317.0,-1.0,12206.0,0.0,930840.0,22104.0,1257636424.0,29.0,5.7079999999999975,11.739,0.63,1501872.0,False
300.0,876c6467204e8ca8aabecbfbd3b45139.param,2.0,0.0,0.0,58.117,1257636424.0,a70412d99248336aa156461ce7440e60,133743.0,1.0,0.0,12.073,15-33,77892.0,0.0,1484885.0,6317.0,5.6960000000000015,16985.0,6317.0,-1.0,12206.0,0.0,930840.0,22104.0,1257636424.0,29.0,5.465,11.161,0.63,1501872.0,False
300.0,ba49f12ab41d4271c475e4948758589d.param,0.0,0.0,0.0,25.935,83966730.0,e6cd0ed4b11037577e7cc15c2c94157a,41135.0,1.0,0.0,3.2880000000000003,15-33,19088.0,0.0,575279.0,4149.0,2.214,8065.0,4149.0,-1.0,5255.0,0.0,374602.0,10402.0,83966730.0,17.0,0.715,2.929,0.42,583346.0,False
300.0,ba49f12ab41d4271c475e4948758589d.param,1.0,0.0,0.0,27.230999999999998,83966730.0,e6cd0ed4b11037577e7cc15c2c94157a,41135.0,1.0,0.0,3.241,15-33,19088.0,0.0,575279.0,4149.0,2.182,8065.0,4149.0,-1.0,5255.0,0.0,374602.0,10402.0,83966730.0,17.0,0.718,2.9,0.42,583346.0,False
300.0,ba49f12ab41d4271c475e4948758589d.param,2.0,0.0,0.0,26.21,83966730.0,e6cd0ed4b11037577e7cc15c2c94157a,41135.0,1.0,0.0,3.1719999999999997,15-33,19088.0,0.0,575279.0,4149.0,2.133,8065.0,4149.0,-1.0,5255.0,0.0,374602.0,10402.0,83966730.0,17.0,0.7070000000000001,2.84,0.42,583346.0,False
300.0,c1fde8776f334c859cdb281cb0bed488.param,0.0,0.0,0.0,14.943,506016928.0,37ed7328a79789ff09581b78199fb682,32174.0,1.0,0.0,2.138,15-33,10841.0,0.0,308065.0,4156.0,1.2109999999999999,4319.0,4156.0,-1.0,4989.0,0.0,344926.0,5447.0,506016928.0,17.0,0.703,1.9140000000000001,0.19,312386.0,False
300.0,c1fde8776f334c859cdb281cb0bed488.param,1.0,0.0,0.0,14.383,506016928.0,37ed7328a79789ff09581b78199fb682,32174.0,1.0,0.0,2.096,15-33,10841.0,0.0,308065.0,4156.0,1.182,4319.0,4156.0,-1.0,4989.0,0.0,344926.0,5447.0,506016928.0,17.0,0.718,1.9,0.19,312386.0,False
300.0,c1fde8776f334c859cdb281cb0bed488.param,2.0,0.0,0.0,13.589,506016928.0,37ed7328a79789ff09581b78199fb682,32174.0,1.0,0.0,2.045,15-33,10841.0,0.0,308065.0,4156.0,1.139,4319.0,4156.0,-1.0,4989.0,0.0,344926.0,5447.0,506016928.0,17.0,0.703,1.8419999999999999,0.19,312386.0,False
300.0,10049dd55bf99f7dbc88dc007745262f.param,0.0,0.0,0.0,11.634,254168822.0,abc568054afd92d7c87ec840cecf3d67,32739.0,1.0,0.0,2.1390000000000002,15-33,4717.0,0.0,250646.0,6200.0,0.9129999999999999,2941.0,6200.0,-1.0,2350.0,0.0,519047.0,3637.0,254168822.0,28.0,1.053,1.966,0.19,253589.0,False
300.0,10049dd55bf99f7dbc88dc007745262f.param,1.0,0.0,0.0,10.597000000000001,254168822.0,abc568054afd92d7c87ec840cecf3d67,32739.0,1.0,0.0,2.432,15-33,4717.0,0.0,250646.0,6200.0,0.9390000000000001,2941.0,6200.0,-1.0,2350.0,0.0,519047.0,3637.0,254168822.0,28.0,1.3159999999999998,2.255,0.19,253589.0,False
300.0,10049dd55bf99f7dbc88dc007745262f.param,2.0,0.0,0.0,10.684000000000001,254168822.0,abc568054afd92d7c87ec840cecf3d67,32739.0,1.0,0.0,2.169,15-33,4717.0,0.0,250646.0,6200.0,0.929,2941.0,6200.0,-1.0,2350.0,0.0,519047.0,3637.0,254168822.0,28.0,1.073,2.002,0.19,253589.0,False
300.0,8fafcc4984fc93de8a9182509b2a0a65.param,0.0,0.0,0.0,68.892,1057470620.0,feca214d90b48429c1ff91237feee564,157378.0,1.0,0.0,27.558000000000003,15-33,65794.0,0.0,1651962.0,9642.0,6.912000000000001,15827.0,9642.0,-1.0,17500.0,0.0,2175568.0,20571.0,1057470620.0,32.0,19.468,26.38,0.63,1667791.0,False
300.0,8fafcc4984fc93de8a9182509b2a0a65.param,1.0,0.0,0.0,68.763,1057470620.0,feca214d90b48429c1ff91237feee564,157378.0,1.0,0.0,25.631,15-33,65794.0,0.0,1651962.0,9642.0,6.388,15827.0,9642.0,-1.0,17500.0,0.0,2175568.0,20571.0,1057470620.0,32.0,18.349,24.737,0.63,1667791.0,False
300.0,8fafcc4984fc93de8a9182509b2a0a65.param,2.0,0.0,0.0,67.307,1057470620.0,feca214d90b48429c1ff91237feee564,157378.0,1.0,0.0,25.839000000000002,15-33,65794.0,0.0,1651962.0,9642.0,6.675,15827.0,9642.0,-1.0,17500.0,0.0,2175568.0,20571.0,1057470620.0,32.0,18.24,24.915,0.63,1667791.0,False
300.0,f019c54ca541e1449e1424c6aa46d35e.param,0.0,0.0,0.0,5.695,95956545.0,56530ff7c7df5bb040c3c0af6b582789,236262.0,1.0,0.0,3.389,46-36,210006.0,0.0,114101.0,6213.0,0.409,1171.0,6213.0,-1.0,4765.0,0.0,1132822.0,1163.0,95956545.0,28.0,2.884,3.293,0.28,115274.0,False
300.0,f019c54ca541e1449e1424c6aa46d35e.param,1.0,0.0,0.0,5.632999999999999,95956545.0,56530ff7c7df5bb040c3c0af6b582789,236262.0,1.0,0.0,3.4819999999999998,46-36,210006.0,0.0,114101.0,6213.0,0.41100000000000003,1171.0,6213.0,-1.0,4765.0,0.0,1132822.0,1163.0,95956545.0,28.0,2.9789999999999996,3.39,0.28,115274.0,False
300.0,f019c54ca541e1449e1424c6aa46d35e.param,2.0,0.0,0.0,5.8820000000000014,95956545.0,56530ff7c7df5bb040c3c0af6b582789,236262.0,1.0,0.0,3.432,46-36,210006.0,0.0,114101.0,6213.0,0.41100000000000003,1171.0,6213.0,-1.0,4765.0,0.0,1132822.0,1163.0,95956545.0,28.0,2.9210000000000003,3.332,0.28,115274.0,False
300.0,4fb489f83300339f94af01b969c1f325.param,0.0,0.0,0.0,58.269,1098776393.0,732100f920b437c9726269d325d8a7fa,452201.0,1.0,0.0,38.691,15-33,192225.0,0.0,1330017.0,11247.0,5.084,12998.0,11247.0,-1.0,24186.0,0.0,2153497.0,16868.0,1098776393.0,40.0,32.913000000000004,37.997,0.94,1343017.0,False
300.0,4fb489f83300339f94af01b969c1f325.param,1.0,0.0,0.0,58.971000000000004,1098776393.0,732100f920b437c9726269d325d8a7fa,452201.0,1.0,0.0,39.608000000000004,15-33,192225.0,0.0,1330017.0,11247.0,5.2010000000000005,12998.0,11247.0,-1.0,24186.0,0.0,2153497.0,16868.0,1098776393.0,40.0,33.495,38.696,0.94,1343017.0,False
300.0,4fb489f83300339f94af01b969c1f325.param,2.0,0.0,0.0,53.431999999999995,1098776393.0,732100f920b437c9726269d325d8a7fa,452201.0,1.0,0.0,38.483000000000004,15-33,192225.0,0.0,1330017.0,11247.0,5.04,12998.0,11247.0,-1.0,24186.0,0.0,2153497.0,16868.0,1098776393.0,40.0,32.714,37.754,0.94,1343017.0,False
300.0,222abd76a7db47e3d5cbf580e108b101.param,0.0,0.0,0.0,52.336999999999996,1802391418.0,86b392d638567931b718216d3cd50f63,618867.0,1.0,0.0,15.642999999999999,15-33,507986.0,0.0,1301905.0,6203.0,5.0310000000000015,15081.0,6203.0,-1.0,18133.0,0.0,2222509.0,19640.0,1802391418.0,28.0,9.618,14.649000000000001,0.63,1316988.0,False
300.0,222abd76a7db47e3d5cbf580e108b101.param,1.0,0.0,0.0,55.876999999999995,1802391418.0,86b392d638567931b718216d3cd50f63,618867.0,1.0,0.0,15.84,15-33,507986.0,0.0,1301905.0,6203.0,5.05,15081.0,6203.0,-1.0,18133.0,0.0,2222509.0,19640.0,1802391418.0,28.0,10.015,15.065,0.63,1316988.0,False
300.0,222abd76a7db47e3d5cbf580e108b101.param,2.0,0.0,0.0,51.608000000000004,1802391418.0,86b392d638567931b718216d3cd50f63,618867.0,1.0,0.0,14.948,15-33,507986.0,0.0,1301905.0,6203.0,5.1579999999999995,15081.0,6203.0,-1.0,18133.0,0.0,2222509.0,19640.0,1802391418.0,28.0,8.845,14.003,0.63,1316988.0,False
300.0,fc2d899db36a3003ebbcd92cad9223b0.param,0.0,0.0,0.0,25.035999999999998,1923385776.0,06e8f2f04073964709221e919d3fca59,38064.0,1.0,0.0,3.681,15-33,16590.0,0.0,610767.0,4701.0,2.292,6917.0,4701.0,-1.0,4963.0,0.0,508928.0,8866.0,1923385776.0,21.0,1.031,3.323,0.28,617686.0,False
300.0,fc2d899db36a3003ebbcd92cad9223b0.param,1.0,0.0,0.0,28.244,1923385776.0,06e8f2f04073964709221e919d3fca59,38064.0,1.0,0.0,3.675,15-33,16590.0,0.0,610767.0,4701.0,2.267,6917.0,4701.0,-1.0,4963.0,0.0,508928.0,8866.0,1923385776.0,21.0,1.028,3.295,0.28,617686.0,False
300.0,fc2d899db36a3003ebbcd92cad9223b0.param,2.0,0.0,0.0,26.994,1923385776.0,06e8f2f04073964709221e919d3fca59,38064.0,1.0,0.0,3.677,15-33,16590.0,0.0,610767.0,4701.0,2.287,6917.0,4701.0,-1.0,4963.0,0.0,508928.0,8866.0,1923385776.0,21.0,1.031,3.318,0.28,617686.0,False
300.0,94211d2a9b412d1df1f93eb8fa322afa.param,0.0,0.0,0.0,14.455,270657042.0,8234074190d95b3efb48850c814e4119,837666.0,1.0,0.0,7.564,46-36,770148.0,0.0,296840.0,10238.0,1.085,3313.0,10238.0,-1.0,12570.0,0.0,1556176.0,4088.0,270657042.0,36.0,6.226,7.311,0.63,300155.0,False
300.0,94211d2a9b412d1df1f93eb8fa322afa.param,1.0,0.0,0.0,14.114,270657042.0,8234074190d95b3efb48850c814e4119,837666.0,1.0,0.0,7.577000000000001,46-36,770148.0,0.0,296840.0,10238.0,1.2009999999999998,3313.0,10238.0,-1.0,12570.0,0.0,1556176.0,4088.0,270657042.0,36.0,6.169,7.37,0.63,300155.0,False
300.0,94211d2a9b412d1df1f93eb8fa322afa.param,2.0,0.0,0.0,14.036,270657042.0,8234074190d95b3efb48850c814e4119,837666.0,1.0,0.0,7.414,46-36,770148.0,0.0,296840.0,10238.0,1.109,3313.0,10238.0,-1.0,12570.0,0.0,1556176.0,4088.0,270657042.0,36.0,6.093999999999999,7.202999999999999,0.63,300155.0,False
300.0,f0b6a6311818b4dd8f5227b40762bd4a.param,0.0,0.0,0.0,33.365,1057470620.0,7c8f0d1bdf45b893cbde782a95680697,68873.0,1.0,0.0,6.1610000000000005,15-33,18286.0,0.0,779359.0,4726.0,2.967,10200.0,4726.0,-1.0,10296.0,0.0,1024767.0,13162.0,1057470620.0,21.0,2.753,5.72,0.42,789561.0,False
300.0,f0b6a6311818b4dd8f5227b40762bd4a.param,1.0,0.0,0.0,34.711999999999996,1057470620.0,7c8f0d1bdf45b893cbde782a95680697,68873.0,1.0,0.0,6.229,15-33,18286.0,0.0,779359.0,4726.0,2.9530000000000003,10200.0,4726.0,-1.0,10296.0,0.0,1024767.0,13162.0,1057470620.0,21.0,2.832,5.785,0.42,789561.0,False
300.0,f0b6a6311818b4dd8f5227b40762bd4a.param,2.0,0.0,0.0,32.705999999999996,1057470620.0,7c8f0d1bdf45b893cbde782a95680697,68873.0,1.0,0.0,6.164,15-33,18286.0,0.0,779359.0,4726.0,2.937,10200.0,4726.0,-1.0,10296.0,0.0,1024767.0,13162.0,1057470620.0,21.0,2.79,5.727,0.42,789561.0,False
300.0,867c000858982af2c7444466a304af04.param,0.0,0.0,0.0,51.51,1057470620.0,e20a7b60256ef89ecf74569516966789,71291.0,1.0,0.0,9.023,15-33,17833.0,0.0,1229538.0,4795.0,4.812,15681.0,4795.0,-1.0,10916.0,0.0,1287470.0,20413.0,1057470620.0,21.0,3.3169999999999997,8.129,0.63,1245221.0,False
300.0,867c000858982af2c7444466a304af04.param,1.0,0.0,0.0,52.455,1057470620.0,e20a7b60256ef89ecf74569516966789,71291.0,1.0,0.0,9.44,15-33,17833.0,0.0,1229538.0,4795.0,4.79,15681.0,4795.0,-1.0,10916.0,0.0,1287470.0,20413.0,1057470620.0,21.0,3.912,8.702,0.63,1245221.0,False
300.0,867c000858982af2c7444466a304af04.param,2.0,0.0,0.0,48.05,1057470620.0,e20a7b60256ef89ecf74569516966789,71291.0,1.0,0.0,8.737,15-33,17833.0,0.0,1229538.0,4795.0,4.666,15681.0,4795.0,-1.0,10916.0,0.0,1287470.0,20413.0,1057470620.0,21.0,3.3789999999999996,8.045,0.63,1245221.0,False
300.0,d0bc402d6d4e2f421314981899e705da.param,0.0,0.0,0.0,61.126999999999995,1057470620.0,cba840d7aa6a375bcf5cd5bd3b4545b3,182589.0,1.0,0.0,16.708,15-33,63011.0,0.0,1461987.0,9642.0,5.5889999999999995,16001.0,9642.0,-1.0,20687.0,0.0,950094.0,20836.0,1057470620.0,32.0,10.075,15.664000000000001,0.63,1477990.0,False
300.0,d0bc402d6d4e2f421314981899e705da.param,1.0,0.0,0.0,60.216,1057470620.0,cba840d7aa6a375bcf5cd5bd3b4545b3,182589.0,1.0,0.0,16.208,15-33,63011.0,0.0,1461987.0,9642.0,5.638,16001.0,9642.0,-1.0,20687.0,0.0,950094.0,20836.0,1057470620.0,32.0,9.793,15.431,0.63,1477990.0,False
300.0,d0bc402d6d4e2f421314981899e705da.param,2.0,0.0,0.0,62.481,1057470620.0,cba840d7aa6a375bcf5cd5bd3b4545b3,182589.0,1.0,0.0,16.389,15-33,63011.0,0.0,1461987.0,9642.0,5.5470000000000015,16001.0,9642.0,-1.0,20687.0,0.0,950094.0,20836.0,1057470620.0,32.0,10.065,15.612,0.63,1477990.0,False
300.0,d62c2a52625c21dd4bc4370bcd02db43.param,0.0,0.0,0.0,45.262,554543104.0,a7467958c2daf8321050b2c4cb8e6081,72706.0,1.0,0.0,8.166,15-33,10883.0,0.0,1112000.0,11296.0,4.212,10765.0,11296.0,-1.0,7030.0,0.0,1009860.0,13927.0,554543104.0,40.0,3.32,7.532,0.42,1122767.0,False
300.0,d62c2a52625c21dd4bc4370bcd02db43.param,1.0,0.0,0.0,43.361999999999995,554543104.0,a7467958c2daf8321050b2c4cb8e6081,72706.0,1.0,0.0,8.222000000000001,15-33,10883.0,0.0,1112000.0,11296.0,4.271,10765.0,11296.0,-1.0,7030.0,0.0,1009860.0,13927.0,554543104.0,40.0,3.3139999999999996,7.585,0.42,1122767.0,False
300.0,d62c2a52625c21dd4bc4370bcd02db43.param,2.0,0.0,0.0,43.093,554543104.0,a7467958c2daf8321050b2c4cb8e6081,72706.0,1.0,0.0,8.309,15-33,10883.0,0.0,1112000.0,11296.0,4.316,10765.0,11296.0,-1.0,7030.0,0.0,1009860.0,13927.0,554543104.0,40.0,3.3710000000000004,7.687,0.42,1122767.0,False
300.0,d52ad8a9dee13cb147c0b0d6d29d8a1a.param,0.0,0.0,0.0,16.495,1257636424.0,213ec8a5a00432e2a9da206081ae137d,330346.0,1.0,0.0,5.504,46-36,253758.0,0.0,344960.0,11342.0,1.251,3889.0,11342.0,-1.0,13442.0,0.0,1156993.0,4808.0,1257636424.0,41.0,4.033,5.284,0.63,348851.0,False
300.0,d52ad8a9dee13cb147c0b0d6d29d8a1a.param,1.0,0.0,0.0,15.315999999999999,1257636424.0,213ec8a5a00432e2a9da206081ae137d,330346.0,1.0,0.0,5.734,46-36,253758.0,0.0,344960.0,11342.0,1.317,3889.0,11342.0,-1.0,13442.0,0.0,1156993.0,4808.0,1257636424.0,41.0,4.19,5.5070000000000014,0.63,348851.0,False
300.0,d52ad8a9dee13cb147c0b0d6d29d8a1a.param,2.0,0.0,0.0,15.472000000000001,1257636424.0,213ec8a5a00432e2a9da206081ae137d,330346.0,1.0,0.0,5.57,46-36,253758.0,0.0,344960.0,11342.0,1.275,3889.0,11342.0,-1.0,13442.0,0.0,1156993.0,4808.0,1257636424.0,41.0,4.075,5.35,0.63,348851.0,False
300.0,b6b46bc646920ea1298e9f12b19fab10.param,0.0,0.0,0.0,48.703,254168822.0,76c572a55e9beb9d283a6de7396eba63,51804.0,1.0,0.0,7.149,15-33,23283.0,0.0,1170554.0,4685.0,4.553999999999999,13721.0,4685.0,-1.0,8992.0,0.0,805265.0,17849.0,254168822.0,20.0,1.94,6.494,0.63,1184277.0,False
300.0,b6b46bc646920ea1298e9f12b19fab10.param,1.0,0.0,0.0,50.151,254168822.0,76c572a55e9beb9d283a6de7396eba63,51804.0,1.0,0.0,6.865,15-33,23283.0,0.0,1170554.0,4685.0,4.425,13721.0,4685.0,-1.0,8992.0,0.0,805265.0,17849.0,254168822.0,20.0,1.8159999999999998,6.2410000000000005,0.63,1184277.0,False
300.0,b6b46bc646920ea1298e9f12b19fab10.param,2.0,0.0,0.0,46.623999999999995,254168822.0,76c572a55e9beb9d283a6de7396eba63,51804.0,1.0,0.0,7.666,15-33,23283.0,0.0,1170554.0,4685.0,4.6,13721.0,4685.0,-1.0,8992.0,0.0,805265.0,17849.0,254168822.0,20.0,2.224,6.824,0.63,1184277.0,False
300.0,44fed91bbf02c3af539328e6662bf914.param,0.0,0.0,0.0,47.185,95956545.0,b15d6011346c56c9a2735224317fd8b8,206285.0,1.0,0.0,12.065999999999999,15-33,138211.0,0.0,1147315.0,6237.0,4.4319999999999995,13281.0,6237.0,-1.0,14712.0,0.0,1174338.0,17234.0,95956545.0,28.0,6.805,11.237,0.63,1160598.0,False
300.0,44fed91bbf02c3af539328e6662bf914.param,1.0,0.0,0.0,46.38800000000001,95956545.0,b15d6011346c56c9a2735224317fd8b8,206285.0,1.0,0.0,10.91,15-33,138211.0,0.0,1147315.0,6237.0,4.341,13281.0,6237.0,-1.0,14712.0,0.0,1174338.0,17234.0,95956545.0,28.0,5.919,10.26,0.63,1160598.0,False
300.0,44fed91bbf02c3af539328e6662bf914.param,2.0,0.0,0.0,45.117,95956545.0,b15d6011346c56c9a2735224317fd8b8,206285.0,1.0,0.0,11.026,15-33,138211.0,0.0,1147315.0,6237.0,4.395,13281.0,6237.0,-1.0,14712.0,0.0,1174338.0,17234.0,95956545.0,28.0,5.992000000000001,10.387,0.63,1160598.0,False
300.0,a2bb37bd1970b7fe11a8b59cb1f3a6f3.param,0.0,0.0,0.0,35.496,1139903203.0,86829e2092e463d0539e962145560922,1671823.0,1.0,0.0,27.136,46-36,1542216.0,0.0,893195.0,13740.0,3.3569999999999998,8788.0,13740.0,-1.0,19883.0,0.0,3629380.0,11276.0,1139903203.0,49.0,23.088,26.445,1.41,901985.0,False
300.0,a2bb37bd1970b7fe11a8b59cb1f3a6f3.param,1.0,0.0,0.0,35.657,1139903203.0,86829e2092e463d0539e962145560922,1671823.0,1.0,0.0,27.276999999999997,46-36,1542216.0,0.0,893195.0,13740.0,3.388,8788.0,13740.0,-1.0,19883.0,0.0,3629380.0,11276.0,1139903203.0,49.0,23.391,26.779,1.41,901985.0,False
300.0,a2bb37bd1970b7fe11a8b59cb1f3a6f3.param,2.0,0.0,0.0,34.974000000000004,1139903203.0,86829e2092e463d0539e962145560922,1671823.0,1.0,0.0,28.346999999999998,46-36,1542216.0,0.0,893195.0,13740.0,3.361,8788.0,13740.0,-1.0,19883.0,0.0,3629380.0,11276.0,1139903203.0,49.0,24.455,27.816,1.41,901985.0,False
300.0,85b90a483e5d2ab64757532083d99628.param,0.0,0.0,0.0,65.907,1083416308.0,7246ad91c68b9165040c827c8b281276,356271.0,1.0,0.0,36.125,15-33,113350.0,0.0,1564298.0,9772.0,6.041,16409.0,9772.0,-1.0,27559.0,0.0,1136408.0,21385.0,1083416308.0,33.0,29.238000000000003,35.279,0.94,1580709.0,False
300.0,85b90a483e5d2ab64757532083d99628.param,1.0,0.0,0.0,58.738,1083416308.0,7246ad91c68b9165040c827c8b281276,356271.0,1.0,0.0,35.86400000000001,15-33,113350.0,0.0,1564298.0,9772.0,5.956,16409.0,9772.0,-1.0,27559.0,0.0,1136408.0,21385.0,1083416308.0,33.0,29.038,34.994,0.94,1580709.0,False
300.0,85b90a483e5d2ab64757532083d99628.param,2.0,0.0,0.0,58.958999999999996,1083416308.0,7246ad91c68b9165040c827c8b281276,356271.0,1.0,0.0,35.762,15-33,113350.0,0.0,1564298.0,9772.0,5.961,16409.0,9772.0,-1.0,27559.0,0.0,1136408.0,21385.0,1083416308.0,33.0,28.987,34.948,0.94,1580709.0,False
300.0,f77193d98d97a8df35aba3d3d50b907e.param,0.0,0.0,0.0,35.866,646920589.0,89f7b6b0739f54a6db2dd46ef367e2a0,120266.0,1.0,0.0,5.055,46-36,89985.0,0.0,808197.0,6395.0,3.0580000000000003,9658.0,6395.0,-1.0,7172.0,0.0,847453.0,12438.0,646920589.0,29.0,1.51,4.5680000000000005,0.94,817857.0,False
300.0,f77193d98d97a8df35aba3d3d50b907e.param,1.0,0.0,0.0,32.679,646920589.0,89f7b6b0739f54a6db2dd46ef367e2a0,120266.0,1.0,0.0,5.086,46-36,89985.0,0.0,808197.0,6395.0,3.073,9658.0,6395.0,-1.0,7172.0,0.0,847453.0,12438.0,646920589.0,29.0,1.516,4.5889999999999995,0.94,817857.0,False
300.0,f77193d98d97a8df35aba3d3d50b907e.param,2.0,0.0,0.0,35.012,646920589.0,89f7b6b0739f54a6db2dd46ef367e2a0,120266.0,1.0,0.0,4.87,46-36,89985.0,0.0,808197.0,6395.0,2.983,9658.0,6395.0,-1.0,7172.0,0.0,847453.0,12438.0,646920589.0,29.0,1.446,4.428999999999999,0.94,817857.0,False
300.0,5fef6050cdd12ec4963b342a00b8769f.param,0.0,0.0,0.0,53.927,335975281.0,f2db92ce45afe6d5f04bd9e9a973872d,872691.0,1.0,0.0,13.850999999999999,46-36,723513.0,0.0,1272958.0,11960.0,4.933,14041.0,11960.0,-1.0,17795.0,0.0,2118349.0,18198.0,335975281.0,45.0,8.163,13.095999999999998,1.41,1287001.0,False
300.0,5fef6050cdd12ec4963b342a00b8769f.param,1.0,0.0,0.0,53.277,335975281.0,f2db92ce45afe6d5f04bd9e9a973872d,872691.0,1.0,0.0,13.577,46-36,723513.0,0.0,1272958.0,11960.0,4.797,14041.0,11960.0,-1.0,17795.0,0.0,2118349.0,18198.0,335975281.0,45.0,8.07,12.867,1.41,1287001.0,False
300.0,5fef6050cdd12ec4963b342a00b8769f.param,2.0,0.0,0.0,48.758,335975281.0,f2db92ce45afe6d5f04bd9e9a973872d,872691.0,1.0,0.0,13.367,46-36,723513.0,0.0,1272958.0,11960.0,4.788,14041.0,11960.0,-1.0,17795.0,0.0,2118349.0,18198.0,335975281.0,45.0,7.897,12.685,1.41,1287001.0,False
300.0,b7c1926b06d5191f5f23b3654f7eea8a.param,0.0,0.0,0.0,29.384,1883039101.0,d3e4b5838f47a5a66f4713008b840a16,798527.0,1.0,0.0,7.742000000000001,46-36,723233.0,0.0,726753.0,6257.0,2.682,10732.0,6257.0,-1.0,13360.0,0.0,1617417.0,13852.0,1883039101.0,28.0,4.629,7.311,0.94,737487.0,False
300.0,b7c1926b06d5191f5f23b3654f7eea8a.param,1.0,0.0,0.0,29.259,1883039101.0,d3e4b5838f47a5a66f4713008b840a16,798527.0,1.0,0.0,7.721,46-36,723233.0,0.0,726753.0,6257.0,2.7739999999999996,10732.0,6257.0,-1.0,13360.0,0.0,1617417.0,13852.0,1883039101.0,28.0,4.539,7.313,0.94,737487.0,False
300.0,b7c1926b06d5191f5f23b3654f7eea8a.param,2.0,0.0,0.0,28.842,1883039101.0,d3e4b5838f47a5a66f4713008b840a16,798527.0,1.0,0.0,7.588999999999999,46-36,723233.0,0.0,726753.0,6257.0,2.68,10732.0,6257.0,-1.0,13360.0,0.0,1617417.0,13852.0,1883039101.0,28.0,4.487,7.1670000000000025,0.94,737487.0,False
300.0,fece5a92f820b73659733b9639b82885.param,0.0,0.0,0.0,17.127,1242281828.0,255801db1068bdf64340797bd22a2df3,4585687.0,1.0,0.0,41.04600000000001,46-36,4352665.0,0.0,396564.0,14275.0,1.505,4141.0,14275.0,-1.0,26470.0,0.0,4940888.0,5064.0,1242281828.0,52.0,39.268,40.773,1.41,400707.0,False
300.0,fece5a92f820b73659733b9639b82885.param,1.0,0.0,0.0,18.499000000000002,1242281828.0,255801db1068bdf64340797bd22a2df3,4585687.0,1.0,0.0,39.893,46-36,4352665.0,0.0,396564.0,14275.0,1.5119999999999998,4141.0,14275.0,-1.0,26470.0,0.0,4940888.0,5064.0,1242281828.0,52.0,38.121,39.633,1.41,400707.0,False
300.0,fece5a92f820b73659733b9639b82885.param,2.0,0.0,0.0,16.506,1242281828.0,255801db1068bdf64340797bd22a2df3,4585687.0,1.0,0.0,39.838,46-36,4352665.0,0.0,396564.0,14275.0,1.462,4141.0,14275.0,-1.0,26470.0,0.0,4940888.0,5064.0,1242281828.0,52.0,38.104,39.566,1.41,400707.0,False
300.0,f96e501784f98c21890b02a2712e89bd.param,0.0,0.0,0.0,47.715,590654055.0,2b5fdeb9f66eab846bd5c773cb476ffa,746254.0,1.0,0.0,14.14,46-36,590445.0,0.0,1196417.0,15272.0,4.55,13333.0,15272.0,-1.0,16120.0,0.0,2479529.0,17261.0,590654055.0,56.0,8.943999999999997,13.494000000000002,2.11,1209752.0,False
300.0,f96e501784f98c21890b02a2712e89bd.param,1.0,0.0,0.0,45.49800000000001,590654055.0,2b5fdeb9f66eab846bd5c773cb476ffa,746254.0,1.0,0.0,14.059000000000001,46-36,590445.0,0.0,1196417.0,15272.0,4.501,13333.0,15272.0,-1.0,16120.0,0.0,2479529.0,17261.0,590654055.0,56.0,8.871,13.372,2.11,1209752.0,False
300.0,f96e501784f98c21890b02a2712e89bd.param,2.0,0.0,0.0,49.102,590654055.0,2b5fdeb9f66eab846bd5c773cb476ffa,746254.0,1.0,0.0,14.144,46-36,590445.0,0.0,1196417.0,15272.0,4.532,13333.0,15272.0,-1.0,16120.0,0.0,2479529.0,17261.0,590654055.0,56.0,8.952,13.484000000000002,2.11,1209752.0,False
300.0,b24ff19d000a151b6659a6c65e6c35c6.param,0.0,0.0,0.0,38.478,590654055.0,656b27259584dedda1c3395c3d65bff1,6371075.0,1.0,0.0,73.825,46-36,6105478.0,0.0,922801.0,22404.0,3.503,9439.0,22404.0,-1.0,42214.0,0.0,8021208.0,12099.0,590654055.0,64.0,69.59100000000001,73.094,3.16,932242.0,False
300.0,b24ff19d000a151b6659a6c65e6c35c6.param,1.0,0.0,0.0,39.044000000000004,590654055.0,656b27259584dedda1c3395c3d65bff1,6371075.0,1.0,0.0,77.11,46-36,6105478.0,0.0,922801.0,22404.0,3.531,9439.0,22404.0,-1.0,42214.0,0.0,8021208.0,12099.0,590654055.0,64.0,73.03,76.561,3.16,932242.0,False
300.0,b24ff19d000a151b6659a6c65e6c35c6.param,2.0,0.0,0.0,39.768,590654055.0,656b27259584dedda1c3395c3d65bff1,6371075.0,1.0,0.0,72.24600000000002,46-36,6105478.0,0.0,922801.0,22404.0,3.4560000000000004,9439.0,22404.0,-1.0,42214.0,0.0,8021208.0,12099.0,590654055.0,64.0,68.111,71.567,3.16,932242.0,False
300.0,ff29c8f9c07b239fedaec27dbf4ce49d.param,0.0,0.0,0.0,33.121,34754393.0,fac181599c686bd37d3fa8ca38e6532e,1115073.0,1.0,0.0,12.38,46-36,989179.0,0.0,726141.0,11340.0,2.708,7741.0,11340.0,-1.0,24851.0,0.0,2916626.0,9841.0,34754393.0,41.0,9.247,11.955,2.11,733884.0,False
300.0,ff29c8f9c07b239fedaec27dbf4ce49d.param,1.0,0.0,0.0,31.804000000000002,34754393.0,fac181599c686bd37d3fa8ca38e6532e,1115073.0,1.0,0.0,12.408,46-36,989179.0,0.0,726141.0,11340.0,2.721,7741.0,11340.0,-1.0,24851.0,0.0,2916626.0,9841.0,34754393.0,41.0,9.271,11.992,2.11,733884.0,False
300.0,ff29c8f9c07b239fedaec27dbf4ce49d.param,2.0,0.0,0.0,30.741999999999997,34754393.0,fac181599c686bd37d3fa8ca38e6532e,1115073.0,1.0,0.0,12.648,46-36,989179.0,0.0,726141.0,11340.0,2.7969999999999997,7741.0,11340.0,-1.0,24851.0,0.0,2916626.0,9841.0,34754393.0,41.0,9.365,12.162,2.11,733884.0,False
300.0,a41351309b1ab4b5310538c23b8dec0e.param,0.0,0.0,0.0,64.317,1234135464.0,25535648f72b4d0aafee1a06b401a681,1277999.0,1.0,0.0,36.874,46-36,1043082.0,0.0,1544456.0,15343.0,6.107,16129.0,15343.0,-1.0,33044.0,0.0,3063095.0,20936.0,1234135464.0,57.0,29.864,35.971,3.16,1560587.0,False
300.0,a41351309b1ab4b5310538c23b8dec0e.param,1.0,0.0,0.0,61.01600000000001,1234135464.0,25535648f72b4d0aafee1a06b401a681,1277999.0,1.0,0.0,36.021,46-36,1043082.0,0.0,1544456.0,15343.0,5.88,16129.0,15343.0,-1.0,33044.0,0.0,3063095.0,20936.0,1234135464.0,57.0,28.994,34.874,3.16,1560587.0,False
300.0,a41351309b1ab4b5310538c23b8dec0e.param,2.0,0.0,0.0,67.803,1234135464.0,25535648f72b4d0aafee1a06b401a681,1277999.0,1.0,0.0,35.222,46-36,1043082.0,0.0,1544456.0,15343.0,5.836,16129.0,15343.0,-1.0,33044.0,0.0,3063095.0,20936.0,1234135464.0,57.0,28.49,34.326,3.16,1560587.0,False
300.0,e5fa51f4b48f9d73b966b1eb0389e73c.param,0.0,0.0,0.0,91.682,2136253402.0,3fb7735ef6b3d070aa64ac0fafd2e6e8,1226388.0,1.0,0.0,54.409,15-33,922054.0,0.0,2224346.0,11339.0,8.94,21319.0,11339.0,-1.0,29083.0,0.0,4434707.0,27865.0,2136253402.0,41.0,43.894,52.833999999999996,0.94,2245667.0,False
300.0,e5fa51f4b48f9d73b966b1eb0389e73c.param,1.0,0.0,0.0,87.444,2136253402.0,3fb7735ef6b3d070aa64ac0fafd2e6e8,1226388.0,1.0,0.0,49.775,15-33,922054.0,0.0,2224346.0,11339.0,8.715,21319.0,11339.0,-1.0,29083.0,0.0,4434707.0,27865.0,2136253402.0,41.0,39.917,48.632,0.94,2245667.0,False
300.0,e5fa51f4b48f9d73b966b1eb0389e73c.param,2.0,0.0,0.0,90.4,2136253402.0,3fb7735ef6b3d070aa64ac0fafd2e6e8,1226388.0,1.0,0.0,49.681000000000004,15-33,922054.0,0.0,2224346.0,11339.0,8.658,21319.0,11339.0,-1.0,29083.0,0.0,4434707.0,27865.0,2136253402.0,41.0,39.817,48.475,0.94,2245667.0,False
300.0,3df40218b019eea866b53a1349c0d0e2.param,0.0,0.0,0.0,17.281,1145031130.0,5fb46be88faa8d65699f5b719e529236,528022.0,1.0,0.0,35.843,46-36,390578.0,0.0,26714.0,102080.0,0.213,685.0,102080.0,-1.0,1603.0,0.0,2145926.0,776.0,1145031130.0,254.0,35.546,35.759,0.04,27401.0,False
300.0,3df40218b019eea866b53a1349c0d0e2.param,1.0,0.0,0.0,17.165,1145031130.0,5fb46be88faa8d65699f5b719e529236,528022.0,1.0,0.0,32.727,46-36,390578.0,0.0,26714.0,102080.0,0.212,685.0,102080.0,-1.0,1603.0,0.0,2145926.0,776.0,1145031130.0,254.0,32.433,32.645,0.04,27401.0,False
300.0,3df40218b019eea866b53a1349c0d0e2.param,2.0,0.0,0.0,16.76,1145031130.0,5fb46be88faa8d65699f5b719e529236,528022.0,1.0,0.0,32.098,46-36,390578.0,0.0,26714.0,102080.0,0.21,685.0,102080.0,-1.0,1603.0,0.0,2145926.0,776.0,1145031130.0,254.0,31.814,32.024,0.04,27401.0,False
300.0,411eb8af67a987b6d330a3f7c487347c.param,0.0,0.0,0.0,14.503,1083416308.0,937787b6948e63c5d7c5bfd7a6bb700b,238009.0,1.0,0.0,3.3289999999999997,46-36,196965.0,0.0,328811.0,6320.0,1.18,4234.0,6320.0,-1.0,9502.0,0.0,985585.0,5318.0,1083416308.0,29.0,1.9469999999999998,3.127,0.94,333047.0,False
300.0,411eb8af67a987b6d330a3f7c487347c.param,1.0,0.0,0.0,14.898,1083416308.0,937787b6948e63c5d7c5bfd7a6bb700b,238009.0,1.0,0.0,3.404,46-36,196965.0,0.0,328811.0,6320.0,1.196,4234.0,6320.0,-1.0,9502.0,0.0,985585.0,5318.0,1083416308.0,29.0,1.9969999999999999,3.193,0.94,333047.0,False
300.0,411eb8af67a987b6d330a3f7c487347c.param,2.0,0.0,0.0,13.81,1083416308.0,937787b6948e63c5d7c5bfd7a6bb700b,238009.0,1.0,0.0,3.4389999999999996,46-36,196965.0,0.0,328811.0,6320.0,1.187,4234.0,6320.0,-1.0,9502.0,0.0,985585.0,5318.0,1083416308.0,29.0,2.037,3.2239999999999998,0.94,333047.0,False
300.0,0faee3ca8e450721dd5b73cb48656439.param,0.0,0.0,0.0,104.281,221638566.0,eb55330d0c20a3f3c13120a946d7ebfa,1064577.0,1.0,0.0,22.058000000000003,46-36,961377.0,0.0,2565230.0,13733.0,9.895,26500.0,13733.0,-1.0,27940.0,0.0,2618276.0,34612.0,221638566.0,49.0,10.748,20.643,1.41,2591732.0,False
300.0,0faee3ca8e450721dd5b73cb48656439.param,1.0,0.0,0.0,106.16799999999999,221638566.0,eb55330d0c20a3f3c13120a946d7ebfa,1064577.0,1.0,0.0,21.91,46-36,961377.0,0.0,2565230.0,13733.0,9.894,26500.0,13733.0,-1.0,27940.0,0.0,2618276.0,34612.0,221638566.0,49.0,10.687999999999999,20.581999999999997,1.41,2591732.0,False
300.0,0faee3ca8e450721dd5b73cb48656439.param,2.0,0.0,0.0,97.632,221638566.0,eb55330d0c20a3f3c13120a946d7ebfa,1064577.0,1.0,0.0,21.704,46-36,961377.0,0.0,2565230.0,13733.0,9.961,26500.0,13733.0,-1.0,27940.0,0.0,2618276.0,34612.0,221638566.0,49.0,10.370999999999999,20.332,1.41,2591732.0,False
300.0,573a8627b23c29141b9965518a1ea628.param,0.0,0.0,0.0,70.58800000000002,1057470620.0,e168d6677f881c1f7c9e6cf4a7bb517f,3131809.0,1.0,0.0,42.896,46-36,2962050.0,0.0,1847309.0,15357.0,7.232,19279.0,15357.0,-1.0,32476.0,0.0,6542751.0,25079.0,1057470620.0,57.0,34.434,41.666000000000004,3.16,1866590.0,False
300.0,573a8627b23c29141b9965518a1ea628.param,1.0,0.0,0.0,70.79,1057470620.0,e168d6677f881c1f7c9e6cf4a7bb517f,3131809.0,1.0,0.0,39.582,46-36,2962050.0,0.0,1847309.0,15357.0,7.079,19279.0,15357.0,-1.0,32476.0,0.0,6542751.0,25079.0,1057470620.0,57.0,31.511,38.59,3.16,1866590.0,False
300.0,573a8627b23c29141b9965518a1ea628.param,2.0,0.0,0.0,71.934,1057470620.0,e168d6677f881c1f7c9e6cf4a7bb517f,3131809.0,1.0,0.0,39.84,46-36,2962050.0,0.0,1847309.0,15357.0,7.021,19279.0,15357.0,-1.0,32476.0,0.0,6542751.0,25079.0,1057470620.0,57.0,31.861,38.882,3.16,1866590.0,False
300.0,9847d0c027bbaccb1847a48fd98a95ac.param,0.0,0.0,0.0,22.772,1405409883.0,c391dbda9972218dc0be0c72aadd643f,1740000.0,1.0,0.0,18.57,46-36,1677611.0,0.0,532448.0,10399.0,1.9609999999999999,5509.0,10399.0,-1.0,18033.0,0.0,3162727.0,6956.0,1405409883.0,37.0,16.189,18.15,0.94,537959.0,False
300.0,9847d0c027bbaccb1847a48fd98a95ac.param,1.0,0.0,0.0,23.906,1405409883.0,c391dbda9972218dc0be0c72aadd643f,1740000.0,1.0,0.0,18.137,46-36,1677611.0,0.0,532448.0,10399.0,1.95,5509.0,10399.0,-1.0,18033.0,0.0,3162727.0,6956.0,1405409883.0,37.0,15.855,17.805,0.94,537959.0,False
300.0,9847d0c027bbaccb1847a48fd98a95ac.param,2.0,0.0,0.0,25.337,1405409883.0,c391dbda9972218dc0be0c72aadd643f,1740000.0,1.0,0.0,17.958,46-36,1677611.0,0.0,532448.0,10399.0,1.95,5509.0,10399.0,-1.0,18033.0,0.0,3162727.0,6956.0,1405409883.0,37.0,15.686,17.636,0.94,537959.0,False
300.0,c561707c3f0ff054acd49c4f7f7f9eae.param,0.0,0.0,0.0,72.578,590654055.0,280fe14e0c638cf2ce9c53f38e03f469,1178703.0,1.0,0.0,23.796999999999997,46-36,1040358.0,0.0,1862621.0,11957.0,7.383999999999999,18667.0,11957.0,-1.0,33768.0,0.0,2975146.0,24275.0,590654055.0,45.0,15.282,22.666,3.16,1881290.0,False
300.0,c561707c3f0ff054acd49c4f7f7f9eae.param,1.0,0.0,0.0,71.527,590654055.0,280fe14e0c638cf2ce9c53f38e03f469,1178703.0,1.0,0.0,22.16,46-36,1040358.0,0.0,1862621.0,11957.0,7.22,18667.0,11957.0,-1.0,33768.0,0.0,2975146.0,24275.0,590654055.0,45.0,13.915,21.135,3.16,1881290.0,False
300.0,c561707c3f0ff054acd49c4f7f7f9eae.param,2.0,0.0,0.0,78.688,590654055.0,280fe14e0c638cf2ce9c53f38e03f469,1178703.0,1.0,0.0,21.98,46-36,1040358.0,0.0,1862621.0,11957.0,7.1160000000000005,18667.0,11957.0,-1.0,33768.0,0.0,2975146.0,24275.0,590654055.0,45.0,13.827,20.943,3.16,1881290.0,False
300.0,9feb6f2064b86f090bb3887f069a4d0d.param,0.0,0.0,0.0,69.32600000000001,1918631718.0,75aa7657a228e7e8cea6427a259790ee,7287508.0,1.0,0.0,80.83,46-36,6939657.0,0.0,1631052.0,24068.0,6.355,15868.0,24068.0,-1.0,37876.0,0.0,11537979.0,20572.0,1918631718.0,72.0,73.571,79.926,3.16,1646922.0,False
300.0,9feb6f2064b86f090bb3887f069a4d0d.param,1.0,0.0,0.0,65.158,1918631718.0,75aa7657a228e7e8cea6427a259790ee,7287508.0,1.0,0.0,79.028,46-36,6939657.0,0.0,1631052.0,24068.0,6.229,15868.0,24068.0,-1.0,37876.0,0.0,11537979.0,20572.0,1918631718.0,72.0,71.938,78.167,3.16,1646922.0,False
300.0,9feb6f2064b86f090bb3887f069a4d0d.param,2.0,0.0,0.0,62.571999999999996,1918631718.0,75aa7657a228e7e8cea6427a259790ee,7287508.0,1.0,0.0,83.13,46-36,6939657.0,0.0,1631052.0,24068.0,6.23,15868.0,24068.0,-1.0,37876.0,0.0,11537979.0,20572.0,1918631718.0,72.0,75.71600000000002,81.946,3.16,1646922.0,False
300.0,964d1ae550e8b1567ec8e3803e14c5da.param,0.0,0.0,0.0,35.55,693280077.0,20d8a5979ccb36f158e910ef734a747e,5085777.0,1.0,0.0,31.503,46-36,4980824.0,0.0,875003.0,9605.0,3.2960000000000003,12520.0,9605.0,-1.0,26329.0,0.0,9049271.0,16184.0,693280077.0,32.0,27.521,30.816999999999997,2.11,887525.0,False
300.0,964d1ae550e8b1567ec8e3803e14c5da.param,1.0,0.0,0.0,35.192,693280077.0,20d8a5979ccb36f158e910ef734a747e,5085777.0,1.0,0.0,30.68,46-36,4980824.0,0.0,875003.0,9605.0,3.2769999999999997,12520.0,9605.0,-1.0,26329.0,0.0,9049271.0,16184.0,693280077.0,32.0,26.862,30.139,2.11,887525.0,False
300.0,964d1ae550e8b1567ec8e3803e14c5da.param,2.0,0.0,0.0,34.954,693280077.0,20d8a5979ccb36f158e910ef734a747e,5085777.0,1.0,0.0,32.166,46-36,4980824.0,0.0,875003.0,9605.0,3.2760000000000002,12520.0,9605.0,-1.0,26329.0,0.0,9049271.0,16184.0,693280077.0,32.0,28.351999999999997,31.628,2.11,887525.0,False
300.0,813211425de754d47420bda81be7c3af.param,0.0,0.0,0.0,25.906,2028359165.0,367aedf95a703fd98c461815a3c5e157,518450.0,1.0,0.0,10.806,46-36,386042.0,0.0,650674.0,13750.0,2.425,7873.0,13750.0,-1.0,11836.0,0.0,1304585.0,10098.0,2028359165.0,49.0,8.005,10.43,0.63,658549.0,False
300.0,813211425de754d47420bda81be7c3af.param,1.0,0.0,0.0,26.464000000000002,2028359165.0,367aedf95a703fd98c461815a3c5e157,518450.0,1.0,0.0,10.595,46-36,386042.0,0.0,650674.0,13750.0,2.391,7873.0,13750.0,-1.0,11836.0,0.0,1304585.0,10098.0,2028359165.0,49.0,7.841,10.232000000000001,0.63,658549.0,False
300.0,813211425de754d47420bda81be7c3af.param,2.0,0.0,0.0,27.708000000000002,2028359165.0,367aedf95a703fd98c461815a3c5e157,518450.0,1.0,0.0,10.644,46-36,386042.0,0.0,650674.0,13750.0,2.419,7873.0,13750.0,-1.0,11836.0,0.0,1304585.0,10098.0,2028359165.0,49.0,7.852,10.270999999999999,0.63,658549.0,False
300.0,be934c0585611c7f00126ccfde3651ad.param,0.0,0.0,0.0,60.323,590654055.0,0b46aaf03309387647b01c62f158961d,632126.0,1.0,0.0,76.29899999999998,46-36,141651.0,0.0,1537886.0,23183.0,5.841,15562.0,23183.0,-1.0,41101.0,0.0,1569793.0,20162.0,590654055.0,69.0,69.628,75.469,1.41,1553450.0,False
300.0,be934c0585611c7f00126ccfde3651ad.param,1.0,0.0,0.0,62.211999999999996,590654055.0,0b46aaf03309387647b01c62f158961d,632126.0,1.0,0.0,76.234,46-36,141651.0,0.0,1537886.0,23183.0,5.853,15562.0,23183.0,-1.0,41101.0,0.0,1569793.0,20162.0,590654055.0,69.0,69.555,75.408,1.41,1553450.0,False
300.0,be934c0585611c7f00126ccfde3651ad.param,2.0,0.0,0.0,59.496,590654055.0,0b46aaf03309387647b01c62f158961d,632126.0,1.0,0.0,76.452,46-36,141651.0,0.0,1537886.0,23183.0,5.8420000000000005,15562.0,23183.0,-1.0,41101.0,0.0,1569793.0,20162.0,590654055.0,69.0,69.782,75.624,1.41,1553450.0,False
300.0,a1d4e09d3abf0a4eca987babbe1df4ca.param,0.0,0.0,0.0,4.957,1571287961.0,73e92c0c759ed1b09730687d0db1718e,1529622.0,1.0,0.0,11.17,46-36,1444770.0,0.0,104867.0,15884.0,0.371,1045.0,15884.0,-1.0,7104.0,0.0,3251896.0,1037.0,1571287961.0,60.0,10.706,11.077,0.42,105914.0,False
300.0,a1d4e09d3abf0a4eca987babbe1df4ca.param,1.0,0.0,0.0,4.974,1571287961.0,73e92c0c759ed1b09730687d0db1718e,1529622.0,1.0,0.0,11.127,46-36,1444770.0,0.0,104867.0,15884.0,0.377,1045.0,15884.0,-1.0,7104.0,0.0,3251896.0,1037.0,1571287961.0,60.0,10.655999999999999,11.033,0.42,105914.0,False
300.0,a1d4e09d3abf0a4eca987babbe1df4ca.param,2.0,0.0,0.0,5.2829999999999995,1571287961.0,73e92c0c759ed1b09730687d0db1718e,1529622.0,1.0,0.0,11.172,46-36,1444770.0,0.0,104867.0,15884.0,0.374,1045.0,15884.0,-1.0,7104.0,0.0,3251896.0,1037.0,1571287961.0,60.0,10.685,11.059000000000001,0.42,105914.0,False
300.0,9038037b7d7e09779716658ee51f043a.param,0.0,0.0,0.0,34.876,1470727592.0,dbac50dee43c3dd0c11d76931f81fd9c,487570.0,1.0,0.0,6.695,46-36,446307.0,0.0,895319.0,10205.0,3.41,12151.0,10205.0,-1.0,11773.0,0.0,1566136.0,15713.0,1470727592.0,36.0,2.772,6.182,1.41,907472.0,False
300.0,9038037b7d7e09779716658ee51f043a.param,1.0,0.0,0.0,37.794000000000004,1470727592.0,dbac50dee43c3dd0c11d76931f81fd9c,487570.0,1.0,0.0,6.561,46-36,446307.0,0.0,895319.0,10205.0,3.407,12151.0,10205.0,-1.0,11773.0,0.0,1566136.0,15713.0,1470727592.0,36.0,2.658,6.065,1.41,907472.0,False
300.0,9038037b7d7e09779716658ee51f043a.param,2.0,0.0,0.0,37.083,1470727592.0,dbac50dee43c3dd0c11d76931f81fd9c,487570.0,1.0,0.0,6.553999999999999,46-36,446307.0,0.0,895319.0,10205.0,3.3710000000000004,12151.0,10205.0,-1.0,11773.0,0.0,1566136.0,15713.0,1470727592.0,36.0,2.694,6.065,1.41,907472.0,False
300.0,2389afb57cc1c7542bfddc76320706af.param,0.0,0.0,0.0,40.306,1405409883.0,1c7c7ddbc74ac19ba1af1555a0a77143,328070.0,1.0,0.0,9.729,46-36,217524.0,0.0,938947.0,9783.0,3.516,13273.0,9783.0,-1.0,15996.0,0.0,1224451.0,17187.0,1405409883.0,33.0,5.697,9.213,1.41,952222.0,False
300.0,2389afb57cc1c7542bfddc76320706af.param,1.0,0.0,0.0,40.936,1405409883.0,1c7c7ddbc74ac19ba1af1555a0a77143,328070.0,1.0,0.0,9.785,46-36,217524.0,0.0,938947.0,9783.0,3.5180000000000002,13273.0,9783.0,-1.0,15996.0,0.0,1224451.0,17187.0,1405409883.0,33.0,5.704,9.222000000000001,1.41,952222.0,False
300.0,2389afb57cc1c7542bfddc76320706af.param,2.0,0.0,0.0,38.631,1405409883.0,1c7c7ddbc74ac19ba1af1555a0a77143,328070.0,1.0,0.0,9.738,46-36,217524.0,0.0,938947.0,9783.0,3.5069999999999997,13273.0,9783.0,-1.0,15996.0,0.0,1224451.0,17187.0,1405409883.0,33.0,5.733,9.24,1.41,952222.0,False
300.0,5c79d1d9a7223b0aa7f24b9abb13ee2f.param,0.0,0.0,0.0,76.065,1923385776.0,e6fbf084fa958eacf95de9b7ac637e05,332742.0,1.0,0.0,14.323,46-36,277131.0,0.0,1829596.0,11329.0,7.085,19741.0,11329.0,-1.0,15517.0,0.0,1483348.0,25696.0,1923385776.0,41.0,6.294,13.379000000000001,0.94,1849339.0,False
300.0,5c79d1d9a7223b0aa7f24b9abb13ee2f.param,1.0,0.0,0.0,72.34899999999998,1923385776.0,e6fbf084fa958eacf95de9b7ac637e05,332742.0,1.0,0.0,14.448,46-36,277131.0,0.0,1829596.0,11329.0,7.103,19741.0,11329.0,-1.0,15517.0,0.0,1483348.0,25696.0,1923385776.0,41.0,6.386,13.489,0.94,1849339.0,False
300.0,5c79d1d9a7223b0aa7f24b9abb13ee2f.param,2.0,0.0,0.0,73.491,1923385776.0,e6fbf084fa958eacf95de9b7ac637e05,332742.0,1.0,0.0,14.254000000000001,46-36,277131.0,0.0,1829596.0,11329.0,6.99,19741.0,11329.0,-1.0,15517.0,0.0,1483348.0,25696.0,1923385776.0,41.0,6.3320000000000025,13.322000000000001,0.94,1849339.0,False
300.0,400673ca8ff3edef3535b5791da29758.param,0.0,0.0,0.0,30.11,1139903203.0,1e516e4a527e33154a1801489f06d609,472121.0,1.0,0.0,9.295,46-36,396904.0,0.0,707816.0,9667.0,2.657,9349.0,9667.0,-1.0,13936.0,0.0,1483510.0,12036.0,1139903203.0,32.0,6.244,8.901,0.94,717167.0,False
300.0,400673ca8ff3edef3535b5791da29758.param,1.0,0.0,0.0,28.881999999999998,1139903203.0,1e516e4a527e33154a1801489f06d609,472121.0,1.0,0.0,9.18,46-36,396904.0,0.0,707816.0,9667.0,2.623,9349.0,9667.0,-1.0,13936.0,0.0,1483510.0,12036.0,1139903203.0,32.0,6.172999999999999,8.796,0.94,717167.0,False
300.0,400673ca8ff3edef3535b5791da29758.param,2.0,0.0,0.0,30.647,1139903203.0,1e516e4a527e33154a1801489f06d609,472121.0,1.0,0.0,9.3,46-36,396904.0,0.0,707816.0,9667.0,2.7319999999999998,9349.0,9667.0,-1.0,13936.0,0.0,1483510.0,12036.0,1139903203.0,32.0,6.1370000000000005,8.869,0.94,717167.0,False
300.0,82716a7451af0bb025940cb2be8712d2.param,0.0,0.0,0.0,13.661,1802391418.0,c54f2faf448a9a29980b15f6283b8a9d,126052.0,1.0,0.0,3.2230000000000003,46-36,83852.0,0.0,317365.0,6369.0,1.2109999999999999,3889.0,6369.0,-1.0,7185.0,0.0,816698.0,4869.0,1802391418.0,29.0,1.81,3.0210000000000004,0.63,321256.0,False
300.0,82716a7451af0bb025940cb2be8712d2.param,1.0,0.0,0.0,14.802,1802391418.0,c54f2faf448a9a29980b15f6283b8a9d,126052.0,1.0,0.0,3.195,46-36,83852.0,0.0,317365.0,6369.0,1.151,3889.0,6369.0,-1.0,7185.0,0.0,816698.0,4869.0,1802391418.0,29.0,1.839,2.99,0.63,321256.0,False
300.0,82716a7451af0bb025940cb2be8712d2.param,2.0,0.0,0.0,14.544,1802391418.0,c54f2faf448a9a29980b15f6283b8a9d,126052.0,1.0,0.0,3.0989999999999998,46-36,83852.0,0.0,317365.0,6369.0,1.143,3889.0,6369.0,-1.0,7185.0,0.0,816698.0,4869.0,1802391418.0,29.0,1.767,2.91,0.63,321256.0,False
300.0,8e69ece5afd42db3ce1e7ed475eaaf08.param,0.0,0.0,0.0,33.764,1979567522.0,b72c9a02c83f200f95303bb4a7cd115b,663881.0,1.0,0.0,8.246,46-36,618226.0,0.0,837827.0,6257.0,3.113,11350.0,6257.0,-1.0,10958.0,0.0,2984260.0,14654.0,1979567522.0,28.0,4.667,7.78,1.41,849179.0,False
300.0,8e69ece5afd42db3ce1e7ed475eaaf08.param,1.0,0.0,0.0,35.991,1979567522.0,b72c9a02c83f200f95303bb4a7cd115b,663881.0,1.0,0.0,8.301,46-36,618226.0,0.0,837827.0,6257.0,3.178,11350.0,6257.0,-1.0,10958.0,0.0,2984260.0,14654.0,1979567522.0,28.0,4.644,7.822,1.41,849179.0,False
300.0,8e69ece5afd42db3ce1e7ed475eaaf08.param,2.0,0.0,0.0,35.61199999999999,1979567522.0,b72c9a02c83f200f95303bb4a7cd115b,663881.0,1.0,0.0,8.353,46-36,618226.0,0.0,837827.0,6257.0,3.21,11350.0,6257.0,-1.0,10958.0,0.0,2984260.0,14654.0,1979567522.0,28.0,4.671,7.881,1.41,849179.0,False
300.0,589bbf864478462408d49f56b3acebc9.param,0.0,0.0,0.0,52.809,182366586.0,17e7b2a381cce329fd71f5072ecca548,214470.0,1.0,0.0,10.054,46-36,164819.0,0.0,1249898.0,15280.0,4.705,14257.0,15280.0,-1.0,11813.0,0.0,1387174.0,18482.0,182366586.0,56.0,4.437,9.142000000000001,1.41,1264157.0,False
300.0,589bbf864478462408d49f56b3acebc9.param,1.0,0.0,0.0,52.756,182366586.0,17e7b2a381cce329fd71f5072ecca548,214470.0,1.0,0.0,9.743,46-36,164819.0,0.0,1249898.0,15280.0,4.6610000000000005,14257.0,15280.0,-1.0,11813.0,0.0,1387174.0,18482.0,182366586.0,56.0,4.208,8.869,1.41,1264157.0,False
300.0,589bbf864478462408d49f56b3acebc9.param,2.0,0.0,0.0,53.341,182366586.0,17e7b2a381cce329fd71f5072ecca548,214470.0,1.0,0.0,9.589,46-36,164819.0,0.0,1249898.0,15280.0,4.895,14257.0,15280.0,-1.0,11813.0,0.0,1387174.0,18482.0,182366586.0,56.0,4.0360000000000005,8.931000000000003,1.41,1264157.0,False
300.0,1ec21c7d8e15d35901cd608efade836b.param,0.0,0.0,0.0,8.537,1802391418.0,5229d1577600e7c8df51a0f3c69d140b,742851.0,1.0,0.0,12.484000000000002,46-36,599772.0,0.0,190613.0,15262.0,0.6829999999999999,1996.0,15262.0,-1.0,10206.0,0.0,1674510.0,2348.0,1802391418.0,56.0,11.627,12.31,0.63,192611.0,False
300.0,1ec21c7d8e15d35901cd608efade836b.param,1.0,0.0,0.0,8.716000000000001,1802391418.0,5229d1577600e7c8df51a0f3c69d140b,742851.0,1.0,0.0,11.845999999999998,46-36,599772.0,0.0,190613.0,15262.0,0.747,1996.0,15262.0,-1.0,10206.0,0.0,1674510.0,2348.0,1802391418.0,56.0,10.968,11.715,0.63,192611.0,False
300.0,1ec21c7d8e15d35901cd608efade836b.param,2.0,0.0,0.0,8.152999999999999,1802391418.0,5229d1577600e7c8df51a0f3c69d140b,742851.0,1.0,0.0,11.992,46-36,599772.0,0.0,190613.0,15262.0,0.758,1996.0,15262.0,-1.0,10206.0,0.0,1674510.0,2348.0,1802391418.0,56.0,11.097999999999999,11.856,0.63,192611.0,False
300.0,7ee038a2d306328bf29f3cc3ddd33ea0.param,0.0,0.0,0.0,66.259,2050821110.0,a78202f17e90f03ca9f5bc9edad56483,478149.0,1.0,0.0,35.55699999999999,46-36,245726.0,0.0,1616841.0,14282.0,6.154,16381.0,14282.0,-1.0,28249.0,0.0,1799506.0,21273.0,2050821110.0,52.0,28.204,34.358000000000004,2.11,1633224.0,False
300.0,7ee038a2d306328bf29f3cc3ddd33ea0.param,1.0,0.0,0.0,64.916,2050821110.0,a78202f17e90f03ca9f5bc9edad56483,478149.0,1.0,0.0,35.052,46-36,245726.0,0.0,1616841.0,14282.0,6.209,16381.0,14282.0,-1.0,28249.0,0.0,1799506.0,21273.0,2050821110.0,52.0,27.959,34.168,2.11,1633224.0,False
300.0,7ee038a2d306328bf29f3cc3ddd33ea0.param,2.0,0.0,0.0,66.391,2050821110.0,a78202f17e90f03ca9f5bc9edad56483,478149.0,1.0,0.0,34.649,46-36,245726.0,0.0,1616841.0,14282.0,6.122000000000001,16381.0,14282.0,-1.0,28249.0,0.0,1799506.0,21273.0,2050821110.0,52.0,27.671,33.793,2.11,1633224.0,False
300.0,911e1a0f8b4680f2864fa59b12973cad.param,0.0,0.0,0.0,39.650999999999996,1145031130.0,f59db826a91c02c56bf4d98905e2c2bf,1218093.0,1.0,0.0,13.707,46-36,1089846.0,0.0,999092.0,6304.0,3.739,14077.0,6304.0,-1.0,26812.0,0.0,2849934.0,18192.0,1145031130.0,29.0,9.363999999999999,13.103,2.11,1013171.0,False
300.0,911e1a0f8b4680f2864fa59b12973cad.param,1.0,0.0,0.0,40.616,1145031130.0,f59db826a91c02c56bf4d98905e2c2bf,1218093.0,1.0,0.0,13.677999999999999,46-36,1089846.0,0.0,999092.0,6304.0,3.7289999999999996,14077.0,6304.0,-1.0,26812.0,0.0,2849934.0,18192.0,1145031130.0,29.0,9.383,13.112,2.11,1013171.0,False
300.0,911e1a0f8b4680f2864fa59b12973cad.param,2.0,0.0,0.0,42.453,1145031130.0,f59db826a91c02c56bf4d98905e2c2bf,1218093.0,1.0,0.0,13.763,46-36,1089846.0,0.0,999092.0,6304.0,3.795,14077.0,6304.0,-1.0,26812.0,0.0,2849934.0,18192.0,1145031130.0,29.0,9.408,13.203,2.11,1013171.0,False
300.0,3631b5ebf342811f42ca903194874739.param,0.0,0.0,0.0,21.328000000000007,254168822.0,08d04396a5d24f23e284fb839e9d6291,505833.0,1.0,0.0,9.472000000000001,46-36,436138.0,0.0,503239.0,10368.0,1.942,5743.0,10368.0,-1.0,11036.0,0.0,1491134.0,7293.0,254168822.0,37.0,7.153,9.095,0.94,508984.0,False
300.0,3631b5ebf342811f42ca903194874739.param,1.0,0.0,0.0,20.864,254168822.0,08d04396a5d24f23e284fb839e9d6291,505833.0,1.0,0.0,8.911,46-36,436138.0,0.0,503239.0,10368.0,1.86,5743.0,10368.0,-1.0,11036.0,0.0,1491134.0,7293.0,254168822.0,37.0,6.744,8.604,0.94,508984.0,False
300.0,3631b5ebf342811f42ca903194874739.param,2.0,0.0,0.0,21.159000000000002,254168822.0,08d04396a5d24f23e284fb839e9d6291,505833.0,1.0,0.0,8.887,46-36,436138.0,0.0,503239.0,10368.0,1.848,5743.0,10368.0,-1.0,11036.0,0.0,1491134.0,7293.0,254168822.0,37.0,6.723,8.571,0.94,508984.0,False
300.0,a38985b17ca7f54344b29181a8584654.param,0.0,0.0,0.0,40.391,221638566.0,5b4d68b306ff646145a8866b1b23df81,481691.0,1.0,0.0,9.231,46-36,364952.0,0.0,1030695.0,6313.0,3.865,15622.0,6313.0,-1.0,23243.0,0.0,1298805.0,20250.0,221638566.0,29.0,4.792,8.657,1.41,1046319.0,False
300.0,a38985b17ca7f54344b29181a8584654.param,1.0,0.0,0.0,40.339,221638566.0,5b4d68b306ff646145a8866b1b23df81,481691.0,1.0,0.0,9.466000000000001,46-36,364952.0,0.0,1030695.0,6313.0,3.947,15622.0,6313.0,-1.0,23243.0,0.0,1298805.0,20250.0,221638566.0,29.0,4.897,8.844,1.41,1046319.0,False
300.0,a38985b17ca7f54344b29181a8584654.param,2.0,0.0,0.0,40.107,221638566.0,5b4d68b306ff646145a8866b1b23df81,481691.0,1.0,0.0,9.332,46-36,364952.0,0.0,1030695.0,6313.0,3.853,15622.0,6313.0,-1.0,23243.0,0.0,1298805.0,20250.0,221638566.0,29.0,4.888,8.741,1.41,1046319.0,False
300.0,d0799a9d39f0850315a55b0ab4917638.param,0.0,0.0,0.0,44.425,1918631718.0,65a7ed7bf1b3aac85063067919db70a6,1180422.0,1.0,0.0,10.839,46-36,1110651.0,0.0,1146974.0,14200.0,4.309,13537.0,14200.0,-1.0,13436.0,0.0,2250387.0,17534.0,1918631718.0,52.0,5.891,10.2,1.41,1160513.0,False
300.0,d0799a9d39f0850315a55b0ab4917638.param,1.0,0.0,0.0,45.893,1918631718.0,65a7ed7bf1b3aac85063067919db70a6,1180422.0,1.0,0.0,11.26,46-36,1110651.0,0.0,1146974.0,14200.0,4.4,13537.0,14200.0,-1.0,13436.0,0.0,2250387.0,17534.0,1918631718.0,52.0,6.01,10.41,1.41,1160513.0,False
300.0,d0799a9d39f0850315a55b0ab4917638.param,2.0,0.0,0.0,47.385,1918631718.0,65a7ed7bf1b3aac85063067919db70a6,1180422.0,1.0,0.0,10.648,46-36,1110651.0,0.0,1146974.0,14200.0,4.2860000000000005,13537.0,14200.0,-1.0,13436.0,0.0,2250387.0,17534.0,1918631718.0,52.0,5.735,10.021,1.41,1160513.0,False
300.0,bebd2cfe5e0562ebe11dc365507fd898.param,0.0,0.0,0.0,31.789,372553220.0,d468b97dc6b19ea8b937275e4c5654e5,679651.0,1.0,0.0,13.879000000000001,46-36,544944.0,0.0,778439.0,14282.0,2.9189999999999996,7435.0,14282.0,-1.0,23781.0,0.0,1876175.0,9461.0,372553220.0,52.0,10.509,13.427999999999999,1.41,785876.0,False
300.0,bebd2cfe5e0562ebe11dc365507fd898.param,1.0,0.0,0.0,32.065,372553220.0,d468b97dc6b19ea8b937275e4c5654e5,679651.0,1.0,0.0,13.807,46-36,544944.0,0.0,778439.0,14282.0,2.8960000000000004,7435.0,14282.0,-1.0,23781.0,0.0,1876175.0,9461.0,372553220.0,52.0,10.499,13.395,1.41,785876.0,False
300.0,bebd2cfe5e0562ebe11dc365507fd898.param,2.0,0.0,0.0,31.318,372553220.0,d468b97dc6b19ea8b937275e4c5654e5,679651.0,1.0,0.0,14.001,46-36,544944.0,0.0,778439.0,14282.0,2.9160000000000004,7435.0,14282.0,-1.0,23781.0,0.0,1876175.0,9461.0,372553220.0,52.0,10.505999999999998,13.422,1.41,785876.0,False
300.0,356667c28689cc2615ddddc6ad11e53e.param,0.0,0.0,0.0,82.19,693280077.0,fdfdae9128d4b95d531503c97cf788ce,6943668.0,1.0,0.0,98.103,46-36,6540627.0,0.0,1964160.0,15360.0,7.577000000000001,21616.0,15360.0,-1.0,46421.0,0.0,10436692.0,28160.0,693280077.0,57.0,89.07700000000001,96.654,3.16,1985778.0,False
300.0,356667c28689cc2615ddddc6ad11e53e.param,1.0,0.0,0.0,74.846,693280077.0,fdfdae9128d4b95d531503c97cf788ce,6943668.0,1.0,0.0,97.624,46-36,6540627.0,0.0,1964160.0,15360.0,7.478,21616.0,15360.0,-1.0,46421.0,0.0,10436692.0,28160.0,693280077.0,57.0,88.73299999999998,96.211,3.16,1985778.0,False
300.0,356667c28689cc2615ddddc6ad11e53e.param,2.0,0.0,0.0,78.387,693280077.0,fdfdae9128d4b95d531503c97cf788ce,6943668.0,1.0,0.0,97.54299999999999,46-36,6540627.0,0.0,1964160.0,15360.0,7.53,21616.0,15360.0,-1.0,46421.0,0.0,10436692.0,28160.0,693280077.0,57.0,88.65100000000002,96.181,3.16,1985778.0,False
300.0,a37d28d43d69aa0103e8f6c03a25328d.param,0.0,0.0,0.0,10.09,1057470620.0,2e2d3f72274a38e2b51afc2bb03730de,591639.0,1.0,0.0,7.537000000000001,46-36,552578.0,0.0,221863.0,9710.0,0.84,2101.0,9710.0,-1.0,12348.0,0.0,1849188.0,2363.0,1057470620.0,33.0,6.545,7.385,0.94,223966.0,False
300.0,a37d28d43d69aa0103e8f6c03a25328d.param,1.0,0.0,0.0,10.27,1057470620.0,2e2d3f72274a38e2b51afc2bb03730de,591639.0,1.0,0.0,7.575,46-36,552578.0,0.0,221863.0,9710.0,0.8009999999999999,2101.0,9710.0,-1.0,12348.0,0.0,1849188.0,2363.0,1057470620.0,33.0,6.579,7.38,0.94,223966.0,False
300.0,a37d28d43d69aa0103e8f6c03a25328d.param,2.0,0.0,0.0,10.442,1057470620.0,2e2d3f72274a38e2b51afc2bb03730de,591639.0,1.0,0.0,7.631,46-36,552578.0,0.0,221863.0,9710.0,0.8009999999999999,2101.0,9710.0,-1.0,12348.0,0.0,1849188.0,2363.0,1057470620.0,33.0,6.6370000000000005,7.438,0.94,223966.0,False
300.0,8ee114f3baa9833ce2ff8acd1c2f17dc.param,0.0,0.0,0.0,35.556,1242281828.0,7f5ebcfe52f0383156ba2b81ebabe4ad,322232.0,1.0,0.0,7.001,46-36,269499.0,0.0,912859.0,10267.0,3.3789999999999996,11455.0,10267.0,-1.0,10028.0,0.0,1274123.0,14801.0,1242281828.0,36.0,3.158,6.537000000000001,0.94,924316.0,False
300.0,8ee114f3baa9833ce2ff8acd1c2f17dc.param,1.0,0.0,0.0,34.626,1242281828.0,7f5ebcfe52f0383156ba2b81ebabe4ad,322232.0,1.0,0.0,7.441,46-36,269499.0,0.0,912859.0,10267.0,3.513,11455.0,10267.0,-1.0,10028.0,0.0,1274123.0,14801.0,1242281828.0,36.0,3.4010000000000002,6.914,0.94,924316.0,False
300.0,8ee114f3baa9833ce2ff8acd1c2f17dc.param,2.0,0.0,0.0,37.473,1242281828.0,7f5ebcfe52f0383156ba2b81ebabe4ad,322232.0,1.0,0.0,7.199,46-36,269499.0,0.0,912859.0,10267.0,3.4219999999999997,11455.0,10267.0,-1.0,10028.0,0.0,1274123.0,14801.0,1242281828.0,36.0,3.2889999999999997,6.711,0.94,924316.0,False
300.0,8918e76cfcec0657c7d7950a1794604c.param,0.0,0.0,0.0,39.924,34754393.0,3a44e35010ae1a48c5971b683f987571,578438.0,1.0,0.0,16.185,46-36,386530.0,0.0,935436.0,13679.0,3.5210000000000004,10081.0,13679.0,-1.0,22052.0,0.0,1919699.0,12948.0,34754393.0,48.0,12.182,15.703,1.41,945519.0,False
300.0,8918e76cfcec0657c7d7950a1794604c.param,1.0,0.0,0.0,39.31,34754393.0,3a44e35010ae1a48c5971b683f987571,578438.0,1.0,0.0,16.423,46-36,386530.0,0.0,935436.0,13679.0,3.588,10081.0,13679.0,-1.0,22052.0,0.0,1919699.0,12948.0,34754393.0,48.0,12.325999999999999,15.914000000000001,1.41,945519.0,False
300.0,8918e76cfcec0657c7d7950a1794604c.param,2.0,0.0,0.0,39.596,34754393.0,3a44e35010ae1a48c5971b683f987571,578438.0,1.0,0.0,16.582,46-36,386530.0,0.0,935436.0,13679.0,3.612,10081.0,13679.0,-1.0,22052.0,0.0,1919699.0,12948.0,34754393.0,48.0,12.453,16.065,1.41,945519.0,False
300.0,1a9658e08918a7701123bae3cad3fdfa.param,0.0,0.0,0.0,25.935,2136253402.0,18da5155d590ca5773cca30686dd01df,1367519.0,1.0,0.0,14.902000000000001,46-36,1247318.0,0.0,554279.0,11911.0,2.045,5563.0,11911.0,-1.0,16150.0,0.0,2819712.0,7025.0,2136253402.0,45.0,12.5,14.545,0.94,559844.0,False
300.0,1a9658e08918a7701123bae3cad3fdfa.param,1.0,0.0,0.0,23.443,2136253402.0,18da5155d590ca5773cca30686dd01df,1367519.0,1.0,0.0,14.159,46-36,1247318.0,0.0,554279.0,11911.0,2.024,5563.0,11911.0,-1.0,16150.0,0.0,2819712.0,7025.0,2136253402.0,45.0,11.811,13.835,0.94,559844.0,False
300.0,1a9658e08918a7701123bae3cad3fdfa.param,2.0,0.0,0.0,25.000999999999998,2136253402.0,18da5155d590ca5773cca30686dd01df,1367519.0,1.0,0.0,14.284,46-36,1247318.0,0.0,554279.0,11911.0,2.062,5563.0,11911.0,-1.0,16150.0,0.0,2819712.0,7025.0,2136253402.0,45.0,11.899000000000001,13.960999999999999,0.94,559844.0,False
300.0,9d8011d62fbdace0c9682b0a56eb9c1a.param,0.0,0.0,0.0,16.566,475179535.0,ad1cd02996aeaa946e8847d2353bca82,494425.0,1.0,0.0,6.075,46-36,431092.0,0.0,357518.0,11321.0,1.288,4033.0,11321.0,-1.0,12244.0,0.0,1474600.0,5026.0,475179535.0,41.0,4.577,5.865,0.94,361553.0,False
300.0,9d8011d62fbdace0c9682b0a56eb9c1a.param,1.0,0.0,0.0,15.693,475179535.0,ad1cd02996aeaa946e8847d2353bca82,494425.0,1.0,0.0,6.2010000000000005,46-36,431092.0,0.0,357518.0,11321.0,1.307,4033.0,11321.0,-1.0,12244.0,0.0,1474600.0,5026.0,475179535.0,41.0,4.6819999999999995,5.989,0.94,361553.0,False
300.0,9d8011d62fbdace0c9682b0a56eb9c1a.param,2.0,0.0,0.0,16.612000000000002,475179535.0,ad1cd02996aeaa946e8847d2353bca82,494425.0,1.0,0.0,6.142,46-36,431092.0,0.0,357518.0,11321.0,1.2990000000000002,4033.0,11321.0,-1.0,12244.0,0.0,1474600.0,5026.0,475179535.0,41.0,4.621,5.92,0.94,361553.0,False
300.0,5a074a62937cbcb2e921ae7f17a0123b.param,0.0,0.0,0.0,72.169,2028359165.0,0f6ed479352195a91679940b9bb290b5,2345445.0,1.0,0.0,30.409000000000002,46-36,2181623.0,0.0,1857255.0,10376.0,7.188,21931.0,10376.0,-1.0,29103.0,0.0,5416471.0,28565.0,2028359165.0,37.0,22.261,29.449,3.16,1879188.0,False
300.0,5a074a62937cbcb2e921ae7f17a0123b.param,1.0,0.0,0.0,76.153,2028359165.0,0f6ed479352195a91679940b9bb290b5,2345445.0,1.0,0.0,30.64,46-36,2181623.0,0.0,1857255.0,10376.0,7.1960000000000015,21931.0,10376.0,-1.0,29103.0,0.0,5416471.0,28565.0,2028359165.0,37.0,22.413,29.609,3.16,1879188.0,False
300.0,5a074a62937cbcb2e921ae7f17a0123b.param,2.0,0.0,0.0,70.042,2028359165.0,0f6ed479352195a91679940b9bb290b5,2345445.0,1.0,0.0,30.724,46-36,2181623.0,0.0,1857255.0,10376.0,7.183,21931.0,10376.0,-1.0,29103.0,0.0,5416471.0,28565.0,2028359165.0,37.0,22.50800000000001,29.691,3.16,1879188.0,False
300.0,c0ddd6d536dd36939b31e12d969323ca.param,0.0,0.0,0.0,15.459000000000001,1405409883.0,5f7839c527fe38e19ed040fff3efd243,3767733.0,1.0,0.0,19.789,46-36,3628842.0,0.0,342154.0,14262.0,1.244,3241.0,14262.0,-1.0,19818.0,0.0,4010722.0,3954.0,1405409883.0,52.0,18.322,19.566,1.41,345397.0,False
300.0,c0ddd6d536dd36939b31e12d969323ca.param,1.0,0.0,0.0,15.407,1405409883.0,5f7839c527fe38e19ed040fff3efd243,3767733.0,1.0,0.0,20.463,46-36,3628842.0,0.0,342154.0,14262.0,1.245,3241.0,14262.0,-1.0,19818.0,0.0,4010722.0,3954.0,1405409883.0,52.0,18.938,20.183,1.41,345397.0,False
300.0,c0ddd6d536dd36939b31e12d969323ca.param,2.0,0.0,0.0,15.455,1405409883.0,5f7839c527fe38e19ed040fff3efd243,3767733.0,1.0,0.0,18.678,46-36,3628842.0,0.0,342154.0,14262.0,1.246,3241.0,14262.0,-1.0,19818.0,0.0,4010722.0,3954.0,1405409883.0,52.0,17.215999999999998,18.462,1.41,345397.0,False
300.0,55af68f15fe32e43da610c5d90806a4a.param,0.0,0.0,0.0,65.806,862094683.0,4febadafc2618f747e1ecbd69cf4f63e,2418324.0,1.0,0.0,35.433,46-36,2118102.0,0.0,1744901.0,24187.0,6.725,17161.0,24187.0,-1.0,26973.0,0.0,3503435.0,22301.0,862094683.0,73.0,27.76,34.485,3.16,1762064.0,False
300.0,55af68f15fe32e43da610c5d90806a4a.param,1.0,0.0,0.0,66.592,862094683.0,4febadafc2618f747e1ecbd69cf4f63e,2418324.0,1.0,0.0,34.265,46-36,2118102.0,0.0,1744901.0,24187.0,6.636,17161.0,24187.0,-1.0,26973.0,0.0,3503435.0,22301.0,862094683.0,73.0,26.73,33.366,3.16,1762064.0,False
300.0,55af68f15fe32e43da610c5d90806a4a.param,2.0,0.0,0.0,72.429,862094683.0,4febadafc2618f747e1ecbd69cf4f63e,2418324.0,1.0,0.0,35.80300000000001,46-36,2118102.0,0.0,1744901.0,24187.0,6.77,17161.0,24187.0,-1.0,26973.0,0.0,3503435.0,22301.0,862094683.0,73.0,28.103,34.873000000000005,3.16,1762064.0,False
300.0,3d9e7b6df6df75811f47376afe3f163c.param,0.0,0.0,0.0,18.169,1918631718.0,938e772b8d12f0651752fceb4d0531b5,738208.0,1.0,0.0,12.855,46-36,651424.0,0.0,409599.0,11352.0,1.5390000000000001,4564.0,11352.0,-1.0,16159.0,0.0,2083556.0,5676.0,1918631718.0,41.0,11.067,12.606,0.94,414165.0,False
300.0,3d9e7b6df6df75811f47376afe3f163c.param,1.0,0.0,0.0,17.570999999999998,1918631718.0,938e772b8d12f0651752fceb4d0531b5,738208.0,1.0,0.0,12.835,46-36,651424.0,0.0,409599.0,11352.0,1.528,4564.0,11352.0,-1.0,16159.0,0.0,2083556.0,5676.0,1918631718.0,41.0,11.052,12.58,0.94,414165.0,False
300.0,3d9e7b6df6df75811f47376afe3f163c.param,2.0,0.0,0.0,18.767,1918631718.0,938e772b8d12f0651752fceb4d0531b5,738208.0,1.0,0.0,12.497,46-36,651424.0,0.0,409599.0,11352.0,1.4969999999999999,4564.0,11352.0,-1.0,16159.0,0.0,2083556.0,5676.0,1918631718.0,41.0,10.764000000000001,12.261,0.94,414165.0,False
300.0,982f07b05aa788dcb221cf0f46a98a28.param,0.0,0.0,0.0,18.51,1242281828.0,9bf897abf610748aba8be1bee16135e5,1953186.0,1.0,0.0,12.158,46-36,1895915.0,0.0,407409.0,11207.0,1.567,4642.0,11207.0,-1.0,17200.0,0.0,3113284.0,5774.0,1242281828.0,40.0,10.327,11.894,0.94,412053.0,False
300.0,982f07b05aa788dcb221cf0f46a98a28.param,1.0,0.0,0.0,18.248,1242281828.0,9bf897abf610748aba8be1bee16135e5,1953186.0,1.0,0.0,13.546,46-36,1895915.0,0.0,407409.0,11207.0,1.495,4642.0,11207.0,-1.0,17200.0,0.0,3113284.0,5774.0,1242281828.0,40.0,11.709000000000001,13.204,0.94,412053.0,False
300.0,982f07b05aa788dcb221cf0f46a98a28.param,2.0,0.0,0.0,17.176,1242281828.0,9bf897abf610748aba8be1bee16135e5,1953186.0,1.0,0.0,11.183,46-36,1895915.0,0.0,407409.0,11207.0,1.5119999999999998,4642.0,11207.0,-1.0,17200.0,0.0,3113284.0,5774.0,1242281828.0,40.0,9.426,10.937999999999999,0.94,412053.0,False
300.0,f607d46ec11afe04a6635e1e747bca97.param,0.0,0.0,0.0,7.897,823094821.0,5cbe33725315507e7b8318712dde9e6b,1172416.0,1.0,0.0,8.838,46-36,1106569.0,0.0,156698.0,9612.0,0.5579999999999999,2017.0,9612.0,-1.0,11296.0,0.0,1705915.0,2330.0,823094821.0,32.0,8.158999999999999,8.717,0.63,158717.0,False
300.0,f607d46ec11afe04a6635e1e747bca97.param,1.0,0.0,0.0,7.331,823094821.0,5cbe33725315507e7b8318712dde9e6b,1172416.0,1.0,0.0,8.978,46-36,1106569.0,0.0,156698.0,9612.0,0.5820000000000001,2017.0,9612.0,-1.0,11296.0,0.0,1705915.0,2330.0,823094821.0,32.0,8.267000000000001,8.849,0.63,158717.0,False
300.0,f607d46ec11afe04a6635e1e747bca97.param,2.0,0.0,0.0,6.817,823094821.0,5cbe33725315507e7b8318712dde9e6b,1172416.0,1.0,0.0,8.873,46-36,1106569.0,0.0,156698.0,9612.0,0.5539999999999999,2017.0,9612.0,-1.0,11296.0,0.0,1705915.0,2330.0,823094821.0,32.0,8.179,8.732999999999999,0.63,158717.0,False
300.0,86aef175e49750375aaf5bf4f54ac0c2.param,0.0,0.0,0.0,70.423,95956545.0,b3858d5c0b73d017661e2def6139950b,724656.0,1.0,0.0,14.350999999999999,46-36,649423.0,0.0,1787137.0,15282.0,6.7929999999999975,20149.0,15282.0,-1.0,18089.0,0.0,3253603.0,26231.0,95956545.0,56.0,6.35,13.142999999999999,2.11,1807288.0,False
300.0,86aef175e49750375aaf5bf4f54ac0c2.param,1.0,0.0,0.0,71.725,95956545.0,b3858d5c0b73d017661e2def6139950b,724656.0,1.0,0.0,13.607000000000001,46-36,649423.0,0.0,1787137.0,15282.0,6.9,20149.0,15282.0,-1.0,18089.0,0.0,3253603.0,26231.0,95956545.0,56.0,5.766,12.665999999999999,2.11,1807288.0,False
300.0,86aef175e49750375aaf5bf4f54ac0c2.param,2.0,0.0,0.0,70.807,95956545.0,b3858d5c0b73d017661e2def6139950b,724656.0,1.0,0.0,13.628,46-36,649423.0,0.0,1787137.0,15282.0,6.891,20149.0,15282.0,-1.0,18089.0,0.0,3253603.0,26231.0,95956545.0,56.0,5.806,12.697000000000001,2.11,1807288.0,False
300.0,b55bae1f323148019db34cc9c08d6b4b.param,0.0,0.0,0.0,27.656999999999996,693280077.0,3f72fc1bf4c782cdefeb5452adc8a83b,663200.0,1.0,0.0,9.463,46-36,566439.0,0.0,597329.0,6339.0,2.228,8425.0,6339.0,-1.0,19424.0,0.0,1780684.0,10769.0,693280077.0,29.0,6.8629999999999995,9.091000000000001,1.41,605756.0,False
300.0,b55bae1f323148019db34cc9c08d6b4b.param,1.0,0.0,0.0,24.814,693280077.0,3f72fc1bf4c782cdefeb5452adc8a83b,663200.0,1.0,0.0,9.262,46-36,566439.0,0.0,597329.0,6339.0,2.202,8425.0,6339.0,-1.0,19424.0,0.0,1780684.0,10769.0,693280077.0,29.0,6.6960000000000015,8.898,1.41,605756.0,False
300.0,b55bae1f323148019db34cc9c08d6b4b.param,2.0,0.0,0.0,26.891,693280077.0,3f72fc1bf4c782cdefeb5452adc8a83b,663200.0,1.0,0.0,9.414,46-36,566439.0,0.0,597329.0,6339.0,2.235,8425.0,6339.0,-1.0,19424.0,0.0,1780684.0,10769.0,693280077.0,29.0,6.815,9.05,1.41,605756.0,False
300.0,a6fb6cef21abb3da58a08c431abe1820.param,0.0,0.0,0.0,39.677,83966730.0,9c3ca49c9da7416ac55e03668385a62e,1076250.0,1.0,0.0,12.595999999999998,46-36,1023284.0,0.0,1035752.0,11265.0,3.908,13168.0,11265.0,-1.0,16351.0,0.0,2980916.0,17048.0,83966730.0,40.0,8.06,11.968,2.11,1048922.0,False
300.0,a6fb6cef21abb3da58a08c431abe1820.param,1.0,0.0,0.0,43.918,83966730.0,9c3ca49c9da7416ac55e03668385a62e,1076250.0,1.0,0.0,11.917,46-36,1023284.0,0.0,1035752.0,11265.0,3.883,13168.0,11265.0,-1.0,16351.0,0.0,2980916.0,17048.0,83966730.0,40.0,7.428,11.311,2.11,1048922.0,False
300.0,a6fb6cef21abb3da58a08c431abe1820.param,2.0,0.0,0.0,44.106,83966730.0,9c3ca49c9da7416ac55e03668385a62e,1076250.0,1.0,0.0,11.375,46-36,1023284.0,0.0,1035752.0,11265.0,3.872,13168.0,11265.0,-1.0,16351.0,0.0,2980916.0,17048.0,83966730.0,40.0,6.942,10.814,2.11,1048922.0,False
300.0,a6ff37b0cef2bdd5134de774a2ccfcdd.param,0.0,0.0,0.0,7.1110000000000015,1571287961.0,571dfdbdd631c3c3c8a91318b14e5bba,441486.0,1.0,0.0,6.388999999999999,46-36,385064.0,0.0,149144.0,11295.0,0.534,1546.0,11295.0,-1.0,8254.0,0.0,1185072.0,1734.0,1571287961.0,40.0,5.7079999999999975,6.242000000000001,0.42,150692.0,False
300.0,a6ff37b0cef2bdd5134de774a2ccfcdd.param,1.0,0.0,0.0,7.33,1571287961.0,571dfdbdd631c3c3c8a91318b14e5bba,441486.0,1.0,0.0,6.4270000000000005,46-36,385064.0,0.0,149144.0,11295.0,0.529,1546.0,11295.0,-1.0,8254.0,0.0,1185072.0,1734.0,1571287961.0,40.0,5.7829999999999995,6.312,0.42,150692.0,False
300.0,a6ff37b0cef2bdd5134de774a2ccfcdd.param,2.0,0.0,0.0,7.106,1571287961.0,571dfdbdd631c3c3c8a91318b14e5bba,441486.0,1.0,0.0,6.336,46-36,385064.0,0.0,149144.0,11295.0,0.535,1546.0,11295.0,-1.0,8254.0,0.0,1185072.0,1734.0,1571287961.0,40.0,5.688,6.223,0.42,150692.0,False
300.0,5aa281057d97f045673ea5f22f4a03c2.param,0.0,0.0,0.0,12.710999999999999,2050821110.0,e9115c0dd916ef9168a4dccbf96ad711,443975.0,1.0,0.0,8.77,46-36,347392.0,0.0,275121.0,13605.0,1.043,2971.0,13605.0,-1.0,15134.0,0.0,1301393.0,3621.0,2050821110.0,48.0,7.539,8.582,0.63,278094.0,False
300.0,5aa281057d97f045673ea5f22f4a03c2.param,1.0,0.0,0.0,12.002,2050821110.0,e9115c0dd916ef9168a4dccbf96ad711,443975.0,1.0,0.0,8.624,46-36,347392.0,0.0,275121.0,13605.0,1.018,2971.0,13605.0,-1.0,15134.0,0.0,1301393.0,3621.0,2050821110.0,48.0,7.431,8.449,0.63,278094.0,False
300.0,5aa281057d97f045673ea5f22f4a03c2.param,2.0,0.0,0.0,12.76,2050821110.0,e9115c0dd916ef9168a4dccbf96ad711,443975.0,1.0,0.0,8.805,46-36,347392.0,0.0,275121.0,13605.0,0.996,2971.0,13605.0,-1.0,15134.0,0.0,1301393.0,3621.0,2050821110.0,48.0,7.5920000000000005,8.588,0.63,278094.0,False
300.0,23179b628ad596b0808644865ee42008.param,0.0,0.0,0.0,19.166,1083416308.0,0f339e8a2582afb777ce9ff16f4daf5d,419131.0,1.0,0.0,5.666,46-36,357724.0,0.0,439689.0,10257.0,1.605,5521.0,10257.0,-1.0,8992.0,0.0,1297163.0,7013.0,1083416308.0,36.0,3.7760000000000002,5.381,0.63,445212.0,False
300.0,23179b628ad596b0808644865ee42008.param,1.0,0.0,0.0,19.230999999999998,1083416308.0,0f339e8a2582afb777ce9ff16f4daf5d,419131.0,1.0,0.0,5.806,46-36,357724.0,0.0,439689.0,10257.0,1.624,5521.0,10257.0,-1.0,8992.0,0.0,1297163.0,7013.0,1083416308.0,36.0,3.908,5.532,0.63,445212.0,False
300.0,23179b628ad596b0808644865ee42008.param,2.0,0.0,0.0,19.486,1083416308.0,0f339e8a2582afb777ce9ff16f4daf5d,419131.0,1.0,0.0,5.652,46-36,357724.0,0.0,439689.0,10257.0,1.6,5521.0,10257.0,-1.0,8992.0,0.0,1297163.0,7013.0,1083416308.0,36.0,3.79,5.39,0.63,445212.0,False
300.0,b366bbc99f4b12f6958260432db8f433.param,0.0,0.0,0.0,50.206,600810857.0,31755debcde4d2506d4e3b4900da5b10,3653742.0,1.0,0.0,24.523000000000003,46-36,3438982.0,0.0,1175760.0,11271.0,4.454,14554.0,11271.0,-1.0,41226.0,0.0,4406693.0,18870.0,600810857.0,40.0,19.179000000000002,23.63300000000001,3.16,1190316.0,False
300.0,b366bbc99f4b12f6958260432db8f433.param,1.0,0.0,0.0,48.449,600810857.0,31755debcde4d2506d4e3b4900da5b10,3653742.0,1.0,0.0,25.212,46-36,3438982.0,0.0,1175760.0,11271.0,4.493,14554.0,11271.0,-1.0,41226.0,0.0,4406693.0,18870.0,600810857.0,40.0,19.833,24.326,3.16,1190316.0,False
300.0,b366bbc99f4b12f6958260432db8f433.param,2.0,0.0,0.0,49.18899999999999,600810857.0,31755debcde4d2506d4e3b4900da5b10,3653742.0,1.0,0.0,24.427,46-36,3438982.0,0.0,1175760.0,11271.0,4.465,14554.0,11271.0,-1.0,41226.0,0.0,4406693.0,18870.0,600810857.0,40.0,19.287,23.752,3.16,1190316.0,False
300.0,099cc4db78f534b541e03b3d21476677.param,0.0,0.0,0.0,10.657,693280077.0,eb6c07ddb5aa3472458a2d1a2120988e,1010349.0,1.0,0.0,13.341,46-36,924917.0,0.0,243269.0,11227.0,0.8959999999999999,2713.0,11227.0,-1.0,11112.0,0.0,2221589.0,3245.0,693280077.0,40.0,12.287,13.183,0.63,245984.0,False
300.0,099cc4db78f534b541e03b3d21476677.param,1.0,0.0,0.0,10.386,693280077.0,eb6c07ddb5aa3472458a2d1a2120988e,1010349.0,1.0,0.0,13.232999999999999,46-36,924917.0,0.0,243269.0,11227.0,0.892,2713.0,11227.0,-1.0,11112.0,0.0,2221589.0,3245.0,693280077.0,40.0,12.179,13.071,0.63,245984.0,False
300.0,099cc4db78f534b541e03b3d21476677.param,2.0,0.0,0.0,11.192,693280077.0,eb6c07ddb5aa3472458a2d1a2120988e,1010349.0,1.0,0.0,13.37,46-36,924917.0,0.0,243269.0,11227.0,0.912,2713.0,11227.0,-1.0,11112.0,0.0,2221589.0,3245.0,693280077.0,40.0,12.288,13.2,0.63,245984.0,False
300.0,2b9f5024001a051a59314cacbe0b17e8.param,0.0,0.0,0.0,53.373999999999995,1235388569.0,4e6c62bafb132c7440207d6f7250c60e,685692.0,1.0,0.0,17.535999999999998,46-36,520635.0,0.0,1342775.0,11220.0,5.1739999999999995,16219.0,11220.0,-1.0,21929.0,0.0,1835448.0,21061.0,1235388569.0,40.0,11.603,16.777,1.41,1358996.0,False
300.0,2b9f5024001a051a59314cacbe0b17e8.param,1.0,0.0,0.0,56.641999999999996,1235388569.0,4e6c62bafb132c7440207d6f7250c60e,685692.0,1.0,0.0,17.430999999999994,46-36,520635.0,0.0,1342775.0,11220.0,5.105,16219.0,11220.0,-1.0,21929.0,0.0,1835448.0,21061.0,1235388569.0,40.0,11.587,16.692,1.41,1358996.0,False
300.0,2b9f5024001a051a59314cacbe0b17e8.param,2.0,0.0,0.0,53.703,1235388569.0,4e6c62bafb132c7440207d6f7250c60e,685692.0,1.0,0.0,17.518,46-36,520635.0,0.0,1342775.0,11220.0,5.055,16219.0,11220.0,-1.0,21929.0,0.0,1835448.0,21061.0,1235388569.0,40.0,11.703,16.758,1.41,1358996.0,False
300.0,af0a6d4f3f8e41dd411ac993d1c5e5ad.param,0.0,0.0,0.0,19.840999999999998,34754393.0,eb3bfa8119a9a4164596590c60286fec,479604.0,1.0,0.0,10.645,46-36,399066.0,0.0,461450.0,15247.0,1.726,4537.0,15247.0,-1.0,13230.0,0.0,1888843.0,5618.0,34754393.0,56.0,8.635,10.360999999999999,0.63,465989.0,False
300.0,af0a6d4f3f8e41dd411ac993d1c5e5ad.param,1.0,0.0,0.0,20.961,34754393.0,eb3bfa8119a9a4164596590c60286fec,479604.0,1.0,0.0,10.607999999999999,46-36,399066.0,0.0,461450.0,15247.0,1.7,4537.0,15247.0,-1.0,13230.0,0.0,1888843.0,5618.0,34754393.0,56.0,8.633,10.333,0.63,465989.0,False
300.0,af0a6d4f3f8e41dd411ac993d1c5e5ad.param,2.0,0.0,0.0,20.719,34754393.0,eb3bfa8119a9a4164596590c60286fec,479604.0,1.0,0.0,10.557,46-36,399066.0,0.0,461450.0,15247.0,1.695,4537.0,15247.0,-1.0,13230.0,0.0,1888843.0,5618.0,34754393.0,56.0,8.589,10.284,0.63,465989.0,False
300.0,f6a9922fc219371dd62d3d64f513f435.param,0.0,0.0,0.0,30.498,1923385776.0,2c46b22b4384c9af9e3fed50bc1af24c,1580643.0,1.0,0.0,19.214000000000002,46-36,1429235.0,0.0,775559.0,15216.0,2.8960000000000004,8371.0,15216.0,-1.0,20800.0,0.0,3101807.0,10739.0,1923385776.0,56.0,15.88,18.776,2.11,783932.0,False
300.0,f6a9922fc219371dd62d3d64f513f435.param,1.0,0.0,0.0,33.022,1923385776.0,2c46b22b4384c9af9e3fed50bc1af24c,1580643.0,1.0,0.0,18.174,46-36,1429235.0,0.0,775559.0,15216.0,2.945,8371.0,15216.0,-1.0,20800.0,0.0,3101807.0,10739.0,1923385776.0,56.0,14.788,17.733,2.11,783932.0,False
300.0,f6a9922fc219371dd62d3d64f513f435.param,2.0,0.0,0.0,32.006,1923385776.0,2c46b22b4384c9af9e3fed50bc1af24c,1580643.0,1.0,0.0,18.274,46-36,1429235.0,0.0,775559.0,15216.0,2.924,8371.0,15216.0,-1.0,20800.0,0.0,3101807.0,10739.0,1923385776.0,56.0,14.915,17.839000000000006,2.11,783932.0,False
300.0,85c2d2f2fd6238e8bf0bbcfd97821631.param,0.0,0.0,0.0,52.621,1979567522.0,169cb1124bb42892d08251997500f176,696232.0,1.0,0.0,18.752,46-36,544322.0,0.0,1224071.0,10207.0,4.626,12511.0,10207.0,-1.0,23105.0,0.0,1995399.0,16121.0,1979567522.0,36.0,13.445,18.070999999999998,2.11,1236584.0,False
300.0,85c2d2f2fd6238e8bf0bbcfd97821631.param,1.0,0.0,0.0,51.678999999999995,1979567522.0,169cb1124bb42892d08251997500f176,696232.0,1.0,0.0,18.548,46-36,544322.0,0.0,1224071.0,10207.0,4.609,12511.0,10207.0,-1.0,23105.0,0.0,1995399.0,16121.0,1979567522.0,36.0,13.299000000000001,17.908,2.11,1236584.0,False
300.0,85c2d2f2fd6238e8bf0bbcfd97821631.param,2.0,0.0,0.0,50.68899999999999,1979567522.0,169cb1124bb42892d08251997500f176,696232.0,1.0,0.0,18.599,46-36,544322.0,0.0,1224071.0,10207.0,4.652,12511.0,10207.0,-1.0,23105.0,0.0,1995399.0,16121.0,1979567522.0,36.0,13.25,17.902,2.11,1236584.0,False
300.0,3cadb3807e2a210325a234888d281fbd.param,0.0,0.0,0.0,8.091000000000001,1242281828.0,15b2407683ed439081d530c07484591a,306103.0,1.0,0.0,2.6289999999999996,46-36,284493.0,0.0,172367.0,10398.0,0.61,2311.0,10398.0,-1.0,2522.0,0.0,1538357.0,2807.0,1242281828.0,37.0,1.895,2.505,0.42,174680.0,False
300.0,3cadb3807e2a210325a234888d281fbd.param,1.0,0.0,0.0,7.94,1242281828.0,15b2407683ed439081d530c07484591a,306103.0,1.0,0.0,2.609,46-36,284493.0,0.0,172367.0,10398.0,0.649,2311.0,10398.0,-1.0,2522.0,0.0,1538357.0,2807.0,1242281828.0,37.0,1.847,2.496,0.42,174680.0,False
300.0,3cadb3807e2a210325a234888d281fbd.param,2.0,0.0,0.0,7.452000000000001,1242281828.0,15b2407683ed439081d530c07484591a,306103.0,1.0,0.0,2.594,46-36,284493.0,0.0,172367.0,10398.0,0.611,2311.0,10398.0,-1.0,2522.0,0.0,1538357.0,2807.0,1242281828.0,37.0,1.8619999999999999,2.4730000000000003,0.42,174680.0,False
300.0,53a3b10a6d39a1f0633d42a0b8cc93a7.param,0.0,0.0,0.0,15.550999999999998,1405409883.0,0300a3b12149d2f879766fa592b420f4,1581381.0,1.0,0.0,13.581,46-36,1486567.0,0.0,344366.0,11830.0,1.2409999999999999,3529.0,11830.0,-1.0,13597.0,0.0,3266629.0,4358.0,1405409883.0,44.0,12.132,13.373,0.94,347897.0,False
300.0,53a3b10a6d39a1f0633d42a0b8cc93a7.param,1.0,0.0,0.0,15.013,1405409883.0,0300a3b12149d2f879766fa592b420f4,1581381.0,1.0,0.0,13.384,46-36,1486567.0,0.0,344366.0,11830.0,1.272,3529.0,11830.0,-1.0,13597.0,0.0,3266629.0,4358.0,1405409883.0,44.0,11.907,13.179,0.94,347897.0,False
300.0,53a3b10a6d39a1f0633d42a0b8cc93a7.param,2.0,0.0,0.0,14.511,1405409883.0,0300a3b12149d2f879766fa592b420f4,1581381.0,1.0,0.0,13.113,46-36,1486567.0,0.0,344366.0,11830.0,1.261,3529.0,11830.0,-1.0,13597.0,0.0,3266629.0,4358.0,1405409883.0,44.0,11.642999999999999,12.904000000000002,0.94,347897.0,False
300.0,5270155d690360dab58e1b470ef17ea7.param,0.0,0.0,0.0,37.965,270657042.0,b48fce4a5eb6d370437b1361ded99dd3,1208335.0,1.0,0.0,14.557,46-36,1107473.0,0.0,909403.0,5764.0,3.366,11401.0,5764.0,-1.0,18756.0,0.0,2892137.0,14723.0,270657042.0,25.0,10.667,14.033,1.41,920806.0,False
300.0,5270155d690360dab58e1b470ef17ea7.param,1.0,0.0,0.0,36.884,270657042.0,b48fce4a5eb6d370437b1361ded99dd3,1208335.0,1.0,0.0,14.977,46-36,1107473.0,0.0,909403.0,5764.0,3.495,11401.0,5764.0,-1.0,18756.0,0.0,2892137.0,14723.0,270657042.0,25.0,10.962,14.457,1.41,920806.0,False
300.0,5270155d690360dab58e1b470ef17ea7.param,2.0,0.0,0.0,35.196,270657042.0,b48fce4a5eb6d370437b1361ded99dd3,1208335.0,1.0,0.0,14.327,46-36,1107473.0,0.0,909403.0,5764.0,3.4010000000000002,11401.0,5764.0,-1.0,18756.0,0.0,2892137.0,14723.0,270657042.0,25.0,10.390999999999998,13.792,1.41,920806.0,False
300.0,7c8d5058b5b148685018d3330ac42f68.param,0.0,0.0,0.0,48.934,1258716603.0,37def3782138aec06d6462e353eba3a1,2963662.0,1.0,0.0,28.906,46-36,2718129.0,0.0,1214138.0,15881.0,4.584,12826.0,15881.0,-1.0,24669.0,0.0,6021306.0,16598.0,1258716603.0,60.0,23.655,28.239,2.11,1226966.0,False
300.0,7c8d5058b5b148685018d3330ac42f68.param,1.0,0.0,0.0,50.153,1258716603.0,37def3782138aec06d6462e353eba3a1,2963662.0,1.0,0.0,29.04,46-36,2718129.0,0.0,1214138.0,15881.0,4.662,12826.0,15881.0,-1.0,24669.0,0.0,6021306.0,16598.0,1258716603.0,60.0,23.69400000000001,28.355999999999998,2.11,1226966.0,False
300.0,7c8d5058b5b148685018d3330ac42f68.param,2.0,0.0,0.0,46.725,1258716603.0,37def3782138aec06d6462e353eba3a1,2963662.0,1.0,0.0,28.596999999999998,46-36,2718129.0,0.0,1214138.0,15881.0,4.559,12826.0,15881.0,-1.0,24669.0,0.0,6021306.0,16598.0,1258716603.0,60.0,23.38,27.939,2.11,1226966.0,False
300.0,38650beb2ce576c812a3ef6ac5621787.param,0.0,0.0,0.0,9.236,83966730.0,ea112980cbadbca82e7ec2db86baef7a,221965.0,1.0,0.0,5.21,46-36,179620.0,0.0,208827.0,9622.0,0.75,2281.0,9622.0,-1.0,8584.0,0.0,930026.0,2723.0,83966730.0,32.0,4.3180000000000005,5.0680000000000005,0.63,211110.0,False
300.0,38650beb2ce576c812a3ef6ac5621787.param,1.0,0.0,0.0,9.229,83966730.0,ea112980cbadbca82e7ec2db86baef7a,221965.0,1.0,0.0,5.044,46-36,179620.0,0.0,208827.0,9622.0,0.74,2281.0,9622.0,-1.0,8584.0,0.0,930026.0,2723.0,83966730.0,32.0,4.172,4.912,0.63,211110.0,False
300.0,38650beb2ce576c812a3ef6ac5621787.param,2.0,0.0,0.0,9.091000000000001,83966730.0,ea112980cbadbca82e7ec2db86baef7a,221965.0,1.0,0.0,5.356,46-36,179620.0,0.0,208827.0,9622.0,0.794,2281.0,9622.0,-1.0,8584.0,0.0,930026.0,2723.0,83966730.0,32.0,4.413,5.207000000000002,0.63,211110.0,False
300.0,05e1a93acf56766caa36729883ed69ed.param,0.0,0.0,0.0,108.501,1571287961.0,cb6f1e304f8ef57a2d4d8514cb790107,11250053.0,1.0,0.0,222.57,46-36,10672511.0,0.0,2545485.0,23084.0,9.738999999999999,25489.0,23084.0,-1.0,55893.0,0.0,12289087.0,33265.0,1571287961.0,68.0,210.982,220.72099999999998,4.75,2570976.0,False
300.0,05e1a93acf56766caa36729883ed69ed.param,1.0,0.0,0.0,98.096,1571287961.0,cb6f1e304f8ef57a2d4d8514cb790107,11250053.0,1.0,0.0,226.112,46-36,10672511.0,0.0,2545485.0,23084.0,9.796,25489.0,23084.0,-1.0,55893.0,0.0,12289087.0,33265.0,1571287961.0,68.0,214.918,224.71400000000003,4.75,2570976.0,False
300.0,05e1a93acf56766caa36729883ed69ed.param,2.0,0.0,0.0,108.165,1571287961.0,cb6f1e304f8ef57a2d4d8514cb790107,11250053.0,1.0,0.0,225.99,46-36,10672511.0,0.0,2545485.0,23084.0,9.948,25489.0,23084.0,-1.0,55893.0,0.0,12289087.0,33265.0,1571287961.0,68.0,214.64700000000002,224.595,4.75,2570976.0,False
300.0,638c867046eca01fa57da212f4a82591.param,0.0,0.0,0.0,27.174,83966730.0,2322f641ad688a851d0d638e5e0a7e7b,301638.0,1.0,0.0,4.64,46-36,274850.0,0.0,620119.0,4609.0,2.307,8902.0,4609.0,-1.0,9095.0,0.0,961391.0,11454.0,83966730.0,20.0,1.97,4.277,0.94,629023.0,False
300.0,638c867046eca01fa57da212f4a82591.param,1.0,0.0,0.0,24.986,83966730.0,2322f641ad688a851d0d638e5e0a7e7b,301638.0,1.0,0.0,4.604,46-36,274850.0,0.0,620119.0,4609.0,2.296,8902.0,4609.0,-1.0,9095.0,0.0,961391.0,11454.0,83966730.0,20.0,1.9369999999999998,4.2330000000000005,0.94,629023.0,False
300.0,638c867046eca01fa57da212f4a82591.param,2.0,0.0,0.0,27.346,83966730.0,2322f641ad688a851d0d638e5e0a7e7b,301638.0,1.0,0.0,4.619,46-36,274850.0,0.0,620119.0,4609.0,2.344,8902.0,4609.0,-1.0,9095.0,0.0,961391.0,11454.0,83966730.0,20.0,1.931,4.275,0.94,629023.0,False
300.0,80402835d130022a9820ca0328640cdb.param,0.0,0.0,0.0,28.108,554543104.0,3c3cefe8e99a37c4ccd0ee27288851e0,398287.0,1.0,0.0,7.75,46-36,299022.0,0.0,689687.0,6299.0,2.5810000000000004,9325.0,6299.0,-1.0,23393.0,0.0,986720.0,11891.0,554543104.0,28.0,4.757,7.337999999999999,1.41,699014.0,False
300.0,80402835d130022a9820ca0328640cdb.param,1.0,0.0,0.0,28.049,554543104.0,3c3cefe8e99a37c4ccd0ee27288851e0,398287.0,1.0,0.0,7.631,46-36,299022.0,0.0,689687.0,6299.0,2.593,9325.0,6299.0,-1.0,23393.0,0.0,986720.0,11891.0,554543104.0,28.0,4.635,7.228,1.41,699014.0,False
300.0,80402835d130022a9820ca0328640cdb.param,2.0,0.0,0.0,29.081999999999997,554543104.0,3c3cefe8e99a37c4ccd0ee27288851e0,398287.0,1.0,0.0,7.682,46-36,299022.0,0.0,689687.0,6299.0,2.575,9325.0,6299.0,-1.0,23393.0,0.0,986720.0,11891.0,554543104.0,28.0,4.681,7.256,1.41,699014.0,False
300.0,96344359b1d56ff7726ed1408e74685f.param,0.0,0.0,0.0,37.77,746355495.0,ba7c2ba3d34ac3ce264b8165cafb5fad,703535.0,1.0,0.0,7.097,46-36,671106.0,0.0,960123.0,5789.0,3.5669999999999997,13201.0,5789.0,-1.0,12737.0,0.0,1864177.0,17093.0,746355495.0,25.0,3.031,6.598,1.41,973326.0,False
300.0,96344359b1d56ff7726ed1408e74685f.param,1.0,0.0,0.0,38.253,746355495.0,ba7c2ba3d34ac3ce264b8165cafb5fad,703535.0,1.0,0.0,7.5070000000000014,46-36,671106.0,0.0,960123.0,5789.0,3.58,13201.0,5789.0,-1.0,12737.0,0.0,1864177.0,17093.0,746355495.0,25.0,3.3739999999999997,6.954,1.41,973326.0,False
300.0,96344359b1d56ff7726ed1408e74685f.param,2.0,0.0,0.0,40.303000000000004,746355495.0,ba7c2ba3d34ac3ce264b8165cafb5fad,703535.0,1.0,0.0,7.162999999999999,46-36,671106.0,0.0,960123.0,5789.0,3.553,13201.0,5789.0,-1.0,12737.0,0.0,1864177.0,17093.0,746355495.0,25.0,3.0980000000000003,6.651,1.41,973326.0,False
300.0,d8e0991db153700fc6f942a70d96d0d8.param,0.0,0.0,0.0,10.261,270657042.0,74145650cfdb5408906be4ea5af0a2c9,924963.0,1.0,0.0,9.081,46-36,842401.0,0.0,228601.0,10281.0,0.8240000000000001,2671.0,10281.0,-1.0,13194.0,0.0,1671120.0,3251.0,270657042.0,36.0,8.101,8.925,0.63,231274.0,False
300.0,d8e0991db153700fc6f942a70d96d0d8.param,1.0,0.0,0.0,10.082,270657042.0,74145650cfdb5408906be4ea5af0a2c9,924963.0,1.0,0.0,8.777999999999999,46-36,842401.0,0.0,228601.0,10281.0,0.812,2671.0,10281.0,-1.0,13194.0,0.0,1671120.0,3251.0,270657042.0,36.0,7.807,8.619,0.63,231274.0,False
300.0,d8e0991db153700fc6f942a70d96d0d8.param,2.0,0.0,0.0,9.979,270657042.0,74145650cfdb5408906be4ea5af0a2c9,924963.0,1.0,0.0,8.895,46-36,842401.0,0.0,228601.0,10281.0,0.8170000000000001,2671.0,10281.0,-1.0,13194.0,0.0,1671120.0,3251.0,270657042.0,36.0,7.9289999999999985,8.746,0.63,231274.0,False
300.0,5acf53328f53703eb5ee3288a3efea11.param,0.0,0.0,0.0,27.706999999999997,590654055.0,4c68ae60edc4386c17c4329ba122bcbd,5812858.0,1.0,0.0,79.57,46-36,5552547.0,0.0,680123.0,22432.0,2.593,6751.0,22432.0,-1.0,28218.0,0.0,5024621.0,8543.0,590654055.0,64.0,76.561,79.154,1.41,686876.0,False
300.0,5acf53328f53703eb5ee3288a3efea11.param,1.0,0.0,0.0,29.096999999999998,590654055.0,4c68ae60edc4386c17c4329ba122bcbd,5812858.0,1.0,0.0,81.003,46-36,5552547.0,0.0,680123.0,22432.0,2.503,6751.0,22432.0,-1.0,28218.0,0.0,5024621.0,8543.0,590654055.0,64.0,77.96,80.46300000000002,1.41,686876.0,False
300.0,5acf53328f53703eb5ee3288a3efea11.param,2.0,0.0,0.0,27.497,590654055.0,4c68ae60edc4386c17c4329ba122bcbd,5812858.0,1.0,0.0,83.738,46-36,5552547.0,0.0,680123.0,22432.0,2.53,6751.0,22432.0,-1.0,28218.0,0.0,5024621.0,8543.0,590654055.0,64.0,80.8,83.33,1.41,686876.0,False
300.0,62e0a8d6f7569c04cf8f5f709636e77e.param,0.0,0.0,0.0,28.916999999999998,1057470620.0,694f23442c60a515e6976ea30741870a,3500678.0,1.0,0.0,56.552,46-36,3190722.0,0.0,660014.0,23182.0,2.448,6682.0,23182.0,-1.0,41771.0,0.0,4602918.0,8438.0,1057470620.0,69.0,53.593,56.041000000000004,2.11,666698.0,False
300.0,62e0a8d6f7569c04cf8f5f709636e77e.param,1.0,0.0,0.0,27.226999999999997,1057470620.0,694f23442c60a515e6976ea30741870a,3500678.0,1.0,0.0,55.96,46-36,3190722.0,0.0,660014.0,23182.0,2.4459999999999997,6682.0,23182.0,-1.0,41771.0,0.0,4602918.0,8438.0,1057470620.0,69.0,53.108000000000004,55.553999999999995,2.11,666698.0,False
300.0,62e0a8d6f7569c04cf8f5f709636e77e.param,2.0,0.0,0.0,27.345,1057470620.0,694f23442c60a515e6976ea30741870a,3500678.0,1.0,0.0,55.193999999999996,46-36,3190722.0,0.0,660014.0,23182.0,2.577,6682.0,23182.0,-1.0,41771.0,0.0,4602918.0,8438.0,1057470620.0,69.0,52.076,54.653,2.11,666698.0,False
300.0,da23055718a39734c4c353a6c30d342b.param,0.0,0.0,0.0,47.46100000000001,1405409883.0,cfd013b5289f048c9389fa567ab9da04,714881.0,1.0,0.0,12.105,46-36,627684.0,0.0,1189583.0,9714.0,4.556,15310.0,9714.0,-1.0,14608.0,0.0,1955367.0,19862.0,1405409883.0,33.0,6.8770000000000024,11.433,2.11,1204895.0,False
300.0,da23055718a39734c4c353a6c30d342b.param,1.0,0.0,0.0,47.428999999999995,1405409883.0,cfd013b5289f048c9389fa567ab9da04,714881.0,1.0,0.0,11.970999999999998,46-36,627684.0,0.0,1189583.0,9714.0,4.532,15310.0,9714.0,-1.0,14608.0,0.0,1955367.0,19862.0,1405409883.0,33.0,6.773,11.305,2.11,1204895.0,False
300.0,da23055718a39734c4c353a6c30d342b.param,2.0,0.0,0.0,50.67,1405409883.0,cfd013b5289f048c9389fa567ab9da04,714881.0,1.0,0.0,11.815,46-36,627684.0,0.0,1189583.0,9714.0,4.4860000000000015,15310.0,9714.0,-1.0,14608.0,0.0,1955367.0,19862.0,1405409883.0,33.0,6.687,11.173,2.11,1204895.0,False
300.0,45f3b2d841eff242a2cd183a0c58dc4d.param,0.0,0.0,0.0,13.443,1257636424.0,fb9f3265812fd2d4aa965856fb0b3177,230149.0,1.0,0.0,10.171,46-36,126651.0,0.0,295134.0,13603.0,1.057,3217.0,13603.0,-1.0,15723.0,0.0,1149617.0,3854.0,1257636424.0,48.0,8.926,9.982999999999999,0.94,298353.0,False
300.0,45f3b2d841eff242a2cd183a0c58dc4d.param,1.0,0.0,0.0,12.968,1257636424.0,fb9f3265812fd2d4aa965856fb0b3177,230149.0,1.0,0.0,10.38,46-36,126651.0,0.0,295134.0,13603.0,1.064,3217.0,13603.0,-1.0,15723.0,0.0,1149617.0,3854.0,1257636424.0,48.0,9.121,10.185,0.94,298353.0,False
300.0,45f3b2d841eff242a2cd183a0c58dc4d.param,2.0,0.0,0.0,13.715,1257636424.0,fb9f3265812fd2d4aa965856fb0b3177,230149.0,1.0,0.0,10.502,46-36,126651.0,0.0,295134.0,13603.0,1.081,3217.0,13603.0,-1.0,15723.0,0.0,1149617.0,3854.0,1257636424.0,48.0,9.234,10.315,0.94,298353.0,False
300.0,62b5368b71f5a58af6d0df94093218da.param,0.0,0.0,0.0,48.371,590654055.0,47fbfae8c80653df214abc00f8608d7d,3623224.0,1.0,0.0,34.865,46-36,3468810.0,0.0,1180112.0,10211.0,4.453,13441.0,10211.0,-1.0,33477.0,0.0,7078007.0,17392.0,590654055.0,36.0,29.756999999999998,34.21,3.16,1193555.0,False
300.0,62b5368b71f5a58af6d0df94093218da.param,1.0,0.0,0.0,48.825,590654055.0,47fbfae8c80653df214abc00f8608d7d,3623224.0,1.0,0.0,34.709,46-36,3468810.0,0.0,1180112.0,10211.0,4.418,13441.0,10211.0,-1.0,33477.0,0.0,7078007.0,17392.0,590654055.0,36.0,29.618000000000002,34.036,3.16,1193555.0,False
300.0,62b5368b71f5a58af6d0df94093218da.param,2.0,0.0,0.0,45.662,590654055.0,47fbfae8c80653df214abc00f8608d7d,3623224.0,1.0,0.0,37.596,46-36,3468810.0,0.0,1180112.0,10211.0,4.422,13441.0,10211.0,-1.0,33477.0,0.0,7078007.0,17392.0,590654055.0,36.0,32.299,36.721,3.16,1193555.0,False
300.0,947c519055ac35bb731937204fc0d266.param,0.0,0.0,0.0,57.644,1979567522.0,7a6718f99bbc50c2a9288def0814fab6,6510044.0,1.0,0.0,143.325,46-36,6122777.0,0.0,1370165.0,22557.0,5.186,13339.0,22557.0,-1.0,53889.0,0.0,8557792.0,17255.0,1979567522.0,65.0,137.36700000000002,142.553,3.16,1383506.0,False
300.0,947c519055ac35bb731937204fc0d266.param,1.0,0.0,0.0,58.225,1979567522.0,7a6718f99bbc50c2a9288def0814fab6,6510044.0,1.0,0.0,142.754,46-36,6122777.0,0.0,1370165.0,22557.0,5.169,13339.0,22557.0,-1.0,53889.0,0.0,8557792.0,17255.0,1979567522.0,65.0,136.834,142.003,3.16,1383506.0,False
300.0,947c519055ac35bb731937204fc0d266.param,2.0,0.0,0.0,59.894,1979567522.0,7a6718f99bbc50c2a9288def0814fab6,6510044.0,1.0,0.0,142.731,46-36,6122777.0,0.0,1370165.0,22557.0,5.15,13339.0,22557.0,-1.0,53889.0,0.0,8557792.0,17255.0,1979567522.0,65.0,136.54399999999998,141.694,3.16,1383506.0,False
300.0,a14c00732fcd60d2f8416079c6315cd5.param,0.0,0.0,0.0,16.317999999999998,95956545.0,ac38f3ef0e7983f1e5dcacf3d628f028,804270.0,1.0,0.0,8.533999999999999,46-36,732481.0,0.0,389415.0,11864.0,1.405,4159.0,11864.0,-1.0,8964.0,0.0,1768572.0,5185.0,95956545.0,44.0,6.9170000000000025,8.322000000000001,0.63,393576.0,False
300.0,a14c00732fcd60d2f8416079c6315cd5.param,1.0,0.0,0.0,17.921,95956545.0,ac38f3ef0e7983f1e5dcacf3d628f028,804270.0,1.0,0.0,9.11,46-36,732481.0,0.0,389415.0,11864.0,1.546,4159.0,11864.0,-1.0,8964.0,0.0,1768572.0,5185.0,95956545.0,44.0,7.3279999999999985,8.874,0.63,393576.0,False
300.0,a14c00732fcd60d2f8416079c6315cd5.param,2.0,0.0,0.0,16.744,95956545.0,ac38f3ef0e7983f1e5dcacf3d628f028,804270.0,1.0,0.0,8.855,46-36,732481.0,0.0,389415.0,11864.0,1.4340000000000002,4159.0,11864.0,-1.0,8964.0,0.0,1768572.0,5185.0,95956545.0,44.0,7.182,8.616,0.63,393576.0,False
300.0,902f37d04b6af4dd50620fbce6af0b97.param,0.0,0.0,0.0,48.573,1258716603.0,abfa805cf0afb9f171912bb0c6ce057e,731214.0,1.0,0.0,14.503,46-36,589521.0,0.0,1216187.0,11209.0,4.592,14707.0,11209.0,-1.0,17827.0,0.0,1888265.0,19073.0,1258716603.0,40.0,9.246,13.838,2.11,1230896.0,False
300.0,902f37d04b6af4dd50620fbce6af0b97.param,1.0,0.0,0.0,47.568999999999996,1258716603.0,abfa805cf0afb9f171912bb0c6ce057e,731214.0,1.0,0.0,14.419,46-36,589521.0,0.0,1216187.0,11209.0,4.628,14707.0,11209.0,-1.0,17827.0,0.0,1888265.0,19073.0,1258716603.0,40.0,9.161,13.789000000000001,2.11,1230896.0,False
300.0,902f37d04b6af4dd50620fbce6af0b97.param,2.0,0.0,0.0,51.623999999999995,1258716603.0,abfa805cf0afb9f171912bb0c6ce057e,731214.0,1.0,0.0,14.618,46-36,589521.0,0.0,1216187.0,11209.0,4.654,14707.0,11209.0,-1.0,17827.0,0.0,1888265.0,19073.0,1258716603.0,40.0,9.301,13.955,2.11,1230896.0,False
300.0,7b5860221ac4bf880739e34b36b6d1fb.param,0.0,0.0,0.0,43.83,95956545.0,f3a2131dea6bddc8cda19b74e0216341,3879291.0,1.0,0.0,33.49,46-36,3723135.0,0.0,1131342.0,11396.0,4.235,11236.0,11396.0,-1.0,34026.0,0.0,6294279.0,14492.0,95956545.0,41.0,28.435,32.67,2.11,1142580.0,False
300.0,7b5860221ac4bf880739e34b36b6d1fb.param,1.0,0.0,0.0,46.418,95956545.0,f3a2131dea6bddc8cda19b74e0216341,3879291.0,1.0,0.0,32.388000000000005,46-36,3723135.0,0.0,1131342.0,11396.0,4.316,11236.0,11396.0,-1.0,34026.0,0.0,6294279.0,14492.0,95956545.0,41.0,27.42,31.736,2.11,1142580.0,False
300.0,7b5860221ac4bf880739e34b36b6d1fb.param,2.0,0.0,0.0,45.411,95956545.0,f3a2131dea6bddc8cda19b74e0216341,3879291.0,1.0,0.0,35.81800000000001,46-36,3723135.0,0.0,1131342.0,11396.0,4.335,11236.0,11396.0,-1.0,34026.0,0.0,6294279.0,14492.0,95956545.0,41.0,30.718000000000004,35.053000000000004,2.11,1142580.0,False
300.0,291d875a60416791f305122ac9d8b34d.param,0.0,0.0,0.0,24.609,1923385776.0,e2be4d98653d6660081ccc925580eb72,1599786.0,1.0,0.0,17.335,46-36,1460654.0,0.0,574134.0,11892.0,2.1,5881.0,11892.0,-1.0,22090.0,0.0,2553144.0,7454.0,1923385776.0,44.0,14.907,17.007,1.41,580017.0,False
300.0,291d875a60416791f305122ac9d8b34d.param,1.0,0.0,0.0,24.7,1923385776.0,e2be4d98653d6660081ccc925580eb72,1599786.0,1.0,0.0,17.65,46-36,1460654.0,0.0,574134.0,11892.0,2.117,5881.0,11892.0,-1.0,22090.0,0.0,2553144.0,7454.0,1923385776.0,44.0,15.204,17.320999999999998,1.41,580017.0,False
300.0,291d875a60416791f305122ac9d8b34d.param,2.0,0.0,0.0,23.141,1923385776.0,e2be4d98653d6660081ccc925580eb72,1599786.0,1.0,0.0,18.214000000000002,46-36,1460654.0,0.0,574134.0,11892.0,2.104,5881.0,11892.0,-1.0,22090.0,0.0,2553144.0,7454.0,1923385776.0,44.0,15.647,17.750999999999994,1.41,580017.0,False
300.0,9c8685614d2fcc8ed75e3df0b278a590.param,0.0,0.0,0.0,27.963,506016928.0,09eecd318920b5e328df00f85a91a92e,2819462.0,1.0,0.0,31.32800000000001,46-36,2552625.0,0.0,683008.0,15305.0,2.596,7525.0,15305.0,-1.0,29531.0,0.0,3107863.0,9588.0,506016928.0,57.0,28.342,30.938000000000002,1.41,690535.0,False
300.0,9c8685614d2fcc8ed75e3df0b278a590.param,1.0,0.0,0.0,27.555999999999997,506016928.0,09eecd318920b5e328df00f85a91a92e,2819462.0,1.0,0.0,31.6,46-36,2552625.0,0.0,683008.0,15305.0,2.548,7525.0,15305.0,-1.0,29531.0,0.0,3107863.0,9588.0,506016928.0,57.0,28.622,31.17,1.41,690535.0,False
300.0,9c8685614d2fcc8ed75e3df0b278a590.param,2.0,0.0,0.0,28.239,506016928.0,09eecd318920b5e328df00f85a91a92e,2819462.0,1.0,0.0,31.45,46-36,2552625.0,0.0,683008.0,15305.0,2.543,7525.0,15305.0,-1.0,29531.0,0.0,3107863.0,9588.0,506016928.0,57.0,28.506999999999998,31.05,1.41,690535.0,False
300.0,2c863ef862f94f5be37b35a0e4c17156.param,0.0,0.0,0.0,42.144,1235388569.0,b21773b89f8658d1be05ab86f63193f5,519199.0,1.0,0.0,15.276,46-36,389664.0,0.0,1025850.0,13600.0,3.8,10609.0,13600.0,-1.0,15210.0,0.0,1704860.0,13670.0,1235388569.0,48.0,10.91,14.71,1.41,1036461.0,False
300.0,2c863ef862f94f5be37b35a0e4c17156.param,1.0,0.0,0.0,43.411,1235388569.0,b21773b89f8658d1be05ab86f63193f5,519199.0,1.0,0.0,15.614,46-36,389664.0,0.0,1025850.0,13600.0,3.8760000000000003,10609.0,13600.0,-1.0,15210.0,0.0,1704860.0,13670.0,1235388569.0,48.0,11.145,15.020999999999999,1.41,1036461.0,False
300.0,2c863ef862f94f5be37b35a0e4c17156.param,2.0,0.0,0.0,40.899,1235388569.0,b21773b89f8658d1be05ab86f63193f5,519199.0,1.0,0.0,16.383,46-36,389664.0,0.0,1025850.0,13600.0,4.065,10609.0,13600.0,-1.0,15210.0,0.0,1704860.0,13670.0,1235388569.0,48.0,11.741,15.806,1.41,1036461.0,False
300.0,e3acebf7a8b1b7baee676b2504100871.param,0.0,0.0,0.0,9.482999999999999,600810857.0,388fbb65e895e074eea8ea9ca73b152d,614187.0,1.0,0.0,9.743,46-36,560737.0,0.0,207407.0,11367.0,0.753,2215.0,11367.0,-1.0,9114.0,0.0,1739378.0,2561.0,600810857.0,41.0,8.812999999999997,9.566,0.63,209624.0,False
300.0,e3acebf7a8b1b7baee676b2504100871.param,1.0,0.0,0.0,9.361,600810857.0,388fbb65e895e074eea8ea9ca73b152d,614187.0,1.0,0.0,9.69,46-36,560737.0,0.0,207407.0,11367.0,0.747,2215.0,11367.0,-1.0,9114.0,0.0,1739378.0,2561.0,600810857.0,41.0,8.787,9.533999999999999,0.63,209624.0,False
300.0,e3acebf7a8b1b7baee676b2504100871.param,2.0,0.0,0.0,9.755,600810857.0,388fbb65e895e074eea8ea9ca73b152d,614187.0,1.0,0.0,9.624,46-36,560737.0,0.0,207407.0,11367.0,0.743,2215.0,11367.0,-1.0,9114.0,0.0,1739378.0,2561.0,600810857.0,41.0,8.727,9.47,0.63,209624.0,False
300.0,ea7bd7600bcbe337da419744986a2765.param,0.0,0.0,0.0,66.57,1057470620.0,c628c55f9a7f97c706b0cc665a1fcda7,11902113.0,1.0,0.0,113.32600000000001,46-36,11384555.0,0.0,1596932.0,24185.0,6.1670000000000025,15841.0,24185.0,-1.0,53097.0,0.0,11882630.0,20532.0,1057470620.0,73.0,105.994,112.161,3.16,1612775.0,False
300.0,ea7bd7600bcbe337da419744986a2765.param,1.0,0.0,0.0,62.122,1057470620.0,c628c55f9a7f97c706b0cc665a1fcda7,11902113.0,1.0,0.0,111.404,46-36,11384555.0,0.0,1596932.0,24185.0,6.0,15841.0,24185.0,-1.0,53097.0,0.0,11882630.0,20532.0,1057470620.0,73.0,104.23100000000001,110.23100000000001,3.16,1612775.0,False
300.0,ea7bd7600bcbe337da419744986a2765.param,2.0,0.0,0.0,62.141999999999996,1057470620.0,c628c55f9a7f97c706b0cc665a1fcda7,11902113.0,1.0,0.0,110.906,46-36,11384555.0,0.0,1596932.0,24185.0,6.0360000000000005,15841.0,24185.0,-1.0,53097.0,0.0,11882630.0,20532.0,1057470620.0,73.0,103.66799999999999,109.704,3.16,1612775.0,False
300.0,f3f514a91e7728b0df10399e56f94206.param,0.0,0.0,0.0,18.673,590654055.0,5e00a460d7dce005b03f8ba5bb92e861,818670.0,1.0,0.0,8.221,46-36,753205.0,0.0,424854.0,11893.0,1.5859999999999999,4486.0,11893.0,-1.0,18849.0,0.0,1955449.0,5578.0,590654055.0,44.0,6.374,7.96,1.41,429342.0,False
300.0,f3f514a91e7728b0df10399e56f94206.param,1.0,0.0,0.0,19.332,590654055.0,5e00a460d7dce005b03f8ba5bb92e861,818670.0,1.0,0.0,8.141,46-36,753205.0,0.0,424854.0,11893.0,1.551,4486.0,11893.0,-1.0,18849.0,0.0,1955449.0,5578.0,590654055.0,44.0,6.3260000000000005,7.8770000000000024,1.41,429342.0,False
300.0,f3f514a91e7728b0df10399e56f94206.param,2.0,0.0,0.0,18.663,590654055.0,5e00a460d7dce005b03f8ba5bb92e861,818670.0,1.0,0.0,8.845,46-36,753205.0,0.0,424854.0,11893.0,1.6059999999999999,4486.0,11893.0,-1.0,18849.0,0.0,1955449.0,5578.0,590654055.0,44.0,6.9,8.506,1.41,429342.0,False
300.0,ceb1794b37ee7a46798c6a75e6be96ab.param,0.0,0.0,0.0,18.497,590654055.0,08dc5a6f5249c4e449f26e6b938996f3,824739.0,1.0,0.0,17.570999999999998,46-36,702636.0,0.0,412147.0,14283.0,1.4969999999999999,4093.0,14283.0,-1.0,20124.0,0.0,2419619.0,5037.0,590654055.0,52.0,15.824000000000002,17.320999999999998,1.41,416242.0,False
300.0,ceb1794b37ee7a46798c6a75e6be96ab.param,1.0,0.0,0.0,18.994,590654055.0,08dc5a6f5249c4e449f26e6b938996f3,824739.0,1.0,0.0,17.78,46-36,702636.0,0.0,412147.0,14283.0,1.501,4093.0,14283.0,-1.0,20124.0,0.0,2419619.0,5037.0,590654055.0,52.0,16.018,17.519000000000002,1.41,416242.0,False
300.0,ceb1794b37ee7a46798c6a75e6be96ab.param,2.0,0.0,0.0,17.785,590654055.0,08dc5a6f5249c4e449f26e6b938996f3,824739.0,1.0,0.0,17.968,46-36,702636.0,0.0,412147.0,14283.0,1.4980000000000002,4093.0,14283.0,-1.0,20124.0,0.0,2419619.0,5037.0,590654055.0,52.0,16.207,17.705,1.41,416242.0,False
300.0,7c50c2c12e2aac2541da57a3aad7ca55.param,0.0,0.0,0.0,73.237,182366586.0,8fa74c932da4c1aea50a19e2357d4dc3,127281.0,1.0,0.0,12.977,46-36,58024.0,0.0,1780413.0,5709.0,6.888,18415.0,5709.0,-1.0,9376.0,0.0,902508.0,23953.0,182366586.0,25.0,4.812,11.7,0.94,1798830.0,False
300.0,7c50c2c12e2aac2541da57a3aad7ca55.param,1.0,0.0,0.0,71.132,182366586.0,8fa74c932da4c1aea50a19e2357d4dc3,127281.0,1.0,0.0,12.272,46-36,58024.0,0.0,1780413.0,5709.0,6.859,18415.0,5709.0,-1.0,9376.0,0.0,902508.0,23953.0,182366586.0,25.0,4.499,11.357999999999999,0.94,1798830.0,False
300.0,7c50c2c12e2aac2541da57a3aad7ca55.param,2.0,0.0,0.0,69.477,182366586.0,8fa74c932da4c1aea50a19e2357d4dc3,127281.0,1.0,0.0,13.159,46-36,58024.0,0.0,1780413.0,5709.0,6.961,18415.0,5709.0,-1.0,9376.0,0.0,902508.0,23953.0,182366586.0,25.0,4.985,11.946,0.94,1798830.0,False
300.0,f09afe8bb1fa94a49596406bf88166c9.param,0.0,0.0,0.0,48.56399999999999,1918631718.0,564a8a871ed320eb5b3eec37a3582163,937257.0,1.0,0.0,11.14,46-36,846476.0,0.0,1156391.0,11937.0,4.4110000000000005,12877.0,11937.0,-1.0,20848.0,0.0,2618523.0,16643.0,1918631718.0,45.0,6.1129999999999995,10.524000000000001,2.11,1169270.0,False
300.0,f09afe8bb1fa94a49596406bf88166c9.param,1.0,0.0,0.0,46.38399999999999,1918631718.0,564a8a871ed320eb5b3eec37a3582163,937257.0,1.0,0.0,11.159,46-36,846476.0,0.0,1156391.0,11937.0,4.4030000000000005,12877.0,11937.0,-1.0,20848.0,0.0,2618523.0,16643.0,1918631718.0,45.0,6.107,10.51,2.11,1169270.0,False
300.0,f09afe8bb1fa94a49596406bf88166c9.param,2.0,0.0,0.0,45.24800000000001,1918631718.0,564a8a871ed320eb5b3eec37a3582163,937257.0,1.0,0.0,11.292,46-36,846476.0,0.0,1156391.0,11937.0,4.603,12877.0,11937.0,-1.0,20848.0,0.0,2618523.0,16643.0,1918631718.0,45.0,6.0489999999999995,10.652000000000001,2.11,1169270.0,False
300.0,86d0a459cbac55d6b0ecb8de1373f318.param,0.0,0.0,0.0,46.016999999999996,34754393.0,c89602121655ae9c6095dbec28b10078,4658986.0,1.0,0.0,40.196,46-36,4482480.0,0.0,1163609.0,9716.0,4.455,16639.0,9716.0,-1.0,38124.0,0.0,7239754.0,21603.0,34754393.0,33.0,35.083,39.538000000000004,3.16,1180250.0,False
300.0,86d0a459cbac55d6b0ecb8de1373f318.param,1.0,0.0,0.0,46.568999999999996,34754393.0,c89602121655ae9c6095dbec28b10078,4658986.0,1.0,0.0,39.196,46-36,4482480.0,0.0,1163609.0,9716.0,4.398,16639.0,9716.0,-1.0,38124.0,0.0,7239754.0,21603.0,34754393.0,33.0,33.902,38.3,3.16,1180250.0,False
300.0,86d0a459cbac55d6b0ecb8de1373f318.param,2.0,0.0,0.0,49.71100000000001,34754393.0,c89602121655ae9c6095dbec28b10078,4658986.0,1.0,0.0,39.547,46-36,4482480.0,0.0,1163609.0,9716.0,4.4060000000000015,16639.0,9716.0,-1.0,38124.0,0.0,7239754.0,21603.0,34754393.0,33.0,34.426,38.832,3.16,1180250.0,False
300.0,3a224236b6b589e9f8161cb41fb64421.param,0.0,0.0,0.0,36.793,2028359165.0,166ddbb20cbb749c9ba578061c99e93c,515752.0,1.0,0.0,11.824000000000002,46-36,408254.0,0.0,943629.0,15206.0,3.6860000000000004,10291.0,15206.0,-1.0,15388.0,0.0,2185652.0,13259.0,2028359165.0,56.0,7.517,11.203,1.41,953922.0,False
300.0,3a224236b6b589e9f8161cb41fb64421.param,1.0,0.0,0.0,38.688,2028359165.0,166ddbb20cbb749c9ba578061c99e93c,515752.0,1.0,0.0,11.705,46-36,408254.0,0.0,943629.0,15206.0,3.613,10291.0,15206.0,-1.0,15388.0,0.0,2185652.0,13259.0,2028359165.0,56.0,7.572,11.185,1.41,953922.0,False
300.0,3a224236b6b589e9f8161cb41fb64421.param,2.0,0.0,0.0,37.65,2028359165.0,166ddbb20cbb749c9ba578061c99e93c,515752.0,1.0,0.0,12.071,46-36,408254.0,0.0,943629.0,15206.0,3.6510000000000002,10291.0,15206.0,-1.0,15388.0,0.0,2185652.0,13259.0,2028359165.0,56.0,7.778,11.429,1.41,953922.0,False
300.0,53797da70b0cf5f28e45644f5fda249f.param,0.0,0.0,0.0,8.97,1923385776.0,43c27476e90e45a75cc82307ce78ee35,1639927.0,1.0,0.0,23.15,46-36,1494093.0,0.0,201302.0,22482.0,0.722,1945.0,22482.0,-1.0,12177.0,0.0,2898862.0,2246.0,1923385776.0,64.0,22.28,23.002,0.63,203249.0,False
300.0,53797da70b0cf5f28e45644f5fda249f.param,1.0,0.0,0.0,9.654,1923385776.0,43c27476e90e45a75cc82307ce78ee35,1639927.0,1.0,0.0,23.363000000000003,46-36,1494093.0,0.0,201302.0,22482.0,0.75,1945.0,22482.0,-1.0,12177.0,0.0,2898862.0,2246.0,1923385776.0,64.0,22.461,23.211,0.63,203249.0,False
300.0,53797da70b0cf5f28e45644f5fda249f.param,2.0,0.0,0.0,8.791,1923385776.0,43c27476e90e45a75cc82307ce78ee35,1639927.0,1.0,0.0,22.84800000000001,46-36,1494093.0,0.0,201302.0,22482.0,0.733,1945.0,22482.0,-1.0,12177.0,0.0,2898862.0,2246.0,1923385776.0,64.0,21.961,22.69400000000001,0.63,203249.0,False
300.0,5f169f8946c848c062a4dd468eb064c1.param,0.0,0.0,0.0,75.152,2136253402.0,d974744db6eab839c6aa282a81c571ce,1612446.0,1.0,0.0,23.00800000000001,46-36,1436271.0,0.0,1830283.0,15809.0,6.992000000000001,17317.0,15809.0,-1.0,26227.0,0.0,3663497.0,22503.0,2136253402.0,60.0,14.692,21.684,3.16,1847602.0,False
300.0,5f169f8946c848c062a4dd468eb064c1.param,1.0,0.0,0.0,68.86,2136253402.0,d974744db6eab839c6aa282a81c571ce,1612446.0,1.0,0.0,22.247,46-36,1436271.0,0.0,1830283.0,15809.0,7.093999999999999,17317.0,15809.0,-1.0,26227.0,0.0,3663497.0,22503.0,2136253402.0,60.0,14.133,21.226999999999997,3.16,1847602.0,False
300.0,5f169f8946c848c062a4dd468eb064c1.param,2.0,0.0,0.0,72.27600000000002,2136253402.0,d974744db6eab839c6aa282a81c571ce,1612446.0,1.0,0.0,21.811999999999998,46-36,1436271.0,0.0,1830283.0,15809.0,7.016,17317.0,15809.0,-1.0,26227.0,0.0,3663497.0,22503.0,2136253402.0,60.0,13.792,20.808000000000003,3.16,1847602.0,False
300.0,55b26376914ebad092e2e305df354383.param,0.0,0.0,0.0,26.849,1470727592.0,356cf355d8f1bfc7efdb4024d7d88f95,662163.0,1.0,0.0,9.179,46-36,579821.0,0.0,593951.0,10209.0,2.23,6553.0,10209.0,-1.0,20595.0,0.0,1594371.0,8351.0,1470727592.0,36.0,6.591,8.821,1.41,600506.0,False
300.0,55b26376914ebad092e2e305df354383.param,1.0,0.0,0.0,25.671999999999997,1470727592.0,356cf355d8f1bfc7efdb4024d7d88f95,662163.0,1.0,0.0,9.382,46-36,579821.0,0.0,593951.0,10209.0,2.219,6553.0,10209.0,-1.0,20595.0,0.0,1594371.0,8351.0,1470727592.0,36.0,6.8020000000000005,9.021,1.41,600506.0,False
300.0,55b26376914ebad092e2e305df354383.param,2.0,0.0,0.0,27.037,1470727592.0,356cf355d8f1bfc7efdb4024d7d88f95,662163.0,1.0,0.0,9.355,46-36,579821.0,0.0,593951.0,10209.0,2.26,6553.0,10209.0,-1.0,20595.0,0.0,1594371.0,8351.0,1470727592.0,36.0,6.645,8.905,1.41,600506.0,False
300.0,e132556b0d38151640e92d05691dbdbe.param,0.0,0.0,0.0,79.399,1918631718.0,0038c38d4e33d5158022105124becc24,8802333.0,1.0,0.0,68.619,46-36,8680133.0,0.0,1870619.0,13759.0,7.206,19126.0,13759.0,-1.0,48119.0,0.0,14666095.0,24878.0,1918631718.0,49.0,60.386,67.592,4.75,1889747.0,False
300.0,e132556b0d38151640e92d05691dbdbe.param,1.0,0.0,0.0,70.518,1918631718.0,0038c38d4e33d5158022105124becc24,8802333.0,1.0,0.0,71.497,46-36,8680133.0,0.0,1870619.0,13759.0,7.152,19126.0,13759.0,-1.0,48119.0,0.0,14666095.0,24878.0,1918631718.0,49.0,62.913999999999994,70.066,4.75,1889747.0,False
300.0,e132556b0d38151640e92d05691dbdbe.param,2.0,0.0,0.0,74.235,1918631718.0,0038c38d4e33d5158022105124becc24,8802333.0,1.0,0.0,61.48,46-36,8680133.0,0.0,1870619.0,13759.0,7.192,19126.0,13759.0,-1.0,48119.0,0.0,14666095.0,24878.0,1918631718.0,49.0,53.211999999999996,60.403999999999996,4.75,1889747.0,False
300.0,accc739b7443ee6f6c986b29106d30b2.param,0.0,0.0,0.0,71.233,1057470620.0,5f81594771fb4c6c0cc340ea05e88ea8,952265.0,1.0,0.0,24.245,46-36,770944.0,0.0,1742422.0,15292.0,7.068,16801.0,15292.0,-1.0,23255.0,0.0,3172477.0,21822.0,1057470620.0,56.0,15.937999999999999,23.006,3.16,1759225.0,False
300.0,accc739b7443ee6f6c986b29106d30b2.param,1.0,0.0,0.0,70.935,1057470620.0,5f81594771fb4c6c0cc340ea05e88ea8,952265.0,1.0,0.0,22.413,46-36,770944.0,0.0,1742422.0,15292.0,6.709,16801.0,15292.0,-1.0,23255.0,0.0,3172477.0,21822.0,1057470620.0,56.0,14.739,21.448,3.16,1759225.0,False
300.0,accc739b7443ee6f6c986b29106d30b2.param,2.0,0.0,0.0,74.133,1057470620.0,5f81594771fb4c6c0cc340ea05e88ea8,952265.0,1.0,0.0,22.605,46-36,770944.0,0.0,1742422.0,15292.0,6.865,16801.0,15292.0,-1.0,23255.0,0.0,3172477.0,21822.0,1057470620.0,56.0,14.805,21.67,3.16,1759225.0,False
300.0,3516b948e6368c1e04e766cb3dbf658f.param,0.0,0.0,0.0,92.75399999999999,1235388569.0,c15ef4feaffc1a04606274c69be8f744,1689741.0,1.0,0.0,27.737,46-36,1351867.0,0.0,2415927.0,15228.0,9.298,24736.0,15228.0,-1.0,40417.0,0.0,3250884.0,32272.0,1235388569.0,56.0,17.164,26.462,4.75,2440665.0,False
300.0,3516b948e6368c1e04e766cb3dbf658f.param,1.0,0.0,0.0,95.726,1235388569.0,c15ef4feaffc1a04606274c69be8f744,1689741.0,1.0,0.0,29.01,46-36,1351867.0,0.0,2415927.0,15228.0,9.283999999999999,24736.0,15228.0,-1.0,40417.0,0.0,3250884.0,32272.0,1235388569.0,56.0,18.425,27.709,4.75,2440665.0,False
300.0,3516b948e6368c1e04e766cb3dbf658f.param,2.0,0.0,0.0,97.79700000000001,1235388569.0,c15ef4feaffc1a04606274c69be8f744,1689741.0,1.0,0.0,27.706,46-36,1351867.0,0.0,2415927.0,15228.0,9.255,24736.0,15228.0,-1.0,40417.0,0.0,3250884.0,32272.0,1235388569.0,56.0,17.123,26.378,4.75,2440665.0,False
300.0,9fea3b5fddf357019f10d5f61fc8a74b.param,0.0,0.0,0.0,37.251999999999995,693280077.0,774a7acbb159b3c1d2fc22b0703978f1,164571.0,1.0,0.0,6.397,46-36,118865.0,0.0,960625.0,4602.0,3.627,13378.0,4602.0,-1.0,11001.0,0.0,768269.0,17326.0,693280077.0,20.0,2.234,5.8610000000000015,0.94,974005.0,False
300.0,9fea3b5fddf357019f10d5f61fc8a74b.param,1.0,0.0,0.0,38.558,693280077.0,774a7acbb159b3c1d2fc22b0703978f1,164571.0,1.0,0.0,6.664,46-36,118865.0,0.0,960625.0,4602.0,3.821,13378.0,4602.0,-1.0,11001.0,0.0,768269.0,17326.0,693280077.0,20.0,2.2969999999999997,6.117999999999999,0.94,974005.0,False
300.0,9fea3b5fddf357019f10d5f61fc8a74b.param,2.0,0.0,0.0,40.284,693280077.0,774a7acbb159b3c1d2fc22b0703978f1,164571.0,1.0,0.0,6.529,46-36,118865.0,0.0,960625.0,4602.0,3.647,13378.0,4602.0,-1.0,11001.0,0.0,768269.0,17326.0,693280077.0,20.0,2.319,5.966,0.94,974005.0,False
300.0,2cf01039b19cea84eef8c942aea32605.param,0.0,0.0,0.0,79.017,1057470620.0,793bca5bb7b5e087e396baf91a521d16,1235000.0,1.0,0.0,23.853,46-36,1123040.0,0.0,1846910.0,14217.0,7.194,18145.0,14217.0,-1.0,26572.0,0.0,3841976.0,23582.0,1057470620.0,52.0,15.287,22.480999999999998,3.16,1865057.0,False
300.0,2cf01039b19cea84eef8c942aea32605.param,1.0,0.0,0.0,78.76899999999998,1057470620.0,793bca5bb7b5e087e396baf91a521d16,1235000.0,1.0,0.0,23.05,46-36,1123040.0,0.0,1846910.0,14217.0,7.255,18145.0,14217.0,-1.0,26572.0,0.0,3841976.0,23582.0,1057470620.0,52.0,14.792,22.046999999999997,3.16,1865057.0,False
300.0,2cf01039b19cea84eef8c942aea32605.param,2.0,0.0,0.0,74.415,1057470620.0,793bca5bb7b5e087e396baf91a521d16,1235000.0,1.0,0.0,23.215,46-36,1123040.0,0.0,1846910.0,14217.0,7.121,18145.0,14217.0,-1.0,26572.0,0.0,3841976.0,23582.0,1057470620.0,52.0,14.699000000000002,21.82,3.16,1865057.0,False
300.0,d77b1e8e85636e2a8e697f0467151b32.param,0.0,0.0,0.0,10.238,590654055.0,21ea2c47d06df80e320c8cad469987cb,1395953.0,1.0,0.0,13.874,46-36,1319904.0,0.0,223772.0,15358.0,0.804,2269.0,15358.0,-1.0,8830.0,0.0,3625061.0,2624.0,590654055.0,57.0,12.91,13.714,0.63,226043.0,False
300.0,d77b1e8e85636e2a8e697f0467151b32.param,1.0,0.0,0.0,10.055,590654055.0,21ea2c47d06df80e320c8cad469987cb,1395953.0,1.0,0.0,14.92,46-36,1319904.0,0.0,223772.0,15358.0,0.812,2269.0,15358.0,-1.0,8830.0,0.0,3625061.0,2624.0,590654055.0,57.0,13.912,14.724,0.63,226043.0,False
300.0,d77b1e8e85636e2a8e697f0467151b32.param,2.0,0.0,0.0,10.134,590654055.0,21ea2c47d06df80e320c8cad469987cb,1395953.0,1.0,0.0,13.955,46-36,1319904.0,0.0,223772.0,15358.0,0.852,2269.0,15358.0,-1.0,8830.0,0.0,3625061.0,2624.0,590654055.0,57.0,12.945,13.797,0.63,226043.0,False
300.0,971e5d247ffd98140d5d9199460cd7b4.param,0.0,0.0,0.0,33.45,1257636424.0,a034152290f27f09374bedf0be9fc54c,268555.0,1.0,0.0,9.25,46-36,233207.0,0.0,765074.0,9744.0,2.8480000000000003,8074.0,9744.0,-1.0,10558.0,0.0,1302766.0,10306.0,1257636424.0,33.0,5.9670000000000005,8.815,0.94,773150.0,False
300.0,971e5d247ffd98140d5d9199460cd7b4.param,1.0,0.0,0.0,31.461,1257636424.0,a034152290f27f09374bedf0be9fc54c,268555.0,1.0,0.0,9.274,46-36,233207.0,0.0,765074.0,9744.0,2.86,8074.0,9744.0,-1.0,10558.0,0.0,1302766.0,10306.0,1257636424.0,33.0,5.9570000000000025,8.817,0.94,773150.0,False
300.0,971e5d247ffd98140d5d9199460cd7b4.param,2.0,0.0,0.0,32.198,1257636424.0,a034152290f27f09374bedf0be9fc54c,268555.0,1.0,0.0,9.261000000000001,46-36,233207.0,0.0,765074.0,9744.0,2.843,8074.0,9744.0,-1.0,10558.0,0.0,1302766.0,10306.0,1257636424.0,33.0,5.98,8.823,0.94,773150.0,False
300.0,056d65a7bb6760a4c29fabc08869fd2b.param,0.0,0.0,0.0,94.383,160742207.0,6d4fd39371be193ce8b61a91887d5fbd,655430.0,1.0,0.0,27.092,46-36,504934.0,0.0,2516221.0,13683.0,9.697000000000001,25246.0,13683.0,-1.0,25276.0,0.0,2507122.0,32946.0,160742207.0,48.0,16.070999999999998,25.768,3.16,2541469.0,False
300.0,056d65a7bb6760a4c29fabc08869fd2b.param,1.0,0.0,0.0,106.10700000000001,160742207.0,6d4fd39371be193ce8b61a91887d5fbd,655430.0,1.0,0.0,27.059,46-36,504934.0,0.0,2516221.0,13683.0,9.657,25246.0,13683.0,-1.0,25276.0,0.0,2507122.0,32946.0,160742207.0,48.0,16.027,25.684,3.16,2541469.0,False
300.0,056d65a7bb6760a4c29fabc08869fd2b.param,2.0,0.0,0.0,101.321,160742207.0,6d4fd39371be193ce8b61a91887d5fbd,655430.0,1.0,0.0,27.035,46-36,504934.0,0.0,2516221.0,13683.0,9.664,25246.0,13683.0,-1.0,25276.0,0.0,2507122.0,32946.0,160742207.0,48.0,16.007,25.671,3.16,2541469.0,False
300.0,36fc98d1195ddc35e5ef9eb80f9a3178.param,0.0,0.0,0.0,12.530999999999999,270657042.0,818ec51d8267039a2f43c4015e7977f5,422801.0,1.0,0.0,4.862,46-36,360964.0,0.0,283246.0,9704.0,1.0270000000000001,3745.0,9704.0,-1.0,9332.0,0.0,1081459.0,4686.0,270657042.0,33.0,3.648,4.675,0.63,286993.0,False
300.0,36fc98d1195ddc35e5ef9eb80f9a3178.param,1.0,0.0,0.0,12.103,270657042.0,818ec51d8267039a2f43c4015e7977f5,422801.0,1.0,0.0,4.907,46-36,360964.0,0.0,283246.0,9704.0,1.022,3745.0,9704.0,-1.0,9332.0,0.0,1081459.0,4686.0,270657042.0,33.0,3.699,4.721,0.63,286993.0,False
300.0,36fc98d1195ddc35e5ef9eb80f9a3178.param,2.0,0.0,0.0,12.853,270657042.0,818ec51d8267039a2f43c4015e7977f5,422801.0,1.0,0.0,4.915,46-36,360964.0,0.0,283246.0,9704.0,1.033,3745.0,9704.0,-1.0,9332.0,0.0,1081459.0,4686.0,270657042.0,33.0,3.698,4.731,0.63,286993.0,False
300.0,bb83bd2588db308f9da59945e9f53761.param,0.0,0.0,0.0,37.586,823094821.0,29263083fa246dea85071a064de75ef9,760008.0,1.0,0.0,18.15,46-36,660656.0,0.0,895723.0,9664.0,3.449,10579.0,9664.0,-1.0,10754.0,0.0,2075263.0,13649.0,823094821.0,32.0,14.179,17.628,1.41,906304.0,False
300.0,bb83bd2588db308f9da59945e9f53761.param,1.0,0.0,0.0,36.027,823094821.0,29263083fa246dea85071a064de75ef9,760008.0,1.0,0.0,17.743,46-36,660656.0,0.0,895723.0,9664.0,3.497,10579.0,9664.0,-1.0,10754.0,0.0,2075263.0,13649.0,823094821.0,32.0,13.559000000000001,17.055999999999994,1.41,906304.0,False
300.0,bb83bd2588db308f9da59945e9f53761.param,2.0,0.0,0.0,37.99800000000001,823094821.0,29263083fa246dea85071a064de75ef9,760008.0,1.0,0.0,17.26,46-36,660656.0,0.0,895723.0,9664.0,3.373,10579.0,9664.0,-1.0,10754.0,0.0,2075263.0,13649.0,823094821.0,32.0,13.382,16.755,1.41,906304.0,False
300.0,d6dbb131b6c4096427e3cdbc24174d58.param,0.0,0.0,0.0,15.739,254168822.0,68b00fea255f1fb7b13b9eea502c75f0,349991.0,1.0,0.0,5.772,46-36,303349.0,0.0,354233.0,11306.0,1.2930000000000001,3706.0,11306.0,-1.0,6217.0,0.0,1735049.0,4598.0,254168822.0,41.0,4.247,5.54,0.63,357941.0,False
300.0,d6dbb131b6c4096427e3cdbc24174d58.param,1.0,0.0,0.0,16.609,254168822.0,68b00fea255f1fb7b13b9eea502c75f0,349991.0,1.0,0.0,5.681,46-36,303349.0,0.0,354233.0,11306.0,1.291,3706.0,11306.0,-1.0,6217.0,0.0,1735049.0,4598.0,254168822.0,41.0,4.152,5.443,0.63,357941.0,False
300.0,d6dbb131b6c4096427e3cdbc24174d58.param,2.0,0.0,0.0,16.389,254168822.0,68b00fea255f1fb7b13b9eea502c75f0,349991.0,1.0,0.0,6.07,46-36,303349.0,0.0,354233.0,11306.0,1.296,3706.0,11306.0,-1.0,6217.0,0.0,1735049.0,4598.0,254168822.0,41.0,4.48,5.776,0.63,357941.0,False
300.0,61f5f3058b749cd913e33ba1bf9fcead.param,0.0,0.0,0.0,5.473,693280077.0,bc16d60c942a00eb728f04d0ab6eacd5,869626.0,1.0,0.0,8.105,46-36,800062.0,0.0,118813.0,10318.0,0.435,1405.0,10318.0,-1.0,9975.0,0.0,1502539.0,1509.0,693280077.0,37.0,7.57,8.005,0.42,120220.0,False
300.0,61f5f3058b749cd913e33ba1bf9fcead.param,1.0,0.0,0.0,5.729,693280077.0,bc16d60c942a00eb728f04d0ab6eacd5,869626.0,1.0,0.0,8.218,46-36,800062.0,0.0,118813.0,10318.0,0.42,1405.0,10318.0,-1.0,9975.0,0.0,1502539.0,1509.0,693280077.0,37.0,7.7,8.12,0.42,120220.0,False
300.0,61f5f3058b749cd913e33ba1bf9fcead.param,2.0,0.0,0.0,5.532,693280077.0,bc16d60c942a00eb728f04d0ab6eacd5,869626.0,1.0,0.0,8.343,46-36,800062.0,0.0,118813.0,10318.0,0.439,1405.0,10318.0,-1.0,9975.0,0.0,1502539.0,1509.0,693280077.0,37.0,7.8,8.238999999999999,0.42,120220.0,False
300.0,c7380516182e520bfda807e4d9ed529d.param,0.0,0.0,0.0,10.364,1057470620.0,b2ebd177e282a4c69f00002fc69b2079,4581730.0,1.0,0.0,53.243,46-36,4335209.0,0.0,233240.0,23072.0,0.8490000000000001,2341.0,23072.0,-1.0,18921.0,0.0,5313225.0,2708.0,1057470620.0,68.0,52.221000000000004,53.07,0.63,235583.0,False
300.0,c7380516182e520bfda807e4d9ed529d.param,1.0,0.0,0.0,10.329,1057470620.0,b2ebd177e282a4c69f00002fc69b2079,4581730.0,1.0,0.0,53.092,46-36,4335209.0,0.0,233240.0,23072.0,0.8640000000000001,2341.0,23072.0,-1.0,18921.0,0.0,5313225.0,2708.0,1057470620.0,68.0,52.012,52.87600000000001,0.63,235583.0,False
300.0,c7380516182e520bfda807e4d9ed529d.param,2.0,0.0,0.0,10.527000000000001,1057470620.0,b2ebd177e282a4c69f00002fc69b2079,4581730.0,1.0,0.0,51.988,46-36,4335209.0,0.0,233240.0,23072.0,0.853,2341.0,23072.0,-1.0,18921.0,0.0,5313225.0,2708.0,1057470620.0,68.0,50.963,51.816,0.63,235583.0,False
300.0,ea9e2588afe4504c0be19561db25ccfd.param,0.0,0.0,0.0,37.647,2050821110.0,935f838ad4559ab87b3ad6dcee8081fa,504983.0,1.0,0.0,7.117999999999999,46-36,445789.0,0.0,874568.0,6214.0,3.3089999999999997,10837.0,6214.0,-1.0,10885.0,0.0,1607479.0,13988.0,2050821110.0,28.0,3.3169999999999997,6.626,1.41,885407.0,False
300.0,ea9e2588afe4504c0be19561db25ccfd.param,1.0,0.0,0.0,37.739000000000004,2050821110.0,935f838ad4559ab87b3ad6dcee8081fa,504983.0,1.0,0.0,7.147,46-36,445789.0,0.0,874568.0,6214.0,3.2769999999999997,10837.0,6214.0,-1.0,10885.0,0.0,1607479.0,13988.0,2050821110.0,28.0,3.3819999999999997,6.659,1.41,885407.0,False
300.0,ea9e2588afe4504c0be19561db25ccfd.param,2.0,0.0,0.0,34.416,2050821110.0,935f838ad4559ab87b3ad6dcee8081fa,504983.0,1.0,0.0,7.044,46-36,445789.0,0.0,874568.0,6214.0,3.2689999999999997,10837.0,6214.0,-1.0,10885.0,0.0,1607479.0,13988.0,2050821110.0,28.0,3.2889999999999997,6.558,1.41,885407.0,False
300.0,97b29b11b39e49b80f3ff828f7a4f470.param,0.0,0.0,0.0,26.851999999999997,372553220.0,50174ca38bcf3eea5e9d5029306df7c2,2061300.0,1.0,0.0,26.451,46-36,1941756.0,0.0,590251.0,11817.0,2.238,7051.0,11817.0,-1.0,23735.0,0.0,4153102.0,9001.0,372553220.0,44.0,23.72300000000001,25.961,1.41,597304.0,False
300.0,97b29b11b39e49b80f3ff828f7a4f470.param,1.0,0.0,0.0,26.037,372553220.0,50174ca38bcf3eea5e9d5029306df7c2,2061300.0,1.0,0.0,27.229,46-36,1941756.0,0.0,590251.0,11817.0,2.149,7051.0,11817.0,-1.0,23735.0,0.0,4153102.0,9001.0,372553220.0,44.0,24.62,26.769000000000002,1.41,597304.0,False
300.0,97b29b11b39e49b80f3ff828f7a4f470.param,2.0,0.0,0.0,25.978,372553220.0,50174ca38bcf3eea5e9d5029306df7c2,2061300.0,1.0,0.0,25.471,46-36,1941756.0,0.0,590251.0,11817.0,2.2640000000000002,7051.0,11817.0,-1.0,23735.0,0.0,4153102.0,9001.0,372553220.0,44.0,22.849,25.113000000000003,1.41,597304.0,False
300.0,a78197c32b5c06c92ee4f6e438ee3962.param,0.0,0.0,0.0,74.17,506016928.0,6dd7f23da8933c3cd2b17903baafe51a,266473.0,1.0,0.0,12.073,46-36,222684.0,0.0,1819637.0,6349.0,7.295,20293.0,6349.0,-1.0,12146.0,0.0,1162225.0,26417.0,506016928.0,29.0,3.8,11.095,2.11,1839932.0,False
300.0,a78197c32b5c06c92ee4f6e438ee3962.param,1.0,0.0,0.0,72.47,506016928.0,6dd7f23da8933c3cd2b17903baafe51a,266473.0,1.0,0.0,11.845,46-36,222684.0,0.0,1819637.0,6349.0,7.023,20293.0,6349.0,-1.0,12146.0,0.0,1162225.0,26417.0,506016928.0,29.0,3.842,10.865,2.11,1839932.0,False
300.0,a78197c32b5c06c92ee4f6e438ee3962.param,2.0,0.0,0.0,71.857,506016928.0,6dd7f23da8933c3cd2b17903baafe51a,266473.0,1.0,0.0,12.59,46-36,222684.0,0.0,1819637.0,6349.0,7.2070000000000025,20293.0,6349.0,-1.0,12146.0,0.0,1162225.0,26417.0,506016928.0,29.0,4.0889999999999995,11.296,2.11,1839932.0,False
300.0,c73e9bafac569591c4ea47d45cfac20c.param,0.0,0.0,0.0,31.686999999999998,1918631718.0,afd370924d30d688028c0cd3bf29ed13,5674533.0,1.0,0.0,74.59899999999998,46-36,5440865.0,0.0,705125.0,22404.0,2.633,7069.0,22404.0,-1.0,25668.0,0.0,7975851.0,8965.0,1918631718.0,64.0,71.402,74.035,1.41,712196.0,False
300.0,c73e9bafac569591c4ea47d45cfac20c.param,1.0,0.0,0.0,29.375,1918631718.0,afd370924d30d688028c0cd3bf29ed13,5674533.0,1.0,0.0,73.413,46-36,5440865.0,0.0,705125.0,22404.0,2.713,7069.0,22404.0,-1.0,25668.0,0.0,7975851.0,8965.0,1918631718.0,64.0,70.282,72.995,1.41,712196.0,False
300.0,c73e9bafac569591c4ea47d45cfac20c.param,2.0,0.0,0.0,28.584,1918631718.0,afd370924d30d688028c0cd3bf29ed13,5674533.0,1.0,0.0,79.002,46-36,5440865.0,0.0,705125.0,22404.0,2.762,7069.0,22404.0,-1.0,25668.0,0.0,7975851.0,8965.0,1918631718.0,64.0,75.683,78.445,1.41,712196.0,False
300.0,8dbc47c71dc08cbc8ffa4bf3b92aa057.param,0.0,0.0,0.0,19.461,1571287961.0,85e24c5400b45e31a2b1e58f6d998dbf,1091065.0,1.0,0.0,7.681,46-36,1054829.0,0.0,465010.0,4603.0,1.732,6214.0,4603.0,-1.0,17677.0,0.0,2243114.0,7870.0,1571287961.0,20.0,5.6610000000000005,7.393,1.41,471226.0,False
300.0,8dbc47c71dc08cbc8ffa4bf3b92aa057.param,1.0,0.0,0.0,22.41,1571287961.0,85e24c5400b45e31a2b1e58f6d998dbf,1091065.0,1.0,0.0,8.716000000000001,46-36,1054829.0,0.0,465010.0,4603.0,1.734,6214.0,4603.0,-1.0,17677.0,0.0,2243114.0,7870.0,1571287961.0,20.0,6.5889999999999995,8.323,1.41,471226.0,False
300.0,8dbc47c71dc08cbc8ffa4bf3b92aa057.param,2.0,0.0,0.0,21.81900000000001,1571287961.0,85e24c5400b45e31a2b1e58f6d998dbf,1091065.0,1.0,0.0,7.587999999999999,46-36,1054829.0,0.0,465010.0,4603.0,1.713,6214.0,4603.0,-1.0,17677.0,0.0,2243114.0,7870.0,1571287961.0,20.0,5.6,7.313,1.41,471226.0,False
300.0,73a51090daaf16aa8d614ff285bfb6e4.param,0.0,0.0,0.0,72.171,221638566.0,9d17fdfbdc2b22e7b2cafab08e313918,993509.0,1.0,0.0,18.024,46-36,889198.0,0.0,1884113.0,15352.0,7.237999999999999,21205.0,15352.0,-1.0,20073.0,0.0,3436328.0,27623.0,221638566.0,57.0,9.446,16.684,3.16,1905320.0,False
300.0,73a51090daaf16aa8d614ff285bfb6e4.param,1.0,0.0,0.0,78.107,221638566.0,9d17fdfbdc2b22e7b2cafab08e313918,993509.0,1.0,0.0,17.371,46-36,889198.0,0.0,1884113.0,15352.0,7.187,21205.0,15352.0,-1.0,20073.0,0.0,3436328.0,27623.0,221638566.0,57.0,9.162,16.349,3.16,1905320.0,False
300.0,73a51090daaf16aa8d614ff285bfb6e4.param,2.0,0.0,0.0,77.0,221638566.0,9d17fdfbdc2b22e7b2cafab08e313918,993509.0,1.0,0.0,18.468,46-36,889198.0,0.0,1884113.0,15352.0,7.43,21205.0,15352.0,-1.0,20073.0,0.0,3436328.0,27623.0,221638566.0,57.0,9.962,17.392,3.16,1905320.0,False
300.0,9a031fb141138ee9bc8fad2cc059ee0e.param,0.0,0.0,0.0,18.723,95956545.0,3297080b2cfb65d19a659abebf7f93c7,784821.0,1.0,0.0,8.523,46-36,728385.0,0.0,408401.0,14268.0,1.4969999999999999,4456.0,14268.0,-1.0,10517.0,0.0,2225565.0,5576.0,95956545.0,52.0,6.777,8.274,0.94,412859.0,False
300.0,9a031fb141138ee9bc8fad2cc059ee0e.param,1.0,0.0,0.0,18.621,95956545.0,3297080b2cfb65d19a659abebf7f93c7,784821.0,1.0,0.0,8.402999999999999,46-36,728385.0,0.0,408401.0,14268.0,1.493,4456.0,14268.0,-1.0,10517.0,0.0,2225565.0,5576.0,95956545.0,52.0,6.671,8.164,0.94,412859.0,False
300.0,9a031fb141138ee9bc8fad2cc059ee0e.param,2.0,0.0,0.0,17.954,95956545.0,3297080b2cfb65d19a659abebf7f93c7,784821.0,1.0,0.0,8.222000000000001,46-36,728385.0,0.0,408401.0,14268.0,1.492,4456.0,14268.0,-1.0,10517.0,0.0,2225565.0,5576.0,95956545.0,52.0,6.494,7.9860000000000015,0.94,412859.0,False
300.0,ffb2d731edec22edde6bc403f6c68136.param,0.0,0.0,0.0,34.044000000000004,1470727592.0,71ad5025bd871f5d4db16f43f92c3828,271239.0,1.0,0.0,6.914,46-36,203403.0,0.0,813615.0,10387.0,3.0210000000000004,9964.0,10387.0,-1.0,10332.0,0.0,1225604.0,12844.0,1470727592.0,37.0,3.443,6.4639999999999995,1.41,823581.0,False
300.0,ffb2d731edec22edde6bc403f6c68136.param,1.0,0.0,0.0,32.561,1470727592.0,71ad5025bd871f5d4db16f43f92c3828,271239.0,1.0,0.0,6.9860000000000015,46-36,203403.0,0.0,813615.0,10387.0,3.0669999999999997,9964.0,10387.0,-1.0,10332.0,0.0,1225604.0,12844.0,1470727592.0,37.0,3.4589999999999996,6.526,1.41,823581.0,False
300.0,ffb2d731edec22edde6bc403f6c68136.param,2.0,0.0,0.0,31.929000000000002,1470727592.0,71ad5025bd871f5d4db16f43f92c3828,271239.0,1.0,0.0,7.246,46-36,203403.0,0.0,813615.0,10387.0,3.017,9964.0,10387.0,-1.0,10332.0,0.0,1225604.0,12844.0,1470727592.0,37.0,3.77,6.787000000000001,1.41,823581.0,False
300.0,37f39e77e4ab35860e338849791d985b.param,0.0,0.0,0.0,59.07100000000001,1057470620.0,d9f9336c6ddbc65f67fddb4a0a2eccce,6476846.0,1.0,0.0,54.534,46-36,6184108.0,0.0,1454963.0,23020.0,5.6720000000000015,14023.0,23020.0,-1.0,44371.0,0.0,6435191.0,18145.0,1057470620.0,68.0,47.986000000000004,53.658,3.16,1468988.0,False
300.0,37f39e77e4ab35860e338849791d985b.param,1.0,0.0,0.0,61.56800000000001,1057470620.0,d9f9336c6ddbc65f67fddb4a0a2eccce,6476846.0,1.0,0.0,53.08,46-36,6184108.0,0.0,1454963.0,23020.0,5.5360000000000005,14023.0,23020.0,-1.0,44371.0,0.0,6435191.0,18145.0,1057470620.0,68.0,46.431000000000004,51.967,3.16,1468988.0,False
300.0,37f39e77e4ab35860e338849791d985b.param,2.0,0.0,0.0,58.831,1057470620.0,d9f9336c6ddbc65f67fddb4a0a2eccce,6476846.0,1.0,0.0,55.388999999999996,46-36,6184108.0,0.0,1454963.0,23020.0,5.51,14023.0,23020.0,-1.0,44371.0,0.0,6435191.0,18145.0,1057470620.0,68.0,48.806000000000004,54.316,3.16,1468988.0,False
300.0,21ba7bf1bed51e1d4137a5d2b4095413.param,0.0,0.0,0.0,47.144,753387864.0,134bf5a87f101549ce2f71ac819e7448,472820.0,1.0,0.0,11.850999999999999,46-36,378818.0,0.0,1171275.0,11337.0,4.471,15277.0,11337.0,-1.0,18031.0,0.0,1496431.0,19813.0,753387864.0,41.0,6.734,11.205,1.41,1186554.0,False
300.0,21ba7bf1bed51e1d4137a5d2b4095413.param,1.0,0.0,0.0,47.777,753387864.0,134bf5a87f101549ce2f71ac819e7448,472820.0,1.0,0.0,11.944,46-36,378818.0,0.0,1171275.0,11337.0,4.426,15277.0,11337.0,-1.0,18031.0,0.0,1496431.0,19813.0,753387864.0,41.0,6.879,11.305,1.41,1186554.0,False
300.0,21ba7bf1bed51e1d4137a5d2b4095413.param,2.0,0.0,0.0,50.538000000000004,753387864.0,134bf5a87f101549ce2f71ac819e7448,472820.0,1.0,0.0,12.655999999999999,46-36,378818.0,0.0,1171275.0,11337.0,4.505,15277.0,11337.0,-1.0,18031.0,0.0,1496431.0,19813.0,753387864.0,41.0,7.2929999999999975,11.798,1.41,1186554.0,False
300.0,ba4c3b35debdf0cbd1cf9beea46e68ac.param,0.0,0.0,0.0,15.58,1083416308.0,3fe9a293d4cf08e08ed9f31906d4b0dd,1145083.0,1.0,0.0,11.754000000000001,46-36,1029012.0,0.0,361677.0,14220.0,1.31,4273.0,14220.0,-1.0,17042.0,0.0,1757775.0,5357.0,1083416308.0,52.0,10.2,11.51,0.94,365952.0,False
300.0,ba4c3b35debdf0cbd1cf9beea46e68ac.param,1.0,0.0,0.0,16.049,1083416308.0,3fe9a293d4cf08e08ed9f31906d4b0dd,1145083.0,1.0,0.0,12.517000000000001,46-36,1029012.0,0.0,361677.0,14220.0,1.3330000000000002,4273.0,14220.0,-1.0,17042.0,0.0,1757775.0,5357.0,1083416308.0,52.0,10.947000000000001,12.28,0.94,365952.0,False
300.0,ba4c3b35debdf0cbd1cf9beea46e68ac.param,2.0,0.0,0.0,16.857,1083416308.0,3fe9a293d4cf08e08ed9f31906d4b0dd,1145083.0,1.0,0.0,11.799000000000001,46-36,1029012.0,0.0,361677.0,14220.0,1.347,4273.0,14220.0,-1.0,17042.0,0.0,1757775.0,5357.0,1083416308.0,52.0,10.224,11.571,0.94,365952.0,False
300.0,d8b978c6119710e61692eb0c8ed59509.param,0.0,0.0,0.0,42.982,1571287961.0,3b5b795d0c9fbc9c34e21dcbff5b1750,127107.0,1.0,0.0,14.907,46-36,89877.0,0.0,1092992.0,15835.0,4.159,12037.0,15835.0,-1.0,7749.0,0.0,2738436.0,15532.0,1571287961.0,60.0,10.134,14.293,1.41,1105031.0,False
300.0,d8b978c6119710e61692eb0c8ed59509.param,1.0,0.0,0.0,42.35,1571287961.0,3b5b795d0c9fbc9c34e21dcbff5b1750,127107.0,1.0,0.0,14.677999999999999,46-36,89877.0,0.0,1092992.0,15835.0,4.144,12037.0,15835.0,-1.0,7749.0,0.0,2738436.0,15532.0,1571287961.0,60.0,9.937999999999999,14.082,1.41,1105031.0,False
300.0,d8b978c6119710e61692eb0c8ed59509.param,2.0,0.0,0.0,45.57100000000001,1571287961.0,3b5b795d0c9fbc9c34e21dcbff5b1750,127107.0,1.0,0.0,14.642000000000001,46-36,89877.0,0.0,1092992.0,15835.0,4.135,12037.0,15835.0,-1.0,7749.0,0.0,2738436.0,15532.0,1571287961.0,60.0,9.916,14.050999999999998,1.41,1105031.0,False
300.0,4ee13ffb8d0ec1ceaf1bb37447281f58.param,0.0,0.0,0.0,28.346999999999998,506016928.0,550cddc38f52ed1fc2c9c5cb45470560,256195.0,1.0,0.0,4.7410000000000005,46-36,224737.0,0.0,692259.0,5765.0,2.575,9919.0,5765.0,-1.0,9210.0,0.0,1036177.0,12781.0,506016928.0,25.0,1.768,4.343,0.94,702180.0,False
300.0,4ee13ffb8d0ec1ceaf1bb37447281f58.param,1.0,0.0,0.0,29.19400000000001,506016928.0,550cddc38f52ed1fc2c9c5cb45470560,256195.0,1.0,0.0,4.981,46-36,224737.0,0.0,692259.0,5765.0,2.645,9919.0,5765.0,-1.0,9210.0,0.0,1036177.0,12781.0,506016928.0,25.0,1.854,4.499,0.94,702180.0,False
300.0,4ee13ffb8d0ec1ceaf1bb37447281f58.param,2.0,0.0,0.0,29.182,506016928.0,550cddc38f52ed1fc2c9c5cb45470560,256195.0,1.0,0.0,4.684,46-36,224737.0,0.0,692259.0,5765.0,2.556,9919.0,5765.0,-1.0,9210.0,0.0,1036177.0,12781.0,506016928.0,25.0,1.743,4.2989999999999995,0.94,702180.0,False
300.0,c0cc3cb80752c8cae8a567aa7598d4aa.param,0.0,0.0,0.0,50.235,506016928.0,9adb0b416202224c2b4a5135a9b91c51,167577.0,1.0,0.0,10.413,46-36,97994.0,0.0,1234988.0,15356.0,4.77,14401.0,15356.0,-1.0,11645.0,0.0,1475210.0,18668.0,506016928.0,57.0,4.9460000000000015,9.716000000000001,1.41,1249391.0,False
300.0,c0cc3cb80752c8cae8a567aa7598d4aa.param,1.0,0.0,0.0,48.043,506016928.0,9adb0b416202224c2b4a5135a9b91c51,167577.0,1.0,0.0,10.324000000000002,46-36,97994.0,0.0,1234988.0,15356.0,4.74,14401.0,15356.0,-1.0,11645.0,0.0,1475210.0,18668.0,506016928.0,57.0,4.883,9.623,1.41,1249391.0,False
300.0,c0cc3cb80752c8cae8a567aa7598d4aa.param,2.0,0.0,0.0,48.183,506016928.0,9adb0b416202224c2b4a5135a9b91c51,167577.0,1.0,0.0,10.196,46-36,97994.0,0.0,1234988.0,15356.0,4.646,14401.0,15356.0,-1.0,11645.0,0.0,1475210.0,18668.0,506016928.0,57.0,4.871,9.517000000000001,1.41,1249391.0,False
300.0,4fb489f83300339f94af01b969c1f325.param,0.0,0.0,0.0,55.73,1098776393.0,608c5443ea4344ff96aedb3fed289a67,1360599.0,1.0,0.0,29.099,46-36,1164903.0,0.0,1338791.0,22563.0,5.0310000000000015,13039.0,22563.0,-1.0,16809.0,0.0,3166072.0,16869.0,1098776393.0,65.0,23.35,28.381,1.41,1351832.0,False
300.0,4fb489f83300339f94af01b969c1f325.param,1.0,0.0,0.0,57.136,1098776393.0,608c5443ea4344ff96aedb3fed289a67,1360599.0,1.0,0.0,29.275,46-36,1164903.0,0.0,1338791.0,22563.0,5.084,13039.0,22563.0,-1.0,16809.0,0.0,3166072.0,16869.0,1098776393.0,65.0,23.44400000000001,28.528000000000002,1.41,1351832.0,False
300.0,4fb489f83300339f94af01b969c1f325.param,2.0,0.0,0.0,56.803999999999995,1098776393.0,608c5443ea4344ff96aedb3fed289a67,1360599.0,1.0,0.0,30.076,46-36,1164903.0,0.0,1338791.0,22563.0,5.153,13039.0,22563.0,-1.0,16809.0,0.0,3166072.0,16869.0,1098776393.0,65.0,23.908,29.061,1.41,1351832.0,False
300.0,ba49f12ab41d4271c475e4948758589d.param,0.0,0.0,0.0,26.343000000000004,83966730.0,842020e9f5aa71bfa7516f310f0af7f5,147771.0,1.0,0.0,3.725,46-36,127457.0,0.0,580751.0,4691.0,2.171,8101.0,4691.0,-1.0,6919.0,0.0,605135.0,10403.0,83966730.0,20.0,1.202,3.373,0.63,588854.0,False
300.0,ba49f12ab41d4271c475e4948758589d.param,1.0,0.0,0.0,23.361,83966730.0,842020e9f5aa71bfa7516f310f0af7f5,147771.0,1.0,0.0,3.645,46-36,127457.0,0.0,580751.0,4691.0,2.166,8101.0,4691.0,-1.0,6919.0,0.0,605135.0,10403.0,83966730.0,20.0,1.1440000000000001,3.31,0.63,588854.0,False
300.0,ba49f12ab41d4271c475e4948758589d.param,2.0,0.0,0.0,27.22,83966730.0,842020e9f5aa71bfa7516f310f0af7f5,147771.0,1.0,0.0,3.6439999999999997,46-36,127457.0,0.0,580751.0,4691.0,2.141,8101.0,4691.0,-1.0,6919.0,0.0,605135.0,10403.0,83966730.0,20.0,1.159,3.3,0.63,588854.0,False
300.0,c1fde8776f334c859cdb281cb0bed488.param,0.0,0.0,0.0,13.839,506016928.0,e2b71a288f40a15957bdb19817e66dee,217202.0,1.0,0.0,3.595,46-36,159072.0,0.0,310989.0,5684.0,1.129,4336.0,5684.0,-1.0,9527.0,0.0,730900.0,5448.0,506016928.0,24.0,2.208,3.3369999999999997,0.63,315327.0,False
300.0,c1fde8776f334c859cdb281cb0bed488.param,1.0,0.0,0.0,13.982000000000001,506016928.0,e2b71a288f40a15957bdb19817e66dee,217202.0,1.0,0.0,3.451,46-36,159072.0,0.0,310989.0,5684.0,1.124,4336.0,5684.0,-1.0,9527.0,0.0,730900.0,5448.0,506016928.0,24.0,2.1390000000000002,3.263,0.63,315327.0,False
300.0,c1fde8776f334c859cdb281cb0bed488.param,2.0,0.0,0.0,13.954,506016928.0,e2b71a288f40a15957bdb19817e66dee,217202.0,1.0,0.0,3.431,46-36,159072.0,0.0,310989.0,5684.0,1.121,4336.0,5684.0,-1.0,9527.0,0.0,730900.0,5448.0,506016928.0,24.0,2.121,3.242,0.63,315327.0,False
300.0,f2209196093db16c0e1ccffc86fe7af3.param,0.0,0.0,0.0,46.394,1242281828.0,b5fe04abd0bcfade62a28066b1cfed10,408341.0,1.0,0.0,18.673,46-36,333406.0,0.0,1177037.0,10321.0,4.448,15763.0,10321.0,-1.0,13062.0,0.0,1377071.0,20447.0,1242281828.0,37.0,13.562000000000001,18.01,1.41,1192802.0,False
300.0,f2209196093db16c0e1ccffc86fe7af3.param,1.0,0.0,0.0,46.178999999999995,1242281828.0,b5fe04abd0bcfade62a28066b1cfed10,408341.0,1.0,0.0,19.483,46-36,333406.0,0.0,1177037.0,10321.0,4.595,15763.0,10321.0,-1.0,13062.0,0.0,1377071.0,20447.0,1242281828.0,37.0,14.054,18.649,1.41,1192802.0,False
300.0,f2209196093db16c0e1ccffc86fe7af3.param,2.0,0.0,0.0,50.297,1242281828.0,b5fe04abd0bcfade62a28066b1cfed10,408341.0,1.0,0.0,18.587,46-36,333406.0,0.0,1177037.0,10321.0,4.479,15763.0,10321.0,-1.0,13062.0,0.0,1377071.0,20447.0,1242281828.0,37.0,13.453,17.932000000000006,1.41,1192802.0,False
300.0,876c6467204e8ca8aabecbfbd3b45139.param,0.0,0.0,0.0,61.285,1257636424.0,59e3b3b4e539efe7001c154b536b7647,7183063.0,1.0,0.0,63.736000000000004,46-36,6936834.0,0.0,1496325.0,13676.0,5.688,17029.0,13676.0,-1.0,38932.0,0.0,14249876.0,22105.0,1257636424.0,48.0,57.178999999999995,62.867,3.16,1513356.0,False
300.0,876c6467204e8ca8aabecbfbd3b45139.param,1.0,0.0,0.0,60.316,1257636424.0,59e3b3b4e539efe7001c154b536b7647,7183063.0,1.0,0.0,62.423,46-36,6936834.0,0.0,1496325.0,13676.0,5.65,17029.0,13676.0,-1.0,38932.0,0.0,14249876.0,22105.0,1257636424.0,48.0,55.891999999999996,61.542,3.16,1513356.0,False
300.0,876c6467204e8ca8aabecbfbd3b45139.param,2.0,0.0,0.0,56.88,1257636424.0,59e3b3b4e539efe7001c154b536b7647,7183063.0,1.0,0.0,57.356,46-36,6936834.0,0.0,1496325.0,13676.0,5.67,17029.0,13676.0,-1.0,38932.0,0.0,14249876.0,22105.0,1257636424.0,48.0,50.813,56.483000000000004,3.16,1513356.0,False
300.0,222abd76a7db47e3d5cbf580e108b101.param,0.0,0.0,0.0,50.754,1802391418.0,ca3d446f35af463160dc44d9827cdb63,566573.0,1.0,0.0,17.730999999999995,46-36,418448.0,0.0,1312113.0,11857.0,4.9639999999999995,15139.0,11857.0,-1.0,17621.0,0.0,1453907.0,19641.0,1802391418.0,44.0,12.07,17.034000000000002,0.94,1327254.0,False
300.0,222abd76a7db47e3d5cbf580e108b101.param,1.0,0.0,0.0,55.132,1802391418.0,ca3d446f35af463160dc44d9827cdb63,566573.0,1.0,0.0,17.623,46-36,418448.0,0.0,1312113.0,11857.0,4.947,15139.0,11857.0,-1.0,17621.0,0.0,1453907.0,19641.0,1802391418.0,44.0,11.98,16.927,0.94,1327254.0,False
300.0,222abd76a7db47e3d5cbf580e108b101.param,2.0,0.0,0.0,50.318999999999996,1802391418.0,ca3d446f35af463160dc44d9827cdb63,566573.0,1.0,0.0,17.964000000000006,46-36,418448.0,0.0,1312113.0,11857.0,4.9030000000000005,15139.0,11857.0,-1.0,17621.0,0.0,1453907.0,19641.0,1802391418.0,44.0,12.097999999999999,17.000999999999998,0.94,1327254.0,False
300.0,d0bc402d6d4e2f421314981899e705da.param,0.0,0.0,0.0,56.938,1057470620.0,87ca488d106cda416f9a8adba80961f0,707633.0,1.0,0.0,12.025,46-36,634256.0,0.0,1472787.0,15968.0,5.5729999999999995,16051.0,15968.0,-1.0,19348.0,0.0,2238283.0,20837.0,1057470620.0,61.0,5.678,11.251,3.16,1488840.0,False
300.0,d0bc402d6d4e2f421314981899e705da.param,1.0,0.0,0.0,58.202,1057470620.0,87ca488d106cda416f9a8adba80961f0,707633.0,1.0,0.0,12.047,46-36,634256.0,0.0,1472787.0,15968.0,5.535,16051.0,15968.0,-1.0,19348.0,0.0,2238283.0,20837.0,1057470620.0,61.0,5.721,11.255999999999998,3.16,1488840.0,False
300.0,d0bc402d6d4e2f421314981899e705da.param,2.0,0.0,0.0,57.856,1057470620.0,87ca488d106cda416f9a8adba80961f0,707633.0,1.0,0.0,12.13,46-36,634256.0,0.0,1472787.0,15968.0,5.6,16051.0,15968.0,-1.0,19348.0,0.0,2238283.0,20837.0,1057470620.0,61.0,5.739,11.339,3.16,1488840.0,False
300.0,fc2d899db36a3003ebbcd92cad9223b0.param,0.0,0.0,0.0,24.349,1923385776.0,7bd80e41f00cc77e4b5b8e5942dfe338,589023.0,1.0,0.0,8.4,46-36,537223.0,0.0,615447.0,9669.0,2.24,6943.0,9669.0,-1.0,11554.0,0.0,1399892.0,8867.0,1923385776.0,32.0,5.829,8.068999999999999,0.94,622392.0,False
300.0,fc2d899db36a3003ebbcd92cad9223b0.param,1.0,0.0,0.0,26.947,1923385776.0,7bd80e41f00cc77e4b5b8e5942dfe338,589023.0,1.0,0.0,8.597999999999999,46-36,537223.0,0.0,615447.0,9669.0,2.241,6943.0,9669.0,-1.0,11554.0,0.0,1399892.0,8867.0,1923385776.0,32.0,6.0089999999999995,8.25,0.94,622392.0,False
300.0,fc2d899db36a3003ebbcd92cad9223b0.param,2.0,0.0,0.0,25.22,1923385776.0,7bd80e41f00cc77e4b5b8e5942dfe338,589023.0,1.0,0.0,8.73,46-36,537223.0,0.0,615447.0,9669.0,2.312,6943.0,9669.0,-1.0,11554.0,0.0,1399892.0,8867.0,1923385776.0,32.0,6.069,8.381,0.94,622392.0,False
300.0,f019c54ca541e1449e1424c6aa46d35e.param,0.0,0.0,0.0,5.5729999999999995,95956545.0,2c5aac469b367653e843dfb749eb0cb0,47801.0,1.0,0.0,1.6440000000000001,46-8,34096.0,0.0,116018.0,4181.0,0.42,1555.0,4181.0,-1.0,3839.0,0.0,558193.0,1168.0,95956545.0,17.0,1.136,1.556,0.28,117575.0,False
300.0,f019c54ca541e1449e1424c6aa46d35e.param,1.0,0.0,0.0,5.68,95956545.0,2c5aac469b367653e843dfb749eb0cb0,47801.0,1.0,0.0,1.548,46-8,34096.0,0.0,116018.0,4181.0,0.41100000000000003,1555.0,4181.0,-1.0,3839.0,0.0,558193.0,1168.0,95956545.0,17.0,1.047,1.4580000000000002,0.28,117575.0,False
300.0,f019c54ca541e1449e1424c6aa46d35e.param,2.0,0.0,0.0,5.869,95956545.0,2c5aac469b367653e843dfb749eb0cb0,47801.0,1.0,0.0,1.547,46-8,34096.0,0.0,116018.0,4181.0,0.41200000000000003,1555.0,4181.0,-1.0,3839.0,0.0,558193.0,1168.0,95956545.0,17.0,1.045,1.4569999999999999,0.28,117575.0,False
300.0,8fafcc4984fc93de8a9182509b2a0a65.param,0.0,0.0,0.0,67.525,1057470620.0,6fcf13a33d28e3590a0bc88d98062913,9691224.0,1.0,0.0,104.117,46-36,9306634.0,0.0,1662622.0,22576.0,6.4479999999999995,15868.0,22576.0,-1.0,39898.0,0.0,14000725.0,20572.0,1057470620.0,65.0,96.405,102.853,4.75,1678492.0,False
300.0,8fafcc4984fc93de8a9182509b2a0a65.param,1.0,0.0,0.0,64.429,1057470620.0,6fcf13a33d28e3590a0bc88d98062913,9691224.0,1.0,0.0,102.796,46-36,9306634.0,0.0,1662622.0,22576.0,6.487,15868.0,22576.0,-1.0,39898.0,0.0,14000725.0,20572.0,1057470620.0,65.0,95.09200000000001,101.579,4.75,1678492.0,False
300.0,8fafcc4984fc93de8a9182509b2a0a65.param,2.0,0.0,0.0,62.902,1057470620.0,6fcf13a33d28e3590a0bc88d98062913,9691224.0,1.0,0.0,106.64200000000001,46-36,9306634.0,0.0,1662622.0,22576.0,6.452000000000001,15868.0,22576.0,-1.0,39898.0,0.0,14000725.0,20572.0,1057470620.0,65.0,99.006,105.458,4.75,1678492.0,False
300.0,f0b6a6311818b4dd8f5227b40762bd4a.param,0.0,0.0,0.0,33.135,1057470620.0,a7a2a8f111e2446382316c8b69fd765c,4072842.0,1.0,0.0,20.491,46-36,3970392.0,0.0,786241.0,10376.0,2.926,10231.0,10376.0,-1.0,28718.0,0.0,4442577.0,13163.0,1057470620.0,37.0,17.074,20.0,1.41,796474.0,False
300.0,f0b6a6311818b4dd8f5227b40762bd4a.param,1.0,0.0,0.0,35.129,1057470620.0,a7a2a8f111e2446382316c8b69fd765c,4072842.0,1.0,0.0,22.614,46-36,3970392.0,0.0,786241.0,10376.0,2.915,10231.0,10376.0,-1.0,28718.0,0.0,4442577.0,13163.0,1057470620.0,37.0,19.093,22.00800000000001,1.41,796474.0,False
300.0,f0b6a6311818b4dd8f5227b40762bd4a.param,2.0,0.0,0.0,35.492,1057470620.0,a7a2a8f111e2446382316c8b69fd765c,4072842.0,1.0,0.0,19.94,46-36,3970392.0,0.0,786241.0,10376.0,2.9419999999999997,10231.0,10376.0,-1.0,28718.0,0.0,4442577.0,13163.0,1057470620.0,37.0,16.391,19.333,1.41,796474.0,False
300.0,85b90a483e5d2ab64757532083d99628.param,0.0,0.0,0.0,61.409,1083416308.0,fa3f5b730ec829a053f94d26e867de58,292810.0,1.0,0.0,21.158,46-36,193113.0,0.0,1575386.0,11938.0,6.0070000000000014,16465.0,11938.0,-1.0,13988.0,0.0,1772922.0,21386.0,1083416308.0,45.0,14.304,20.311,2.11,1591853.0,False
300.0,85b90a483e5d2ab64757532083d99628.param,1.0,0.0,0.0,62.50899999999999,1083416308.0,fa3f5b730ec829a053f94d26e867de58,292810.0,1.0,0.0,22.085,46-36,193113.0,0.0,1575386.0,11938.0,6.228,16465.0,11938.0,-1.0,13988.0,0.0,1772922.0,21386.0,1083416308.0,45.0,14.734000000000002,20.962,2.11,1591853.0,False
300.0,85b90a483e5d2ab64757532083d99628.param,2.0,0.0,0.0,64.425,1083416308.0,fa3f5b730ec829a053f94d26e867de58,292810.0,1.0,0.0,21.009,46-36,193113.0,0.0,1575386.0,11938.0,5.987,16465.0,11938.0,-1.0,13988.0,0.0,1772922.0,21386.0,1083416308.0,45.0,14.177,20.164,2.11,1591853.0,False
300.0,94211d2a9b412d1df1f93eb8fa322afa.param,0.0,0.0,0.0,13.814,270657042.0,772bffa2d4a066e80638a51921e6aa5e,293006.0,1.0,0.0,3.775,46-8,258353.0,0.0,302228.0,5666.0,1.114,4393.0,5666.0,-1.0,8345.0,0.0,683185.0,4111.0,270657042.0,24.0,2.4019999999999997,3.516,0.42,306623.0,False
300.0,94211d2a9b412d1df1f93eb8fa322afa.param,1.0,0.0,0.0,13.686,270657042.0,772bffa2d4a066e80638a51921e6aa5e,293006.0,1.0,0.0,3.71,46-8,258353.0,0.0,302228.0,5666.0,1.161,4393.0,5666.0,-1.0,8345.0,0.0,683185.0,4111.0,270657042.0,24.0,2.356,3.517,0.42,306623.0,False
300.0,94211d2a9b412d1df1f93eb8fa322afa.param,2.0,0.0,0.0,13.915999999999999,270657042.0,772bffa2d4a066e80638a51921e6aa5e,293006.0,1.0,0.0,3.583,46-8,258353.0,0.0,302228.0,5666.0,1.1159999999999999,4393.0,5666.0,-1.0,8345.0,0.0,683185.0,4111.0,270657042.0,24.0,2.282,3.398,0.42,306623.0,False
300.0,d52ad8a9dee13cb147c0b0d6d29d8a1a.param,0.0,0.0,0.0,15.776,1257636424.0,f0009552519124c2ad44c0b8c6f4e544,172649.0,1.0,0.0,3.3569999999999998,46-8,147319.0,0.0,351308.0,4646.0,1.2890000000000001,5161.0,4646.0,-1.0,7409.0,0.0,988080.0,4831.0,1257636424.0,20.0,1.849,3.138,0.63,356471.0,False
300.0,d52ad8a9dee13cb147c0b0d6d29d8a1a.param,1.0,0.0,0.0,15.828,1257636424.0,f0009552519124c2ad44c0b8c6f4e544,172649.0,1.0,0.0,3.321,46-8,147319.0,0.0,351308.0,4646.0,1.266,5161.0,4646.0,-1.0,7409.0,0.0,988080.0,4831.0,1257636424.0,20.0,1.8459999999999999,3.112,0.63,356471.0,False
300.0,d52ad8a9dee13cb147c0b0d6d29d8a1a.param,2.0,0.0,0.0,15.995,1257636424.0,f0009552519124c2ad44c0b8c6f4e544,172649.0,1.0,0.0,3.361,46-8,147319.0,0.0,351308.0,4646.0,1.263,5161.0,4646.0,-1.0,7409.0,0.0,988080.0,4831.0,1257636424.0,20.0,1.8769999999999998,3.14,0.63,356471.0,False
300.0,a2bb37bd1970b7fe11a8b59cb1f3a6f3.param,0.0,0.0,0.0,35.451,1139903203.0,fae7daefe0203da3e0415543492aeb01,257606.0,1.0,0.0,7.8820000000000014,46-8,200301.0,0.0,907521.0,9641.0,3.4139999999999997,11659.0,9641.0,-1.0,10783.0,0.0,1507490.0,11333.0,1139903203.0,32.0,3.985,7.399,1.41,919182.0,False
300.0,a2bb37bd1970b7fe11a8b59cb1f3a6f3.param,1.0,0.0,0.0,36.455999999999996,1139903203.0,fae7daefe0203da3e0415543492aeb01,257606.0,1.0,0.0,7.952000000000001,46-8,200301.0,0.0,907521.0,9641.0,3.514,11659.0,9641.0,-1.0,10783.0,0.0,1507490.0,11333.0,1139903203.0,32.0,3.9160000000000004,7.43,1.41,919182.0,False
300.0,a2bb37bd1970b7fe11a8b59cb1f3a6f3.param,2.0,0.0,0.0,37.687,1139903203.0,fae7daefe0203da3e0415543492aeb01,257606.0,1.0,0.0,7.744,46-8,200301.0,0.0,907521.0,9641.0,3.386,11659.0,9641.0,-1.0,10783.0,0.0,1507490.0,11333.0,1139903203.0,32.0,3.863,7.249,1.41,919182.0,False
300.0,b24ff19d000a151b6659a6c65e6c35c6.param,0.0,0.0,0.0,37.786,590654055.0,c8038784c490f238640702e5e3d5feb3,429965.0,1.0,0.0,7.835,46-8,366302.0,0.0,938245.0,6361.0,3.535,12533.0,6361.0,-1.0,15471.0,0.0,1298239.0,12150.0,590654055.0,29.0,3.786,7.3210000000000015,1.41,950780.0,False
300.0,b24ff19d000a151b6659a6c65e6c35c6.param,1.0,0.0,0.0,38.81,590654055.0,c8038784c490f238640702e5e3d5feb3,429965.0,1.0,0.0,8.119,46-8,366302.0,0.0,938245.0,6361.0,3.542,12533.0,6361.0,-1.0,15471.0,0.0,1298239.0,12150.0,590654055.0,29.0,3.8560000000000003,7.398,1.41,950780.0,False
300.0,b24ff19d000a151b6659a6c65e6c35c6.param,2.0,0.0,0.0,38.694,590654055.0,c8038784c490f238640702e5e3d5feb3,429965.0,1.0,0.0,7.66,46-8,366302.0,0.0,938245.0,6361.0,3.4760000000000004,12533.0,6361.0,-1.0,15471.0,0.0,1298239.0,12150.0,590654055.0,29.0,3.675,7.151,1.41,950780.0,False
300.0,867c000858982af2c7444466a304af04.param,0.0,0.0,0.0,51.023999999999994,1057470620.0,8667c0bbeb8e11821da5fc7d47f9d0c9,4839708.0,1.0,0.0,64.393,46-36,4644439.0,0.0,1240122.0,9664.0,4.747,15730.0,9664.0,-1.0,33260.0,0.0,8909840.0,20414.0,1057470620.0,32.0,58.926,63.673,3.16,1255854.0,False
300.0,867c000858982af2c7444466a304af04.param,1.0,0.0,0.0,49.032,1057470620.0,8667c0bbeb8e11821da5fc7d47f9d0c9,4839708.0,1.0,0.0,61.735,46-36,4644439.0,0.0,1240122.0,9664.0,4.654,15730.0,9664.0,-1.0,33260.0,0.0,8909840.0,20414.0,1057470620.0,32.0,56.382,61.036,3.16,1255854.0,False
300.0,867c000858982af2c7444466a304af04.param,2.0,0.0,0.0,48.471000000000004,1057470620.0,8667c0bbeb8e11821da5fc7d47f9d0c9,4839708.0,1.0,0.0,63.45,46-36,4644439.0,0.0,1240122.0,9664.0,4.713,15730.0,9664.0,-1.0,33260.0,0.0,8909840.0,20414.0,1057470620.0,32.0,58.055,62.768,3.16,1255854.0,False
300.0,44fed91bbf02c3af539328e6662bf914.param,0.0,0.0,0.0,48.413000000000004,95956545.0,9d122154cd2dc3b870c104a3bf8ae0f8,1216359.0,1.0,0.0,15.331,46-36,1128654.0,0.0,1156275.0,15201.0,4.369,13321.0,15201.0,-1.0,23043.0,0.0,3395166.0,17235.0,95956545.0,56.0,10.312999999999999,14.682,2.11,1169598.0,False
300.0,44fed91bbf02c3af539328e6662bf914.param,1.0,0.0,0.0,48.151,95956545.0,9d122154cd2dc3b870c104a3bf8ae0f8,1216359.0,1.0,0.0,15.17,46-36,1128654.0,0.0,1156275.0,15201.0,4.34,13321.0,15201.0,-1.0,23043.0,0.0,3395166.0,17235.0,95956545.0,56.0,10.163,14.503,2.11,1169598.0,False
300.0,44fed91bbf02c3af539328e6662bf914.param,2.0,0.0,0.0,45.732,95956545.0,9d122154cd2dc3b870c104a3bf8ae0f8,1216359.0,1.0,0.0,15.199000000000002,46-36,1128654.0,0.0,1156275.0,15201.0,4.374,13321.0,15201.0,-1.0,23043.0,0.0,3395166.0,17235.0,95956545.0,56.0,10.203,14.577,2.11,1169598.0,False
300.0,e5fa51f4b48f9d73b966b1eb0389e73c.param,0.0,0.0,0.0,90.461,2136253402.0,c5a46e1d669219062a69b54018d3f2bd,3792321.0,1.0,0.0,42.79600000000001,46-36,3545713.0,0.0,2238734.0,15203.0,8.735,21385.0,15203.0,-1.0,30344.0,0.0,5736643.0,27866.0,2136253402.0,56.0,32.449,41.184,3.16,2260121.0,False
300.0,e5fa51f4b48f9d73b966b1eb0389e73c.param,1.0,0.0,0.0,85.68,2136253402.0,c5a46e1d669219062a69b54018d3f2bd,3792321.0,1.0,0.0,40.132,46-36,3545713.0,0.0,2238734.0,15203.0,8.667,21385.0,15203.0,-1.0,30344.0,0.0,5736643.0,27866.0,2136253402.0,56.0,30.288,38.955,3.16,2260121.0,False
300.0,e5fa51f4b48f9d73b966b1eb0389e73c.param,2.0,0.0,0.0,92.094,2136253402.0,c5a46e1d669219062a69b54018d3f2bd,3792321.0,1.0,0.0,40.004,46-36,3545713.0,0.0,2238734.0,15203.0,8.597000000000001,21385.0,15203.0,-1.0,30344.0,0.0,5736643.0,27866.0,2136253402.0,56.0,30.205,38.802,3.16,2260121.0,False
300.0,0faee3ca8e450721dd5b73cb48656439.param,0.0,0.0,0.0,105.24799999999999,221638566.0,42025bb06b1b94036cefd3d201608a42,317507.0,1.0,0.0,15.857999999999999,46-8,214912.0,0.0,2608592.0,5711.0,10.02,35187.0,5711.0,-1.0,23747.0,0.0,1616099.0,34757.0,221638566.0,25.0,4.5310000000000015,14.550999999999998,2.11,2643781.0,False
300.0,0faee3ca8e450721dd5b73cb48656439.param,1.0,0.0,0.0,98.829,221638566.0,42025bb06b1b94036cefd3d201608a42,317507.0,1.0,0.0,15.599,46-8,214912.0,0.0,2608592.0,5711.0,9.877,35187.0,5711.0,-1.0,23747.0,0.0,1616099.0,34757.0,221638566.0,25.0,4.452,14.329,2.11,2643781.0,False
300.0,0faee3ca8e450721dd5b73cb48656439.param,2.0,0.0,0.0,105.434,221638566.0,42025bb06b1b94036cefd3d201608a42,317507.0,1.0,0.0,15.751,46-8,214912.0,0.0,2608592.0,5711.0,9.923,35187.0,5711.0,-1.0,23747.0,0.0,1616099.0,34757.0,221638566.0,25.0,4.539,14.462,2.11,2643781.0,False
300.0,f96e501784f98c21890b02a2712e89bd.param,0.0,0.0,0.0,47.218,590654055.0,cf5dba8e68443611d2a4fc6aacdd941e,74290.0,1.0,0.0,7.729,46-8,51337.0,0.0,1218153.0,4003.0,4.614,17689.0,4003.0,-1.0,6544.0,0.0,576348.0,17348.0,590654055.0,16.0,2.459,7.0729999999999995,0.94,1235844.0,False
300.0,f96e501784f98c21890b02a2712e89bd.param,1.0,0.0,0.0,46.479,590654055.0,cf5dba8e68443611d2a4fc6aacdd941e,74290.0,1.0,0.0,7.745,46-8,51337.0,0.0,1218153.0,4003.0,4.7010000000000005,17689.0,4003.0,-1.0,6544.0,0.0,576348.0,17348.0,590654055.0,16.0,2.412,7.1129999999999995,0.94,1235844.0,False
300.0,f96e501784f98c21890b02a2712e89bd.param,2.0,0.0,0.0,49.451,590654055.0,cf5dba8e68443611d2a4fc6aacdd941e,74290.0,1.0,0.0,7.886,46-8,51337.0,0.0,1218153.0,4003.0,4.65,17689.0,4003.0,-1.0,6544.0,0.0,576348.0,17348.0,590654055.0,16.0,2.55,7.2,0.94,1235844.0,False
300.0,ff29c8f9c07b239fedaec27dbf4ce49d.param,0.0,0.0,0.0,29.54,34754393.0,15ab236e8616eb3d68558e46ef06abe8,156426.0,1.0,0.0,5.742999999999999,46-8,93331.0,0.0,738821.0,6259.0,2.7239999999999998,10281.0,6259.0,-1.0,14102.0,0.0,1285426.0,9880.0,34754393.0,28.0,2.617,5.341,0.63,749104.0,False
300.0,ff29c8f9c07b239fedaec27dbf4ce49d.param,1.0,0.0,0.0,28.875999999999998,34754393.0,15ab236e8616eb3d68558e46ef06abe8,156426.0,1.0,0.0,5.665,46-8,93331.0,0.0,738821.0,6259.0,2.728,10281.0,6259.0,-1.0,14102.0,0.0,1285426.0,9880.0,34754393.0,28.0,2.551,5.279,0.63,749104.0,False
300.0,ff29c8f9c07b239fedaec27dbf4ce49d.param,2.0,0.0,0.0,31.351,34754393.0,15ab236e8616eb3d68558e46ef06abe8,156426.0,1.0,0.0,5.834,46-8,93331.0,0.0,738821.0,6259.0,2.747,10281.0,6259.0,-1.0,14102.0,0.0,1285426.0,9880.0,34754393.0,28.0,2.6889999999999996,5.436,0.63,749104.0,False
300.0,3df40218b019eea866b53a1349c0d0e2.param,0.0,0.0,0.0,16.375,1145031130.0,0c37fcf3ee2893be2584a3b7e2d71f5a,74117.0,0.0,0.0,4.9319999999999995,46-8,51694.0,0.0,27788.0,19202.0,0.22399999999999998,901.0,19202.0,-1.0,1005.0,0.0,624202.0,787.0,1145031130.0,63.0,4.6560000000000015,4.88,0.04,28691.0,False
300.0,3df40218b019eea866b53a1349c0d0e2.param,1.0,0.0,0.0,17.016,1145031130.0,0c37fcf3ee2893be2584a3b7e2d71f5a,74117.0,0.0,0.0,4.942,46-8,51694.0,0.0,27788.0,19202.0,0.218,901.0,19202.0,-1.0,1005.0,0.0,624202.0,787.0,1145031130.0,63.0,4.673,4.891,0.04,28691.0,False
300.0,3df40218b019eea866b53a1349c0d0e2.param,2.0,0.0,0.0,15.958,1145031130.0,0c37fcf3ee2893be2584a3b7e2d71f5a,74117.0,0.0,0.0,4.919,46-8,51694.0,0.0,27788.0,19202.0,0.215,901.0,19202.0,-1.0,1005.0,0.0,624202.0,787.0,1145031130.0,63.0,4.65,4.865,0.04,28691.0,False
300.0,411eb8af67a987b6d330a3f7c487347c.param,0.0,0.0,0.0,14.440999999999999,1083416308.0,f5fba04c917702980b3c7d4b51e21afc,138003.0,1.0,0.0,2.454,46-8,119405.0,0.0,335679.0,4152.0,1.2229999999999999,5611.0,4152.0,-1.0,5509.0,0.0,654814.0,5351.0,1083416308.0,17.0,1.0190000000000001,2.242,0.42,341292.0,False
300.0,411eb8af67a987b6d330a3f7c487347c.param,1.0,0.0,0.0,14.587,1083416308.0,f5fba04c917702980b3c7d4b51e21afc,138003.0,1.0,0.0,2.394,46-8,119405.0,0.0,335679.0,4152.0,1.207,5611.0,4152.0,-1.0,5509.0,0.0,654814.0,5351.0,1083416308.0,17.0,0.99,2.197,0.42,341292.0,False
300.0,411eb8af67a987b6d330a3f7c487347c.param,2.0,0.0,0.0,15.376,1083416308.0,f5fba04c917702980b3c7d4b51e21afc,138003.0,1.0,0.0,2.4619999999999997,46-8,119405.0,0.0,335679.0,4152.0,1.2209999999999999,5611.0,4152.0,-1.0,5509.0,0.0,654814.0,5351.0,1083416308.0,17.0,1.035,2.256,0.42,341292.0,False
300.0,9847d0c027bbaccb1847a48fd98a95ac.param,0.0,0.0,0.0,24.87,1405409883.0,029f5e2cae5d1a4c8713f03a7e672dde,642461.0,1.0,0.0,4.835,46-8,597945.0,0.0,541430.0,4744.0,2.032,7309.0,4744.0,-1.0,17796.0,0.0,1293164.0,6991.0,1405409883.0,21.0,2.483,4.515,1.41,548741.0,False
300.0,9847d0c027bbaccb1847a48fd98a95ac.param,1.0,0.0,0.0,22.705,1405409883.0,029f5e2cae5d1a4c8713f03a7e672dde,642461.0,1.0,0.0,4.641,46-8,597945.0,0.0,541430.0,4744.0,1.9809999999999999,7309.0,4744.0,-1.0,17796.0,0.0,1293164.0,6991.0,1405409883.0,21.0,2.356,4.337,1.41,548741.0,False
300.0,9847d0c027bbaccb1847a48fd98a95ac.param,2.0,0.0,0.0,23.32,1405409883.0,029f5e2cae5d1a4c8713f03a7e672dde,642461.0,1.0,0.0,4.874,46-8,597945.0,0.0,541430.0,4744.0,2.001,7309.0,4744.0,-1.0,17796.0,0.0,1293164.0,6991.0,1405409883.0,21.0,2.536,4.537,1.41,548741.0,False
300.0,964d1ae550e8b1567ec8e3803e14c5da.param,0.0,0.0,0.0,34.417,693280077.0,4603f5a127667c32c55bb2a486bb4ef1,222905.0,1.0,0.0,7.141,46-8,182074.0,0.0,895439.0,4088.0,3.3360000000000003,16615.0,4088.0,-1.0,8304.0,0.0,998241.0,16261.0,693280077.0,16.0,3.32,6.6560000000000015,1.41,912056.0,False
300.0,964d1ae550e8b1567ec8e3803e14c5da.param,1.0,0.0,0.0,35.692,693280077.0,4603f5a127667c32c55bb2a486bb4ef1,222905.0,1.0,0.0,7.775,46-8,182074.0,0.0,895439.0,4088.0,3.395,16615.0,4088.0,-1.0,8304.0,0.0,998241.0,16261.0,693280077.0,16.0,3.7230000000000003,7.117999999999999,1.41,912056.0,False
300.0,964d1ae550e8b1567ec8e3803e14c5da.param,2.0,0.0,0.0,36.315,693280077.0,4603f5a127667c32c55bb2a486bb4ef1,222905.0,1.0,0.0,7.226,46-8,182074.0,0.0,895439.0,4088.0,3.3560000000000003,16615.0,4088.0,-1.0,8304.0,0.0,998241.0,16261.0,693280077.0,16.0,3.361,6.7170000000000005,1.41,912056.0,False
300.0,9038037b7d7e09779716658ee51f043a.param,0.0,0.0,0.0,35.24,1470727592.0,3594de444450656dbbd0b0340665d5d7,83710.0,1.0,0.0,4.825,46-8,58371.0,0.0,914975.0,2341.0,3.405,16093.0,2341.0,-1.0,7941.0,0.0,589830.0,15820.0,1470727592.0,13.0,0.917,4.322,0.94,931070.0,False
300.0,9038037b7d7e09779716658ee51f043a.param,1.0,0.0,0.0,34.954,1470727592.0,3594de444450656dbbd0b0340665d5d7,83710.0,1.0,0.0,4.8,46-8,58371.0,0.0,914975.0,2341.0,3.392,16093.0,2341.0,-1.0,7941.0,0.0,589830.0,15820.0,1470727592.0,13.0,0.925,4.317,0.94,931070.0,False
300.0,9038037b7d7e09779716658ee51f043a.param,2.0,0.0,0.0,35.009,1470727592.0,3594de444450656dbbd0b0340665d5d7,83710.0,1.0,0.0,5.204,46-8,58371.0,0.0,914975.0,2341.0,3.452,16093.0,2341.0,-1.0,7941.0,0.0,589830.0,15820.0,1470727592.0,13.0,1.09,4.542,0.94,931070.0,False
300.0,a1d4e09d3abf0a4eca987babbe1df4ca.param,0.0,0.0,0.0,4.999,1571287961.0,9df3c3901caecb100709d4823d6ba047,442672.0,1.0,0.0,3.6010000000000004,46-8,416144.0,0.0,106574.0,9719.0,0.371,1387.0,9719.0,-1.0,3543.0,0.0,1012719.0,1042.0,1571287961.0,33.0,3.145,3.516,0.19,107963.0,False
300.0,a1d4e09d3abf0a4eca987babbe1df4ca.param,1.0,0.0,0.0,4.75,1571287961.0,9df3c3901caecb100709d4823d6ba047,442672.0,1.0,0.0,3.7239999999999998,46-8,416144.0,0.0,106574.0,9719.0,0.392,1387.0,9719.0,-1.0,3543.0,0.0,1012719.0,1042.0,1571287961.0,33.0,3.241,3.633,0.19,107963.0,False
300.0,a1d4e09d3abf0a4eca987babbe1df4ca.param,2.0,0.0,0.0,5.033,1571287961.0,9df3c3901caecb100709d4823d6ba047,442672.0,1.0,0.0,3.69,46-8,416144.0,0.0,106574.0,9719.0,0.379,1387.0,9719.0,-1.0,3543.0,0.0,1012719.0,1042.0,1571287961.0,33.0,3.215,3.594,0.19,107963.0,False
300.0,5c79d1d9a7223b0aa7f24b9abb13ee2f.param,0.0,0.0,0.0,70.08800000000001,1923385776.0,f5e59aff74cf02147c4573f6a405378f,644272.0,1.0,0.0,12.455,46-8,526595.0,0.0,1861726.0,5666.0,7.1370000000000005,26181.0,5666.0,-1.0,22956.0,0.0,1870622.0,25835.0,1923385776.0,24.0,4.376,11.513,2.11,1887909.0,False
300.0,5c79d1d9a7223b0aa7f24b9abb13ee2f.param,1.0,0.0,0.0,68.656,1923385776.0,f5e59aff74cf02147c4573f6a405378f,644272.0,1.0,0.0,12.59,46-8,526595.0,0.0,1861726.0,5666.0,7.1720000000000015,26181.0,5666.0,-1.0,22956.0,0.0,1870622.0,25835.0,1923385776.0,24.0,4.438,11.61,2.11,1887909.0,False
300.0,5c79d1d9a7223b0aa7f24b9abb13ee2f.param,2.0,0.0,0.0,74.446,1923385776.0,f5e59aff74cf02147c4573f6a405378f,644272.0,1.0,0.0,12.446,46-8,526595.0,0.0,1861726.0,5666.0,7.263,26181.0,5666.0,-1.0,22956.0,0.0,1870622.0,25835.0,1923385776.0,24.0,4.2360000000000015,11.499,2.11,1887909.0,False
300.0,8e69ece5afd42db3ce1e7ed475eaaf08.param,0.0,0.0,0.0,33.568000000000005,1979567522.0,1faf22da6a998925ba512bf44c36d700,93475.0,1.0,0.0,4.508,46-8,69881.0,0.0,856313.0,2243.0,3.1660000000000004,15055.0,2243.0,-1.0,7437.0,0.0,637324.0,14731.0,1979567522.0,12.0,0.887,4.053,0.94,871370.0,False
300.0,8e69ece5afd42db3ce1e7ed475eaaf08.param,1.0,0.0,0.0,33.5,1979567522.0,1faf22da6a998925ba512bf44c36d700,93475.0,1.0,0.0,4.519,46-8,69881.0,0.0,856313.0,2243.0,3.181,15055.0,2243.0,-1.0,7437.0,0.0,637324.0,14731.0,1979567522.0,12.0,0.898,4.079,0.94,871370.0,False
300.0,8e69ece5afd42db3ce1e7ed475eaaf08.param,2.0,0.0,0.0,32.982,1979567522.0,1faf22da6a998925ba512bf44c36d700,93475.0,1.0,0.0,4.555,46-8,69881.0,0.0,856313.0,2243.0,3.173,15055.0,2243.0,-1.0,7437.0,0.0,637324.0,14731.0,1979567522.0,12.0,0.914,4.087,0.94,871370.0,False
300.0,82716a7451af0bb025940cb2be8712d2.param,0.0,0.0,0.0,14.344000000000001,1802391418.0,df6e723ea986fbd16cf5189f69bbf45d,94151.0,1.0,0.0,1.986,46-8,82352.0,0.0,323669.0,2333.0,1.155,5153.0,2333.0,-1.0,5658.0,0.0,404569.0,4900.0,1802391418.0,13.0,0.6409999999999999,1.796,0.42,328824.0,False
300.0,82716a7451af0bb025940cb2be8712d2.param,1.0,0.0,0.0,14.265999999999998,1802391418.0,df6e723ea986fbd16cf5189f69bbf45d,94151.0,1.0,0.0,2.009,46-8,82352.0,0.0,323669.0,2333.0,1.16,5153.0,2333.0,-1.0,5658.0,0.0,404569.0,4900.0,1802391418.0,13.0,0.657,1.817,0.42,328824.0,False
300.0,82716a7451af0bb025940cb2be8712d2.param,2.0,0.0,0.0,14.398,1802391418.0,df6e723ea986fbd16cf5189f69bbf45d,94151.0,1.0,0.0,2.081,46-8,82352.0,0.0,323669.0,2333.0,1.166,5153.0,2333.0,-1.0,5658.0,0.0,404569.0,4900.0,1802391418.0,13.0,0.698,1.864,0.42,328824.0,False
300.0,a38985b17ca7f54344b29181a8584654.param,0.0,0.0,0.0,43.405,221638566.0,8aa4f14da48f558b8f43a6170091ad99,220948.0,1.0,0.0,6.9460000000000015,46-8,170510.0,0.0,1056279.0,2396.0,3.923,20747.0,2396.0,-1.0,13090.0,0.0,889952.0,20331.0,221638566.0,13.0,2.448,6.371,1.41,1077028.0,False
300.0,a38985b17ca7f54344b29181a8584654.param,1.0,0.0,0.0,40.133,221638566.0,8aa4f14da48f558b8f43a6170091ad99,220948.0,1.0,0.0,6.955,46-8,170510.0,0.0,1056279.0,2396.0,3.93,20747.0,2396.0,-1.0,13090.0,0.0,889952.0,20331.0,221638566.0,13.0,2.4619999999999997,6.392,1.41,1077028.0,False
300.0,a38985b17ca7f54344b29181a8584654.param,2.0,0.0,0.0,39.509,221638566.0,8aa4f14da48f558b8f43a6170091ad99,220948.0,1.0,0.0,7.041,46-8,170510.0,0.0,1056279.0,2396.0,3.9210000000000003,20747.0,2396.0,-1.0,13090.0,0.0,889952.0,20331.0,221638566.0,13.0,2.533,6.454,1.41,1077028.0,False
300.0,d0799a9d39f0850315a55b0ab4917638.param,0.0,0.0,0.0,44.755,1918631718.0,6cd8441f6faf879acd36d08d42a52584,190142.0,1.0,0.0,10.437000000000001,46-8,134357.0,0.0,1169006.0,5669.0,4.364,17953.0,5669.0,-1.0,16000.0,0.0,1158964.0,17629.0,1918631718.0,24.0,5.4239999999999995,9.788,0.94,1186961.0,False
300.0,d0799a9d39f0850315a55b0ab4917638.param,1.0,0.0,0.0,45.305,1918631718.0,6cd8441f6faf879acd36d08d42a52584,190142.0,1.0,0.0,10.536,46-8,134357.0,0.0,1169006.0,5669.0,4.441,17953.0,5669.0,-1.0,16000.0,0.0,1158964.0,17629.0,1918631718.0,24.0,5.4460000000000015,9.887,0.94,1186961.0,False
300.0,d0799a9d39f0850315a55b0ab4917638.param,2.0,0.0,0.0,47.911,1918631718.0,6cd8441f6faf879acd36d08d42a52584,190142.0,1.0,0.0,9.935,46-8,134357.0,0.0,1169006.0,5669.0,4.329,17953.0,5669.0,-1.0,16000.0,0.0,1158964.0,17629.0,1918631718.0,24.0,5.001,9.33,0.94,1186961.0,False
300.0,bebd2cfe5e0562ebe11dc365507fd898.param,0.0,0.0,0.0,31.773000000000003,372553220.0,29ca1ea0b4c83c80be20d5c4098f4d43,1527100.0,1.0,0.0,36.336999999999996,46-8,1321064.0,0.0,790598.0,11384.0,2.986,9871.0,11384.0,-1.0,25892.0,0.0,2655885.0,9502.0,372553220.0,41.0,32.897,35.883,1.41,800471.0,False
300.0,bebd2cfe5e0562ebe11dc365507fd898.param,1.0,0.0,0.0,34.319,372553220.0,29ca1ea0b4c83c80be20d5c4098f4d43,1527100.0,1.0,0.0,36.128,46-8,1321064.0,0.0,790598.0,11384.0,2.948,9871.0,11384.0,-1.0,25892.0,0.0,2655885.0,9502.0,372553220.0,41.0,32.759,35.707,1.41,800471.0,False
300.0,bebd2cfe5e0562ebe11dc365507fd898.param,2.0,0.0,0.0,35.165,372553220.0,29ca1ea0b4c83c80be20d5c4098f4d43,1527100.0,1.0,0.0,36.434,46-8,1321064.0,0.0,790598.0,11384.0,2.9410000000000003,9871.0,11384.0,-1.0,25892.0,0.0,2655885.0,9502.0,372553220.0,41.0,33.058,35.999,1.41,800471.0,False
300.0,a37d28d43d69aa0103e8f6c03a25328d.param,0.0,0.0,0.0,10.177999999999999,1057470620.0,5a86365868654a7335bd6ce68a3b0f4d,76108.0,1.0,0.0,3.8169999999999997,46-8,56122.0,0.0,225308.0,11295.0,0.7979999999999999,2791.0,11295.0,-1.0,2079.0,0.0,1626682.0,2372.0,1057470620.0,40.0,2.8760000000000003,3.674,0.42,228101.0,False
300.0,a37d28d43d69aa0103e8f6c03a25328d.param,1.0,0.0,0.0,10.544,1057470620.0,5a86365868654a7335bd6ce68a3b0f4d,76108.0,1.0,0.0,3.799,46-8,56122.0,0.0,225308.0,11295.0,0.81,2791.0,11295.0,-1.0,2079.0,0.0,1626682.0,2372.0,1057470620.0,40.0,2.847,3.657,0.42,228101.0,False
300.0,a37d28d43d69aa0103e8f6c03a25328d.param,2.0,0.0,0.0,10.474,1057470620.0,5a86365868654a7335bd6ce68a3b0f4d,76108.0,1.0,0.0,3.906,46-8,56122.0,0.0,225308.0,11295.0,0.8059999999999999,2791.0,11295.0,-1.0,2079.0,0.0,1626682.0,2372.0,1057470620.0,40.0,2.952,3.758,0.42,228101.0,False
300.0,5a074a62937cbcb2e921ae7f17a0123b.param,0.0,0.0,0.0,70.079,2028359165.0,f3e116c74ab408f2fe81e6305b900c45,240986.0,1.0,0.0,12.543,46-8,161518.0,0.0,1892870.0,5768.0,7.27,29071.0,5768.0,-1.0,16970.0,0.0,1250667.0,28734.0,2028359165.0,25.0,4.276,11.546,1.41,1921943.0,False
300.0,5a074a62937cbcb2e921ae7f17a0123b.param,1.0,0.0,0.0,75.743,2028359165.0,f3e116c74ab408f2fe81e6305b900c45,240986.0,1.0,0.0,12.434000000000001,46-8,161518.0,0.0,1892870.0,5768.0,7.1560000000000015,29071.0,5768.0,-1.0,16970.0,0.0,1250667.0,28734.0,2028359165.0,25.0,4.258,11.414000000000001,1.41,1921943.0,False
300.0,5a074a62937cbcb2e921ae7f17a0123b.param,2.0,0.0,0.0,70.202,2028359165.0,f3e116c74ab408f2fe81e6305b900c45,240986.0,1.0,0.0,12.716,46-8,161518.0,0.0,1892870.0,5768.0,7.249,29071.0,5768.0,-1.0,16970.0,0.0,1250667.0,28734.0,2028359165.0,25.0,4.419,11.668,1.41,1921943.0,False
300.0,9d8011d62fbdace0c9682b0a56eb9c1a.param,0.0,0.0,0.0,16.637999999999998,475179535.0,f33da27ea94b41e1dcd3eb62136429cb,56950.0,1.0,0.0,2.958,46-8,28776.0,0.0,364084.0,4685.0,1.308,5349.0,4685.0,-1.0,5730.0,0.0,680042.0,5053.0,475179535.0,20.0,1.433,2.741,0.42,369435.0,False
300.0,9d8011d62fbdace0c9682b0a56eb9c1a.param,1.0,0.0,0.0,15.83,475179535.0,f33da27ea94b41e1dcd3eb62136429cb,56950.0,1.0,0.0,2.987,46-8,28776.0,0.0,364084.0,4685.0,1.315,5349.0,4685.0,-1.0,5730.0,0.0,680042.0,5053.0,475179535.0,20.0,1.449,2.764,0.42,369435.0,False
300.0,9d8011d62fbdace0c9682b0a56eb9c1a.param,2.0,0.0,0.0,17.404,475179535.0,f33da27ea94b41e1dcd3eb62136429cb,56950.0,1.0,0.0,2.985,46-8,28776.0,0.0,364084.0,4685.0,1.3159999999999998,5349.0,4685.0,-1.0,5730.0,0.0,680042.0,5053.0,475179535.0,20.0,1.449,2.765,0.42,369435.0,False
300.0,c0ddd6d536dd36939b31e12d969323ca.param,0.0,0.0,0.0,15.886,1405409883.0,992da1fe0426fc982b78fcf4fa38233d,167960.0,1.0,0.0,5.607,46-8,118786.0,0.0,347444.0,10391.0,1.3090000000000002,4301.0,10391.0,-1.0,5704.0,0.0,1629537.0,3973.0,1405409883.0,37.0,4.086,5.395,0.63,351747.0,False
300.0,c0ddd6d536dd36939b31e12d969323ca.param,1.0,0.0,0.0,15.907,1405409883.0,992da1fe0426fc982b78fcf4fa38233d,167960.0,1.0,0.0,5.6770000000000005,46-8,118786.0,0.0,347444.0,10391.0,1.325,4301.0,10391.0,-1.0,5704.0,0.0,1629537.0,3973.0,1405409883.0,37.0,4.1419999999999995,5.4670000000000005,0.63,351747.0,False
300.0,c0ddd6d536dd36939b31e12d969323ca.param,2.0,0.0,0.0,15.795,1405409883.0,992da1fe0426fc982b78fcf4fa38233d,167960.0,1.0,0.0,5.6720000000000015,46-8,118786.0,0.0,347444.0,10391.0,1.297,4301.0,10391.0,-1.0,5704.0,0.0,1629537.0,3973.0,1405409883.0,37.0,4.16,5.4570000000000025,0.63,351747.0,False
300.0,8918e76cfcec0657c7d7950a1794604c.param,0.0,0.0,0.0,39.89,34754393.0,503a7eb9c15673301e8264551bce4d73,151117.0,1.0,0.0,7.572999999999999,46-8,111150.0,0.0,951928.0,6235.0,3.656,13385.0,6235.0,-1.0,9073.0,0.0,1267587.0,13003.0,34754393.0,28.0,3.386,7.0420000000000025,0.63,965315.0,False
300.0,8918e76cfcec0657c7d7950a1794604c.param,1.0,0.0,0.0,38.078,34754393.0,503a7eb9c15673301e8264551bce4d73,151117.0,1.0,0.0,7.561,46-8,111150.0,0.0,951928.0,6235.0,3.7119999999999997,13385.0,6235.0,-1.0,9073.0,0.0,1267587.0,13003.0,34754393.0,28.0,3.3280000000000003,7.04,0.63,965315.0,False
300.0,8918e76cfcec0657c7d7950a1794604c.param,2.0,0.0,0.0,41.38399999999999,34754393.0,503a7eb9c15673301e8264551bce4d73,151117.0,1.0,0.0,7.551,46-8,111150.0,0.0,951928.0,6235.0,3.637,13385.0,6235.0,-1.0,9073.0,0.0,1267587.0,13003.0,34754393.0,28.0,3.386,7.023,0.63,965315.0,False
300.0,55af68f15fe32e43da610c5d90806a4a.param,0.0,0.0,0.0,71.59,862094683.0,b0a80a6a471f2b54c7c0810502595851,455222.0,1.0,0.0,10.142000000000001,46-8,412559.0,0.0,1772896.0,4799.0,6.797999999999999,22771.0,4799.0,-1.0,15899.0,0.0,1085262.0,22410.0,862094683.0,21.0,2.417,9.215,2.11,1795669.0,False
300.0,55af68f15fe32e43da610c5d90806a4a.param,1.0,0.0,0.0,68.65,862094683.0,b0a80a6a471f2b54c7c0810502595851,455222.0,1.0,0.0,10.068999999999999,46-8,412559.0,0.0,1772896.0,4799.0,6.73,22771.0,4799.0,-1.0,15899.0,0.0,1085262.0,22410.0,862094683.0,21.0,2.406,9.136000000000001,2.11,1795669.0,False
300.0,55af68f15fe32e43da610c5d90806a4a.param,2.0,0.0,0.0,73.095,862094683.0,b0a80a6a471f2b54c7c0810502595851,455222.0,1.0,0.0,10.280999999999999,46-8,412559.0,0.0,1772896.0,4799.0,6.835,22771.0,4799.0,-1.0,15899.0,0.0,1085262.0,22410.0,862094683.0,21.0,2.474,9.309,2.11,1795669.0,False
300.0,3d9e7b6df6df75811f47376afe3f163c.param,0.0,0.0,0.0,19.086,1918631718.0,0057e1c38676171de77dfe1db793d813,621316.0,1.0,0.0,5.296,46-8,583884.0,0.0,417061.0,4726.0,1.538,6059.0,4726.0,-1.0,9597.0,0.0,1442427.0,5701.0,1918631718.0,21.0,3.432,4.97,0.94,423122.0,False
300.0,3d9e7b6df6df75811f47376afe3f163c.param,1.0,0.0,0.0,17.639,1918631718.0,0057e1c38676171de77dfe1db793d813,621316.0,1.0,0.0,4.705,46-8,583884.0,0.0,417061.0,4726.0,1.537,6059.0,4726.0,-1.0,9597.0,0.0,1442427.0,5701.0,1918631718.0,21.0,2.9130000000000003,4.45,0.94,423122.0,False
300.0,3d9e7b6df6df75811f47376afe3f163c.param,2.0,0.0,0.0,18.836,1918631718.0,0057e1c38676171de77dfe1db793d813,621316.0,1.0,0.0,4.982,46-8,583884.0,0.0,417061.0,4726.0,1.5959999999999999,6059.0,4726.0,-1.0,9597.0,0.0,1442427.0,5701.0,1918631718.0,21.0,3.13,4.726,0.94,423122.0,False
300.0,86aef175e49750375aaf5bf4f54ac0c2.param,0.0,0.0,0.0,72.516,95956545.0,68629f5cc14d7acb62931b374fab59d2,314566.0,1.0,0.0,11.597000000000001,46-8,247283.0,0.0,1819914.0,4789.0,7.056,26719.0,4789.0,-1.0,18035.0,0.0,1268379.0,26376.0,95956545.0,21.0,3.569,10.625,1.41,1846635.0,False
300.0,86aef175e49750375aaf5bf4f54ac0c2.param,1.0,0.0,0.0,67.72,95956545.0,68629f5cc14d7acb62931b374fab59d2,314566.0,1.0,0.0,12.210999999999999,46-8,247283.0,0.0,1819914.0,4789.0,7.15,26719.0,4789.0,-1.0,18035.0,0.0,1268379.0,26376.0,95956545.0,21.0,3.767,10.917,1.41,1846635.0,False
300.0,86aef175e49750375aaf5bf4f54ac0c2.param,2.0,0.0,0.0,68.506,95956545.0,68629f5cc14d7acb62931b374fab59d2,314566.0,1.0,0.0,11.199000000000002,46-8,247283.0,0.0,1819914.0,4789.0,6.87,26719.0,4789.0,-1.0,18035.0,0.0,1268379.0,26376.0,95956545.0,21.0,3.391,10.261,1.41,1846635.0,False
300.0,b366bbc99f4b12f6958260432db8f433.param,0.0,0.0,0.0,46.463,600810857.0,14dcf2443222eb95f139de8f60d569ad,433107.0,1.0,0.0,9.081,46-8,377809.0,0.0,1199476.0,4603.0,4.505,19307.0,4603.0,-1.0,9555.0,0.0,1453196.0,18967.0,600810857.0,20.0,3.8689999999999998,8.374,1.41,1218785.0,False
300.0,b366bbc99f4b12f6958260432db8f433.param,1.0,0.0,0.0,46.278999999999996,600810857.0,14dcf2443222eb95f139de8f60d569ad,433107.0,1.0,0.0,8.986,46-8,377809.0,0.0,1199476.0,4603.0,4.513999999999999,19307.0,4603.0,-1.0,9555.0,0.0,1453196.0,18967.0,600810857.0,20.0,3.801,8.315,1.41,1218785.0,False
300.0,b366bbc99f4b12f6958260432db8f433.param,2.0,0.0,0.0,46.66,600810857.0,14dcf2443222eb95f139de8f60d569ad,433107.0,1.0,0.0,8.725,46-8,377809.0,0.0,1199476.0,4603.0,4.546,19307.0,4603.0,-1.0,9555.0,0.0,1453196.0,18967.0,600810857.0,20.0,3.5269999999999997,8.073,1.41,1218785.0,False
300.0,f607d46ec11afe04a6635e1e747bca97.param,0.0,0.0,0.0,7.341,823094821.0,87f719b1f4407a672d2ae37d94425f36,169797.0,1.0,0.0,1.3719999999999999,46-8,153048.0,0.0,159992.0,2310.0,0.59,2677.0,2310.0,-1.0,5559.0,0.0,616272.0,2341.0,823094821.0,13.0,0.6679999999999999,1.258,0.42,162671.0,False
300.0,f607d46ec11afe04a6635e1e747bca97.param,1.0,0.0,0.0,7.303,823094821.0,87f719b1f4407a672d2ae37d94425f36,169797.0,1.0,0.0,1.35,46-8,153048.0,0.0,159992.0,2310.0,0.562,2677.0,2310.0,-1.0,5559.0,0.0,616272.0,2341.0,823094821.0,13.0,0.677,1.239,0.42,162671.0,False
300.0,f607d46ec11afe04a6635e1e747bca97.param,2.0,0.0,0.0,7.324,823094821.0,87f719b1f4407a672d2ae37d94425f36,169797.0,1.0,0.0,1.3230000000000002,46-8,153048.0,0.0,159992.0,2310.0,0.562,2677.0,2310.0,-1.0,5559.0,0.0,616272.0,2341.0,823094821.0,13.0,0.657,1.219,0.42,162671.0,False
300.0,a6ff37b0cef2bdd5134de774a2ccfcdd.param,0.0,0.0,0.0,6.97,1571287961.0,afb15b5a7ac7dc2b48428f0e1ae7d096,36974.0,1.0,0.0,1.469,46-8,23411.0,0.0,151664.0,4747.0,0.528,2051.0,4747.0,-1.0,2168.0,0.0,774936.0,1743.0,1571287961.0,21.0,0.835,1.3630000000000002,0.19,153717.0,False
300.0,a6ff37b0cef2bdd5134de774a2ccfcdd.param,1.0,0.0,0.0,6.824,1571287961.0,afb15b5a7ac7dc2b48428f0e1ae7d096,36974.0,1.0,0.0,1.4980000000000002,46-8,23411.0,0.0,151664.0,4747.0,0.5329999999999999,2051.0,4747.0,-1.0,2168.0,0.0,774936.0,1743.0,1571287961.0,21.0,0.855,1.3880000000000001,0.19,153717.0,False
300.0,a6ff37b0cef2bdd5134de774a2ccfcdd.param,2.0,0.0,0.0,7.081,1571287961.0,afb15b5a7ac7dc2b48428f0e1ae7d096,36974.0,1.0,0.0,1.485,46-8,23411.0,0.0,151664.0,4747.0,0.534,2051.0,4747.0,-1.0,2168.0,0.0,774936.0,1743.0,1571287961.0,21.0,0.845,1.379,0.19,153717.0,False
300.0,5aa281057d97f045673ea5f22f4a03c2.param,0.0,0.0,0.0,11.831,2050821110.0,154fb376630f4eccf76c80f3748f36c1,162729.0,1.0,0.0,3.262,46-8,135176.0,0.0,279961.0,5709.0,0.998,3941.0,5709.0,-1.0,6172.0,0.0,867996.0,3640.0,2050821110.0,25.0,2.0980000000000003,3.096,0.42,283904.0,False
300.0,5aa281057d97f045673ea5f22f4a03c2.param,1.0,0.0,0.0,12.263,2050821110.0,154fb376630f4eccf76c80f3748f36c1,162729.0,1.0,0.0,3.2689999999999997,46-8,135176.0,0.0,279961.0,5709.0,0.998,3941.0,5709.0,-1.0,6172.0,0.0,867996.0,3640.0,2050821110.0,25.0,2.093,3.091,0.42,283904.0,False
300.0,5aa281057d97f045673ea5f22f4a03c2.param,2.0,0.0,0.0,12.04,2050821110.0,154fb376630f4eccf76c80f3748f36c1,162729.0,1.0,0.0,3.2710000000000004,46-8,135176.0,0.0,279961.0,5709.0,1.001,3941.0,5709.0,-1.0,6172.0,0.0,867996.0,3640.0,2050821110.0,25.0,2.092,3.093,0.42,283904.0,False
300.0,85c2d2f2fd6238e8bf0bbcfd97821631.param,0.0,0.0,0.0,49.178999999999995,1979567522.0,e8e05b46c32f9dd5c289c7613bac9d6e,1497655.0,1.0,0.0,13.458,46-8,1437906.0,0.0,1244591.0,5734.0,4.67,16621.0,5734.0,-1.0,26781.0,0.0,3391353.0,16180.0,1979567522.0,25.0,8.072000000000001,12.742,2.11,1261214.0,False
300.0,85c2d2f2fd6238e8bf0bbcfd97821631.param,1.0,0.0,0.0,48.397,1979567522.0,e8e05b46c32f9dd5c289c7613bac9d6e,1497655.0,1.0,0.0,13.328,46-8,1437906.0,0.0,1244591.0,5734.0,4.6739999999999995,16621.0,5734.0,-1.0,26781.0,0.0,3391353.0,16180.0,1979567522.0,25.0,7.985,12.659,2.11,1261214.0,False
300.0,85c2d2f2fd6238e8bf0bbcfd97821631.param,2.0,0.0,0.0,46.368,1979567522.0,e8e05b46c32f9dd5c289c7613bac9d6e,1497655.0,1.0,0.0,13.019,46-8,1437906.0,0.0,1244591.0,5734.0,4.694,16621.0,5734.0,-1.0,26781.0,0.0,3391353.0,16180.0,1979567522.0,25.0,7.676,12.37,2.11,1261214.0,False
300.0,099cc4db78f534b541e03b3d21476677.param,0.0,0.0,0.0,11.207,693280077.0,9b30cfff812d0609b326a0fc74ac46d0,591096.0,1.0,0.0,5.154,46-8,548296.0,0.0,247701.0,6237.0,0.8959999999999999,3601.0,6237.0,-1.0,10635.0,0.0,1572125.0,3260.0,693280077.0,28.0,4.095,4.9910000000000005,0.63,251304.0,False
300.0,099cc4db78f534b541e03b3d21476677.param,1.0,0.0,0.0,10.655,693280077.0,9b30cfff812d0609b326a0fc74ac46d0,591096.0,1.0,0.0,4.95,46-8,548296.0,0.0,247701.0,6237.0,0.883,3601.0,6237.0,-1.0,10635.0,0.0,1572125.0,3260.0,693280077.0,28.0,3.907,4.79,0.63,251304.0,False
300.0,099cc4db78f534b541e03b3d21476677.param,2.0,0.0,0.0,10.845,693280077.0,9b30cfff812d0609b326a0fc74ac46d0,591096.0,1.0,0.0,5.0310000000000015,46-8,548296.0,0.0,247701.0,6237.0,0.966,3601.0,6237.0,-1.0,10635.0,0.0,1572125.0,3260.0,693280077.0,28.0,3.905,4.871,0.63,251304.0,False
300.0,f6a9922fc219371dd62d3d64f513f435.param,0.0,0.0,0.0,31.291,1923385776.0,f9ed9eb86821e3307dcce6e911c0aa32,227580.0,1.0,0.0,15.259,46-8,135741.0,0.0,789179.0,9642.0,2.904,11101.0,9642.0,-1.0,11933.0,0.0,1308368.0,10798.0,1923385776.0,32.0,11.927999999999999,14.832,0.63,800282.0,False
300.0,f6a9922fc219371dd62d3d64f513f435.param,1.0,0.0,0.0,31.326,1923385776.0,f9ed9eb86821e3307dcce6e911c0aa32,227580.0,1.0,0.0,15.484000000000002,46-8,135741.0,0.0,789179.0,9642.0,2.951,11101.0,9642.0,-1.0,11933.0,0.0,1308368.0,10798.0,1923385776.0,32.0,12.124,15.075,0.63,800282.0,False
300.0,f6a9922fc219371dd62d3d64f513f435.param,2.0,0.0,0.0,30.945,1923385776.0,f9ed9eb86821e3307dcce6e911c0aa32,227580.0,1.0,0.0,15.239,46-8,135741.0,0.0,789179.0,9642.0,2.8960000000000004,11101.0,9642.0,-1.0,11933.0,0.0,1308368.0,10798.0,1923385776.0,32.0,11.933,14.829,0.63,800282.0,False
300.0,af0a6d4f3f8e41dd411ac993d1c5e5ad.param,0.0,0.0,0.0,20.66,34754393.0,581864ed526c5f14fed200ef9948f01f,140736.0,1.0,0.0,6.84,46-8,87536.0,0.0,468878.0,9755.0,1.797,6025.0,9755.0,-1.0,9964.0,0.0,1036527.0,5641.0,34754393.0,33.0,4.77,6.567,0.42,474905.0,False
300.0,af0a6d4f3f8e41dd411ac993d1c5e5ad.param,1.0,0.0,0.0,20.262,34754393.0,581864ed526c5f14fed200ef9948f01f,140736.0,1.0,0.0,6.681,46-8,87536.0,0.0,468878.0,9755.0,1.7180000000000002,6025.0,9755.0,-1.0,9964.0,0.0,1036527.0,5641.0,34754393.0,33.0,4.681,6.399,0.42,474905.0,False
300.0,af0a6d4f3f8e41dd411ac993d1c5e5ad.param,2.0,0.0,0.0,20.014,34754393.0,581864ed526c5f14fed200ef9948f01f,140736.0,1.0,0.0,6.612,46-8,87536.0,0.0,468878.0,9755.0,1.726,6025.0,9755.0,-1.0,9964.0,0.0,1036527.0,5641.0,34754393.0,33.0,4.614,6.34,0.42,474905.0,False
300.0,5acf53328f53703eb5ee3288a3efea11.param,0.0,0.0,0.0,29.394000000000002,590654055.0,c737f5ec77ad93f0e6aeacc1dcb995b8,692823.0,1.0,0.0,13.089,46-8,563348.0,0.0,691175.0,10333.0,2.54,8965.0,10333.0,-1.0,20610.0,0.0,1621999.0,8578.0,590654055.0,37.0,10.173,12.713,0.94,700142.0,False
300.0,5acf53328f53703eb5ee3288a3efea11.param,1.0,0.0,0.0,27.784000000000002,590654055.0,c737f5ec77ad93f0e6aeacc1dcb995b8,692823.0,1.0,0.0,13.049000000000001,46-8,563348.0,0.0,691175.0,10333.0,2.533,8965.0,10333.0,-1.0,20610.0,0.0,1621999.0,8578.0,590654055.0,37.0,10.133,12.665999999999999,0.94,700142.0,False
300.0,5acf53328f53703eb5ee3288a3efea11.param,2.0,0.0,0.0,27.340999999999998,590654055.0,c737f5ec77ad93f0e6aeacc1dcb995b8,692823.0,1.0,0.0,13.488,46-8,563348.0,0.0,691175.0,10333.0,2.5610000000000004,8965.0,10333.0,-1.0,20610.0,0.0,1621999.0,8578.0,590654055.0,37.0,10.538,13.099,0.94,700142.0,False
300.0,53a3b10a6d39a1f0633d42a0b8cc93a7.param,0.0,0.0,0.0,14.517000000000001,1405409883.0,3ebab2664db2af7864b39654f1fe68a0,189435.0,1.0,0.0,4.069,46-8,158090.0,0.0,350114.0,4655.0,1.265,4681.0,4655.0,-1.0,8170.0,0.0,959860.0,4381.0,1405409883.0,20.0,2.602,3.867,0.63,354797.0,False
300.0,53a3b10a6d39a1f0633d42a0b8cc93a7.param,1.0,0.0,0.0,15.754000000000001,1405409883.0,3ebab2664db2af7864b39654f1fe68a0,189435.0,1.0,0.0,4.043,46-8,158090.0,0.0,350114.0,4655.0,1.264,4681.0,4655.0,-1.0,8170.0,0.0,959860.0,4381.0,1405409883.0,20.0,2.569,3.833,0.63,354797.0,False
300.0,53a3b10a6d39a1f0633d42a0b8cc93a7.param,2.0,0.0,0.0,15.56,1405409883.0,3ebab2664db2af7864b39654f1fe68a0,189435.0,1.0,0.0,4.0280000000000005,46-8,158090.0,0.0,350114.0,4655.0,1.258,4681.0,4655.0,-1.0,8170.0,0.0,959860.0,4381.0,1405409883.0,20.0,2.556,3.8139999999999996,0.63,354797.0,False
300.0,ea7bd7600bcbe337da419744986a2765.param,0.0,0.0,0.0,61.691,1057470620.0,db612e2dbe9fb1c0aaeb7535248268c4,1544094.0,1.0,0.0,28.938000000000002,46-8,1307759.0,0.0,1622892.0,10335.0,6.131,21041.0,10335.0,-1.0,37461.0,0.0,3352673.0,20611.0,1057470620.0,37.0,21.971,28.101999999999997,3.16,1643935.0,False
300.0,ea7bd7600bcbe337da419744986a2765.param,1.0,0.0,0.0,66.15899999999999,1057470620.0,db612e2dbe9fb1c0aaeb7535248268c4,1544094.0,1.0,0.0,28.82,46-8,1307759.0,0.0,1622892.0,10335.0,6.162999999999999,21041.0,10335.0,-1.0,37461.0,0.0,3352673.0,20611.0,1057470620.0,37.0,21.833000000000002,27.996,3.16,1643935.0,False
300.0,ea7bd7600bcbe337da419744986a2765.param,2.0,0.0,0.0,62.61600000000001,1057470620.0,db612e2dbe9fb1c0aaeb7535248268c4,1544094.0,1.0,0.0,28.94,46-8,1307759.0,0.0,1622892.0,10335.0,6.079,21041.0,10335.0,-1.0,37461.0,0.0,3352673.0,20611.0,1057470620.0,37.0,22.031,28.11,3.16,1643935.0,False
300.0,80402835d130022a9820ca0328640cdb.param,0.0,0.0,0.0,30.195999999999998,554543104.0,46be7548d6e600ee57d39cc2250fe76d,278372.0,1.0,0.0,5.382999999999999,46-8,241165.0,0.0,704996.0,4611.0,2.6189999999999998,12391.0,4611.0,-1.0,10487.0,0.0,943966.0,11932.0,554543104.0,20.0,2.376,4.995,0.94,717389.0,False
300.0,80402835d130022a9820ca0328640cdb.param,1.0,0.0,0.0,28.872,554543104.0,46be7548d6e600ee57d39cc2250fe76d,278372.0,1.0,0.0,5.355,46-8,241165.0,0.0,704996.0,4611.0,2.605,12391.0,4611.0,-1.0,10487.0,0.0,943966.0,11932.0,554543104.0,20.0,2.374,4.979,0.94,717389.0,False
300.0,80402835d130022a9820ca0328640cdb.param,2.0,0.0,0.0,29.608,554543104.0,46be7548d6e600ee57d39cc2250fe76d,278372.0,1.0,0.0,5.5420000000000025,46-8,241165.0,0.0,704996.0,4611.0,2.635,12391.0,4611.0,-1.0,10487.0,0.0,943966.0,11932.0,554543104.0,20.0,2.5,5.135,0.94,717389.0,False
300.0,638c867046eca01fa57da212f4a82591.param,0.0,0.0,0.0,26.741,83966730.0,591ae842b9d3f380ac30fcdfe5379b3f,116916.0,1.0,0.0,3.682,46-8,85021.0,0.0,634481.0,4073.0,2.309,11783.0,4073.0,-1.0,8172.0,0.0,599064.0,11539.0,83966730.0,16.0,1.022,3.3310000000000004,0.63,646266.0,False
300.0,638c867046eca01fa57da212f4a82591.param,1.0,0.0,0.0,24.748,83966730.0,591ae842b9d3f380ac30fcdfe5379b3f,116916.0,1.0,0.0,3.676,46-8,85021.0,0.0,634481.0,4073.0,2.3280000000000003,11783.0,4073.0,-1.0,8172.0,0.0,599064.0,11539.0,83966730.0,16.0,1.01,3.338,0.63,646266.0,False
300.0,638c867046eca01fa57da212f4a82591.param,2.0,0.0,0.0,26.553,83966730.0,591ae842b9d3f380ac30fcdfe5379b3f,116916.0,1.0,0.0,3.677,46-8,85021.0,0.0,634481.0,4073.0,2.319,11783.0,4073.0,-1.0,8172.0,0.0,599064.0,11539.0,83966730.0,16.0,1.015,3.3339999999999996,0.63,646266.0,False
300.0,d8e0991db153700fc6f942a70d96d0d8.param,0.0,0.0,0.0,10.698,270657042.0,8135fbe28db912e7d4bea979f764de24,131299.0,1.0,0.0,2.568,46-8,98909.0,0.0,232941.0,4742.0,0.846,3541.0,4742.0,-1.0,7802.0,0.0,756909.0,3270.0,270657042.0,21.0,1.574,2.42,0.42,236484.0,False
300.0,d8e0991db153700fc6f942a70d96d0d8.param,1.0,0.0,0.0,10.633,270657042.0,8135fbe28db912e7d4bea979f764de24,131299.0,1.0,0.0,2.6519999999999997,46-8,98909.0,0.0,232941.0,4742.0,0.84,3541.0,4742.0,-1.0,7802.0,0.0,756909.0,3270.0,270657042.0,21.0,1.65,2.49,0.42,236484.0,False
300.0,d8e0991db153700fc6f942a70d96d0d8.param,2.0,0.0,0.0,10.117,270657042.0,8135fbe28db912e7d4bea979f764de24,131299.0,1.0,0.0,2.546,46-8,98909.0,0.0,232941.0,4742.0,0.831,3541.0,4742.0,-1.0,7802.0,0.0,756909.0,3270.0,270657042.0,21.0,1.5590000000000002,2.39,0.42,236484.0,False
300.0,96344359b1d56ff7726ed1408e74685f.param,0.0,0.0,0.0,37.607,746355495.0,37be6cc3bc1d82b9bbbbf69be05e5892,649331.0,1.0,0.0,10.254000000000001,46-8,581483.0,0.0,981518.0,4196.0,3.6460000000000004,17491.0,4196.0,-1.0,16443.0,0.0,1471781.0,17202.0,746355495.0,17.0,6.0760000000000005,9.722000000000001,1.41,999011.0,False
300.0,96344359b1d56ff7726ed1408e74685f.param,1.0,0.0,0.0,38.787,746355495.0,37be6cc3bc1d82b9bbbbf69be05e5892,649331.0,1.0,0.0,10.349,46-8,581483.0,0.0,981518.0,4196.0,3.676,17491.0,4196.0,-1.0,16443.0,0.0,1471781.0,17202.0,746355495.0,17.0,6.112,9.788,1.41,999011.0,False
300.0,96344359b1d56ff7726ed1408e74685f.param,2.0,0.0,0.0,37.378,746355495.0,37be6cc3bc1d82b9bbbbf69be05e5892,649331.0,1.0,0.0,10.493,46-8,581483.0,0.0,981518.0,4196.0,3.7289999999999996,17491.0,4196.0,-1.0,16443.0,0.0,1471781.0,17202.0,746355495.0,17.0,6.224,9.953,1.41,999011.0,False
300.0,da23055718a39734c4c353a6c30d342b.param,0.0,0.0,0.0,49.643,1405409883.0,a3ee64f64dac60212cbc249c0cafdf66,445308.0,1.0,0.0,11.175999999999998,46-8,369268.0,0.0,1214405.0,4000.0,4.525,20287.0,4000.0,-1.0,16214.0,0.0,1450228.0,19987.0,1405409883.0,16.0,6.004,10.529000000000002,1.41,1234694.0,False
300.0,da23055718a39734c4c353a6c30d342b.param,1.0,0.0,0.0,46.018,1405409883.0,a3ee64f64dac60212cbc249c0cafdf66,445308.0,1.0,0.0,11.243,46-8,369268.0,0.0,1214405.0,4000.0,4.507,20287.0,4000.0,-1.0,16214.0,0.0,1450228.0,19987.0,1405409883.0,16.0,6.0829999999999975,10.59,1.41,1234694.0,False
300.0,da23055718a39734c4c353a6c30d342b.param,2.0,0.0,0.0,45.503,1405409883.0,a3ee64f64dac60212cbc249c0cafdf66,445308.0,1.0,0.0,11.222999999999999,46-8,369268.0,0.0,1214405.0,4000.0,4.548,20287.0,4000.0,-1.0,16214.0,0.0,1450228.0,19987.0,1405409883.0,16.0,6.053,10.600999999999999,1.41,1234694.0,False
300.0,7b5860221ac4bf880739e34b36b6d1fb.param,0.0,0.0,0.0,47.958,95956545.0,f535017498c3966dc8a8a969db260b92,186386.0,1.0,0.0,6.716,46-8,114986.0,0.0,1149682.0,6389.0,4.314,14911.0,6389.0,-1.0,14511.0,0.0,858793.0,14561.0,95956545.0,29.0,1.788,6.102,1.41,1164595.0,False
300.0,7b5860221ac4bf880739e34b36b6d1fb.param,1.0,0.0,0.0,46.00100000000001,95956545.0,f535017498c3966dc8a8a969db260b92,186386.0,1.0,0.0,6.615,46-8,114986.0,0.0,1149682.0,6389.0,4.297,14911.0,6389.0,-1.0,14511.0,0.0,858793.0,14561.0,95956545.0,29.0,1.712,6.0089999999999995,1.41,1164595.0,False
300.0,7b5860221ac4bf880739e34b36b6d1fb.param,2.0,0.0,0.0,44.555,95956545.0,f535017498c3966dc8a8a969db260b92,186386.0,1.0,0.0,6.659,46-8,114986.0,0.0,1149682.0,6389.0,4.275,14911.0,6389.0,-1.0,14511.0,0.0,858793.0,14561.0,95956545.0,29.0,1.736,6.011,1.41,1164595.0,False
300.0,291d875a60416791f305122ac9d8b34d.param,0.0,0.0,0.0,24.038,1923385776.0,879e39a8a217cc4beffbeaf8812a7d9b,196089.0,1.0,0.0,6.62,46-8,141491.0,0.0,583714.0,6286.0,2.14,7801.0,6286.0,-1.0,9379.0,0.0,808930.0,7493.0,1923385776.0,28.0,4.16,6.3,0.63,591517.0,False
300.0,291d875a60416791f305122ac9d8b34d.param,1.0,0.0,0.0,25.409000000000002,1923385776.0,879e39a8a217cc4beffbeaf8812a7d9b,196089.0,1.0,0.0,6.72,46-8,141491.0,0.0,583714.0,6286.0,2.1719999999999997,7801.0,6286.0,-1.0,9379.0,0.0,808930.0,7493.0,1923385776.0,28.0,4.221,6.393,0.63,591517.0,False
300.0,291d875a60416791f305122ac9d8b34d.param,2.0,0.0,0.0,25.427,1923385776.0,879e39a8a217cc4beffbeaf8812a7d9b,196089.0,1.0,0.0,6.638999999999999,46-8,141491.0,0.0,583714.0,6286.0,2.146,7801.0,6286.0,-1.0,9379.0,0.0,808930.0,7493.0,1923385776.0,28.0,4.165,6.311,0.63,591517.0,False
300.0,a14c00732fcd60d2f8416079c6315cd5.param,0.0,0.0,0.0,17.51,95956545.0,aa7b5217167a8ff089ed4ab20a98d459,197297.0,1.0,0.0,3.2510000000000003,46-8,165073.0,0.0,396191.0,5636.0,1.444,5517.0,5636.0,-1.0,7514.0,0.0,842168.0,5212.0,95956545.0,24.0,1.5819999999999999,3.0260000000000002,0.42,401710.0,False
300.0,a14c00732fcd60d2f8416079c6315cd5.param,1.0,0.0,0.0,16.699,95956545.0,aa7b5217167a8ff089ed4ab20a98d459,197297.0,1.0,0.0,3.3819999999999997,46-8,165073.0,0.0,396191.0,5636.0,1.425,5517.0,5636.0,-1.0,7514.0,0.0,842168.0,5212.0,95956545.0,24.0,1.733,3.158,0.42,401710.0,False
300.0,a14c00732fcd60d2f8416079c6315cd5.param,2.0,0.0,0.0,17.714000000000006,95956545.0,aa7b5217167a8ff089ed4ab20a98d459,197297.0,1.0,0.0,3.2239999999999998,46-8,165073.0,0.0,396191.0,5636.0,1.4269999999999998,5517.0,5636.0,-1.0,7514.0,0.0,842168.0,5212.0,95956545.0,24.0,1.577,3.0039999999999996,0.42,401710.0,False
300.0,2c863ef862f94f5be37b35a0e4c17156.param,0.0,0.0,0.0,39.994,1235388569.0,97c021346540a84de6128b279a9fc6fc,521507.0,1.0,0.0,22.121,46-8,405704.0,0.0,1043156.0,9753.0,4.006,14077.0,9753.0,-1.0,19638.0,0.0,2080170.0,13737.0,1235388569.0,33.0,17.451,21.456999999999997,1.41,1057235.0,False
300.0,2c863ef862f94f5be37b35a0e4c17156.param,1.0,0.0,0.0,41.324,1235388569.0,97c021346540a84de6128b279a9fc6fc,521507.0,1.0,0.0,21.66800000000001,46-8,405704.0,0.0,1043156.0,9753.0,3.943,14077.0,9753.0,-1.0,19638.0,0.0,2080170.0,13737.0,1235388569.0,33.0,17.17,21.113000000000003,1.41,1057235.0,False
300.0,2c863ef862f94f5be37b35a0e4c17156.param,2.0,0.0,0.0,42.754,1235388569.0,97c021346540a84de6128b279a9fc6fc,521507.0,1.0,0.0,21.554000000000002,46-8,405704.0,0.0,1043156.0,9753.0,3.904,14077.0,9753.0,-1.0,19638.0,0.0,2080170.0,13737.0,1235388569.0,33.0,17.099,21.003,1.41,1057235.0,False
300.0,e132556b0d38151640e92d05691dbdbe.param,0.0,0.0,0.0,74.804,1918631718.0,01b74b0bd63552bc1711399659b61096,543142.0,1.0,0.0,34.872,46-8,429254.0,0.0,1901933.0,9702.0,7.369,25399.0,9702.0,-1.0,19198.0,0.0,1734647.0,24979.0,1918631718.0,33.0,26.531,33.9,3.16,1927334.0,False
300.0,e132556b0d38151640e92d05691dbdbe.param,1.0,0.0,0.0,76.876,1918631718.0,01b74b0bd63552bc1711399659b61096,543142.0,1.0,0.0,34.523,46-8,429254.0,0.0,1901933.0,9702.0,7.165,25399.0,9702.0,-1.0,19198.0,0.0,1734647.0,24979.0,1918631718.0,33.0,26.32800000000001,33.493,3.16,1927334.0,False
300.0,e132556b0d38151640e92d05691dbdbe.param,2.0,0.0,0.0,69.596,1918631718.0,01b74b0bd63552bc1711399659b61096,543142.0,1.0,0.0,35.411,46-8,429254.0,0.0,1901933.0,9702.0,7.3820000000000014,25399.0,9702.0,-1.0,19198.0,0.0,1734647.0,24979.0,1918631718.0,33.0,27.005,34.387,3.16,1927334.0,False
300.0,e3acebf7a8b1b7baee676b2504100871.param,0.0,0.0,0.0,9.422,600810857.0,afe945ea471ee6e27cbae0c3e8bb2811,308217.0,1.0,0.0,3.9360000000000004,46-8,264198.0,0.0,211031.0,5796.0,0.84,2941.0,5796.0,-1.0,7910.0,0.0,1259171.0,2572.0,600810857.0,25.0,2.957,3.7969999999999997,0.63,213974.0,False
300.0,e3acebf7a8b1b7baee676b2504100871.param,1.0,0.0,0.0,9.621,600810857.0,afe945ea471ee6e27cbae0c3e8bb2811,308217.0,1.0,0.0,3.696,46-8,264198.0,0.0,211031.0,5796.0,0.7509999999999999,2941.0,5796.0,-1.0,7910.0,0.0,1259171.0,2572.0,600810857.0,25.0,2.802,3.553,0.63,213974.0,False
300.0,e3acebf7a8b1b7baee676b2504100871.param,2.0,0.0,0.0,10.027000000000001,600810857.0,afe945ea471ee6e27cbae0c3e8bb2811,308217.0,1.0,0.0,3.682,46-8,264198.0,0.0,211031.0,5796.0,0.7509999999999999,2941.0,5796.0,-1.0,7910.0,0.0,1259171.0,2572.0,600810857.0,25.0,2.7889999999999997,3.54,0.63,213974.0,False
300.0,86d0a459cbac55d6b0ecb8de1373f318.param,0.0,0.0,0.0,46.667,34754393.0,5b06bdd52864b62ebb171689b1459d72,291518.0,1.0,0.0,7.8770000000000024,46-8,251876.0,0.0,1190822.0,4117.0,4.445,22091.0,4117.0,-1.0,16240.0,0.0,968432.0,21696.0,34754393.0,17.0,2.762,7.2070000000000025,1.41,1212915.0,False
300.0,86d0a459cbac55d6b0ecb8de1373f318.param,1.0,0.0,0.0,46.383,34754393.0,5b06bdd52864b62ebb171689b1459d72,291518.0,1.0,0.0,7.9860000000000015,46-8,251876.0,0.0,1190822.0,4117.0,4.529,22091.0,4117.0,-1.0,16240.0,0.0,968432.0,21696.0,34754393.0,17.0,2.8339999999999996,7.362999999999999,1.41,1212915.0,False
300.0,86d0a459cbac55d6b0ecb8de1373f318.param,2.0,0.0,0.0,45.772,34754393.0,5b06bdd52864b62ebb171689b1459d72,291518.0,1.0,0.0,7.848,46-8,251876.0,0.0,1190822.0,4117.0,4.468,22091.0,4117.0,-1.0,16240.0,0.0,968432.0,21696.0,34754393.0,17.0,2.7430000000000003,7.211,1.41,1212915.0,False
300.0,7c50c2c12e2aac2541da57a3aad7ca55.param,0.0,0.0,0.0,72.851,182366586.0,3e599c36643a72001b189e7de1e32e9d,309655.0,1.0,0.0,19.491,46-8,184347.0,0.0,1810421.0,10200.0,6.824,24429.0,10200.0,-1.0,17763.0,0.0,1596050.0,24076.0,182366586.0,36.0,11.739,18.563,1.41,1834852.0,False
300.0,7c50c2c12e2aac2541da57a3aad7ca55.param,1.0,0.0,0.0,69.043,182366586.0,3e599c36643a72001b189e7de1e32e9d,309655.0,1.0,0.0,20.188,46-8,184347.0,0.0,1810421.0,10200.0,6.869,24429.0,10200.0,-1.0,17763.0,0.0,1596050.0,24076.0,182366586.0,36.0,12.045,18.914,1.41,1834852.0,False
300.0,7c50c2c12e2aac2541da57a3aad7ca55.param,2.0,0.0,0.0,68.78699999999999,182366586.0,3e599c36643a72001b189e7de1e32e9d,309655.0,1.0,0.0,20.003,46-8,184347.0,0.0,1810421.0,10200.0,6.939,24429.0,10200.0,-1.0,17763.0,0.0,1596050.0,24076.0,182366586.0,36.0,12.078,19.017,1.41,1834852.0,False
300.0,3516b948e6368c1e04e766cb3dbf658f.param,0.0,0.0,0.0,94.125,1235388569.0,caed2f67903fb07a7ca62f318e4fe02c,416385.0,1.0,0.0,18.623,46-8,284312.0,0.0,2456217.0,6207.0,9.601,32811.0,6207.0,-1.0,21237.0,0.0,1612178.0,32441.0,1235388569.0,28.0,7.733,17.334,1.41,2489030.0,False
300.0,3516b948e6368c1e04e766cb3dbf658f.param,1.0,0.0,0.0,97.516,1235388569.0,caed2f67903fb07a7ca62f318e4fe02c,416385.0,1.0,0.0,19.058,46-8,284312.0,0.0,2456217.0,6207.0,9.532,32811.0,6207.0,-1.0,21237.0,0.0,1612178.0,32441.0,1235388569.0,28.0,7.922999999999999,17.455,1.41,2489030.0,False
300.0,3516b948e6368c1e04e766cb3dbf658f.param,2.0,0.0,0.0,91.32799999999999,1235388569.0,caed2f67903fb07a7ca62f318e4fe02c,416385.0,1.0,0.0,18.14,46-8,284312.0,0.0,2456217.0,6207.0,9.347999999999999,32811.0,6207.0,-1.0,21237.0,0.0,1612178.0,32441.0,1235388569.0,28.0,7.5710000000000015,16.919,1.41,2489030.0,False
300.0,5f169f8946c848c062a4dd468eb064c1.param,0.0,0.0,0.0,72.053,2136253402.0,61c9e6c2c4cc2b2b7860c3780442790e,623071.0,1.0,0.0,16.186,46-8,527558.0,0.0,1858571.0,10203.0,7.095,22985.0,10203.0,-1.0,19680.0,0.0,1859379.0,22606.0,2136253402.0,36.0,8.104,15.199000000000002,2.11,1881558.0,False
300.0,5f169f8946c848c062a4dd468eb064c1.param,1.0,0.0,0.0,73.845,2136253402.0,61c9e6c2c4cc2b2b7860c3780442790e,623071.0,1.0,0.0,16.049,46-8,527558.0,0.0,1858571.0,10203.0,7.056,22985.0,10203.0,-1.0,19680.0,0.0,1859379.0,22606.0,2136253402.0,36.0,8.02,15.075999999999999,2.11,1881558.0,False
300.0,5f169f8946c848c062a4dd468eb064c1.param,2.0,0.0,0.0,76.862,2136253402.0,61c9e6c2c4cc2b2b7860c3780442790e,623071.0,1.0,0.0,16.073,46-8,527558.0,0.0,1858571.0,10203.0,7.064,22985.0,10203.0,-1.0,19680.0,0.0,1859379.0,22606.0,2136253402.0,36.0,8.0,15.064,2.11,1881558.0,False
300.0,ceb1794b37ee7a46798c6a75e6be96ab.param,0.0,0.0,0.0,18.24,590654055.0,87bea148407cb078345deb6a471f7334,137838.0,1.0,0.0,4.9430000000000005,46-8,87786.0,0.0,418846.0,9604.0,1.558,5435.0,9604.0,-1.0,9117.0,0.0,1005603.0,5058.0,590654055.0,32.0,3.1319999999999997,4.69,0.63,424283.0,False
300.0,ceb1794b37ee7a46798c6a75e6be96ab.param,1.0,0.0,0.0,19.45,590654055.0,87bea148407cb078345deb6a471f7334,137838.0,1.0,0.0,4.8660000000000005,46-8,87786.0,0.0,418846.0,9604.0,1.505,5435.0,9604.0,-1.0,9117.0,0.0,1005603.0,5058.0,590654055.0,32.0,3.125,4.63,0.63,424283.0,False
300.0,ceb1794b37ee7a46798c6a75e6be96ab.param,2.0,0.0,0.0,18.589000000000002,590654055.0,87bea148407cb078345deb6a471f7334,137838.0,1.0,0.0,4.962,46-8,87786.0,0.0,418846.0,9604.0,1.524,5435.0,9604.0,-1.0,9117.0,0.0,1005603.0,5058.0,590654055.0,32.0,3.197,4.721,0.63,424283.0,False
300.0,f09afe8bb1fa94a49596406bf88166c9.param,0.0,0.0,0.0,46.39,1918631718.0,4a717618b5b93968fd61b0d8cb3ed068,227786.0,1.0,0.0,8.067,46-8,182881.0,0.0,1177444.0,4731.0,4.474,17095.0,4731.0,-1.0,11622.0,0.0,1184957.0,16716.0,1918631718.0,21.0,2.963,7.437,0.63,1194541.0,False
300.0,f09afe8bb1fa94a49596406bf88166c9.param,1.0,0.0,0.0,45.33600000000001,1918631718.0,4a717618b5b93968fd61b0d8cb3ed068,227786.0,1.0,0.0,8.141,46-8,182881.0,0.0,1177444.0,4731.0,4.471,17095.0,4731.0,-1.0,11622.0,0.0,1184957.0,16716.0,1918631718.0,21.0,3.049,7.52,0.63,1194541.0,False
300.0,f09afe8bb1fa94a49596406bf88166c9.param,2.0,0.0,0.0,48.74100000000001,1918631718.0,4a717618b5b93968fd61b0d8cb3ed068,227786.0,1.0,0.0,7.9129999999999985,46-8,182881.0,0.0,1177444.0,4731.0,4.458,17095.0,4731.0,-1.0,11622.0,0.0,1184957.0,16716.0,1918631718.0,21.0,2.846,7.3039999999999985,0.63,1194541.0,False
300.0,2cf01039b19cea84eef8c942aea32605.param,0.0,0.0,0.0,75.87100000000002,1057470620.0,6d276a6ae90d3cfe1e5fd8afa2c24c68,2867303.0,1.0,0.0,32.063,46-8,2709221.0,0.0,1876622.0,10380.0,7.103,24097.0,10380.0,-1.0,34618.0,0.0,5493092.0,23677.0,1057470620.0,37.0,23.912,31.015,3.16,1900721.0,False
300.0,2cf01039b19cea84eef8c942aea32605.param,1.0,0.0,0.0,73.589,1057470620.0,6d276a6ae90d3cfe1e5fd8afa2c24c68,2867303.0,1.0,0.0,31.343000000000004,46-8,2709221.0,0.0,1876622.0,10380.0,7.106,24097.0,10380.0,-1.0,34618.0,0.0,5493092.0,23677.0,1057470620.0,37.0,23.25,30.355999999999998,3.16,1900721.0,False
300.0,2cf01039b19cea84eef8c942aea32605.param,2.0,0.0,0.0,70.96300000000002,1057470620.0,6d276a6ae90d3cfe1e5fd8afa2c24c68,2867303.0,1.0,0.0,31.647,46-8,2709221.0,0.0,1876622.0,10380.0,7.091,24097.0,10380.0,-1.0,34618.0,0.0,5493092.0,23677.0,1057470620.0,37.0,23.552,30.643,3.16,1900721.0,False
300.0,a78197c32b5c06c92ee4f6e438ee3962.param,0.0,0.0,0.0,66.79,506016928.0,56d904d57d6a721739bfc914d35488c4,679511.0,1.0,0.0,13.999,46-8,593359.0,0.0,1852621.0,5696.0,7.0710000000000015,26905.0,5696.0,-1.0,18441.0,0.0,1881584.0,26568.0,506016928.0,24.0,5.9570000000000025,13.027999999999999,2.11,1879528.0,False
300.0,a78197c32b5c06c92ee4f6e438ee3962.param,1.0,0.0,0.0,71.06,506016928.0,56d904d57d6a721739bfc914d35488c4,679511.0,1.0,0.0,13.739,46-8,593359.0,0.0,1852621.0,5696.0,7.146,26905.0,5696.0,-1.0,18441.0,0.0,1881584.0,26568.0,506016928.0,24.0,5.644,12.79,2.11,1879528.0,False
300.0,a78197c32b5c06c92ee4f6e438ee3962.param,2.0,0.0,0.0,68.40899999999999,506016928.0,56d904d57d6a721739bfc914d35488c4,679511.0,1.0,0.0,14.038,46-8,593359.0,0.0,1852621.0,5696.0,7.1110000000000015,26905.0,5696.0,-1.0,18441.0,0.0,1881584.0,26568.0,506016928.0,24.0,5.92,13.030999999999999,2.11,1879528.0,False
300.0,bb83bd2588db308f9da59945e9f53761.param,0.0,0.0,0.0,36.825,823094821.0,6f8001d7181bd8e20c51cae16cf05410,264726.0,1.0,0.0,8.056000000000001,46-8,203444.0,0.0,912902.0,5602.0,3.367,14023.0,5602.0,-1.0,11018.0,0.0,1148525.0,13730.0,823094821.0,24.0,4.213,7.58,0.94,926927.0,False
300.0,bb83bd2588db308f9da59945e9f53761.param,1.0,0.0,0.0,36.786,823094821.0,6f8001d7181bd8e20c51cae16cf05410,264726.0,1.0,0.0,8.07,46-8,203444.0,0.0,912902.0,5602.0,3.375,14023.0,5602.0,-1.0,11018.0,0.0,1148525.0,13730.0,823094821.0,24.0,4.202,7.577000000000001,0.94,926927.0,False
300.0,bb83bd2588db308f9da59945e9f53761.param,2.0,0.0,0.0,37.986,823094821.0,6f8001d7181bd8e20c51cae16cf05410,264726.0,1.0,0.0,8.078,46-8,203444.0,0.0,912902.0,5602.0,3.377,14023.0,5602.0,-1.0,11018.0,0.0,1148525.0,13730.0,823094821.0,24.0,4.206,7.5829999999999975,0.94,926927.0,False
300.0,73a51090daaf16aa8d614ff285bfb6e4.param,0.0,0.0,0.0,72.71,221638566.0,f07bab09dac3f79f7706f77b796dc0b9,3127091.0,1.0,0.0,23.474,46-8,3023759.0,0.0,1918826.0,6275.0,7.3610000000000015,28159.0,6275.0,-1.0,26315.0,0.0,4525072.0,27736.0,221638566.0,28.0,15.115,22.476,3.16,1946987.0,False
300.0,73a51090daaf16aa8d614ff285bfb6e4.param,1.0,0.0,0.0,77.452,221638566.0,f07bab09dac3f79f7706f77b796dc0b9,3127091.0,1.0,0.0,23.805999999999997,46-8,3023759.0,0.0,1918826.0,6275.0,7.266,28159.0,6275.0,-1.0,26315.0,0.0,4525072.0,27736.0,221638566.0,28.0,15.527000000000001,22.79300000000001,3.16,1946987.0,False
300.0,73a51090daaf16aa8d614ff285bfb6e4.param,2.0,0.0,0.0,75.70100000000002,221638566.0,f07bab09dac3f79f7706f77b796dc0b9,3127091.0,1.0,0.0,23.54,46-8,3023759.0,0.0,1918826.0,6275.0,7.3039999999999985,28159.0,6275.0,-1.0,26315.0,0.0,4525072.0,27736.0,221638566.0,28.0,15.232999999999999,22.537,3.16,1946987.0,False
300.0,ea9e2588afe4504c0be19561db25ccfd.param,0.0,0.0,0.0,35.744,2050821110.0,455638ef3a805275271ade7813395507,218786.0,1.0,0.0,5.497000000000001,46-8,185764.0,0.0,892166.0,5635.0,3.303,14365.0,5635.0,-1.0,7823.0,0.0,1001581.0,14071.0,2050821110.0,24.0,1.71,5.013,0.94,906533.0,False
300.0,ea9e2588afe4504c0be19561db25ccfd.param,1.0,0.0,0.0,34.897,2050821110.0,455638ef3a805275271ade7813395507,218786.0,1.0,0.0,5.374,46-8,185764.0,0.0,892166.0,5635.0,3.313,14365.0,5635.0,-1.0,7823.0,0.0,1001581.0,14071.0,2050821110.0,24.0,1.604,4.917,0.94,906533.0,False
300.0,ea9e2588afe4504c0be19561db25ccfd.param,2.0,0.0,0.0,34.454,2050821110.0,455638ef3a805275271ade7813395507,218786.0,1.0,0.0,5.657,46-8,185764.0,0.0,892166.0,5635.0,3.424,14365.0,5635.0,-1.0,7823.0,0.0,1001581.0,14071.0,2050821110.0,24.0,1.746,5.17,0.94,906533.0,False
300.0,61f5f3058b749cd913e33ba1bf9fcead.param,0.0,0.0,0.0,5.61,693280077.0,bb644a0235143c52a1c8669844d88e35,106742.0,1.0,0.0,1.695,46-8,88786.0,0.0,121109.0,4087.0,0.419,1865.0,4087.0,-1.0,4817.0,0.0,449110.0,1516.0,693280077.0,16.0,1.19,1.609,0.42,122976.0,False
300.0,61f5f3058b749cd913e33ba1bf9fcead.param,1.0,0.0,0.0,5.404,693280077.0,bb644a0235143c52a1c8669844d88e35,106742.0,1.0,0.0,1.73,46-8,88786.0,0.0,121109.0,4087.0,0.423,1865.0,4087.0,-1.0,4817.0,0.0,449110.0,1516.0,693280077.0,16.0,1.212,1.635,0.42,122976.0,False
300.0,61f5f3058b749cd913e33ba1bf9fcead.param,2.0,0.0,0.0,5.401,693280077.0,bb644a0235143c52a1c8669844d88e35,106742.0,1.0,0.0,1.757,46-8,88786.0,0.0,121109.0,4087.0,0.428,1865.0,4087.0,-1.0,4817.0,0.0,449110.0,1516.0,693280077.0,16.0,1.237,1.665,0.42,122976.0,False
300.0,21ba7bf1bed51e1d4137a5d2b4095413.param,0.0,0.0,0.0,45.038000000000004,753387864.0,c8fdeedadd1e30943e830468754261c1,109378.0,1.0,0.0,8.16,46-8,66813.0,0.0,1195998.0,4721.0,4.442,20235.0,4721.0,-1.0,11858.0,0.0,666444.0,19946.0,753387864.0,21.0,3.091,7.532999999999999,0.94,1216235.0,False
300.0,21ba7bf1bed51e1d4137a5d2b4095413.param,1.0,0.0,0.0,45.825,753387864.0,c8fdeedadd1e30943e830468754261c1,109378.0,1.0,0.0,8.144,46-8,66813.0,0.0,1195998.0,4721.0,4.4430000000000005,20235.0,4721.0,-1.0,11858.0,0.0,666444.0,19946.0,753387864.0,21.0,3.0780000000000003,7.521,0.94,1216235.0,False
300.0,21ba7bf1bed51e1d4137a5d2b4095413.param,2.0,0.0,0.0,49.133,753387864.0,c8fdeedadd1e30943e830468754261c1,109378.0,1.0,0.0,8.156,46-8,66813.0,0.0,1195998.0,4721.0,4.445,20235.0,4721.0,-1.0,11858.0,0.0,666444.0,19946.0,753387864.0,21.0,3.0610000000000004,7.506,0.94,1216235.0,False
300.0,8fafcc4984fc93de8a9182509b2a0a65.param,0.0,0.0,0.0,66.06,1057470620.0,62dd4396291d94ea98cb79793fb0b518,1276806.0,1.0,0.0,24.410999999999998,46-8,1193640.0,0.0,1688616.0,9772.0,6.431,21075.0,9772.0,-1.0,21457.0,0.0,3285524.0,20653.0,1057470620.0,33.0,17.136,23.566999999999997,2.11,1709693.0,False
300.0,8fafcc4984fc93de8a9182509b2a0a65.param,1.0,0.0,0.0,64.25399999999999,1057470620.0,62dd4396291d94ea98cb79793fb0b518,1276806.0,1.0,0.0,24.941999999999997,46-8,1193640.0,0.0,1688616.0,9772.0,6.501,21075.0,9772.0,-1.0,21457.0,0.0,3285524.0,20653.0,1057470620.0,33.0,17.576,24.076999999999998,2.11,1709693.0,False
300.0,8fafcc4984fc93de8a9182509b2a0a65.param,2.0,0.0,0.0,68.333,1057470620.0,62dd4396291d94ea98cb79793fb0b518,1276806.0,1.0,0.0,24.865,46-8,1193640.0,0.0,1688616.0,9772.0,6.445,21075.0,9772.0,-1.0,21457.0,0.0,3285524.0,20653.0,1057470620.0,33.0,17.531,23.976,2.11,1709693.0,False
300.0,ffb2d731edec22edde6bc403f6c68136.param,0.0,0.0,0.0,32.851,1470727592.0,da09d01af9d5fc9e9cc682b54a253965,193699.0,1.0,0.0,5.392,46-8,156835.0,0.0,829769.0,5675.0,3.0610000000000004,13203.0,5675.0,-1.0,9868.0,0.0,1031620.0,12925.0,1470727592.0,24.0,1.886,4.947,1.41,842974.0,False
300.0,ffb2d731edec22edde6bc403f6c68136.param,1.0,0.0,0.0,32.89,1470727592.0,da09d01af9d5fc9e9cc682b54a253965,193699.0,1.0,0.0,5.315,46-8,156835.0,0.0,829769.0,5675.0,3.063,13203.0,5675.0,-1.0,9868.0,0.0,1031620.0,12925.0,1470727592.0,24.0,1.798,4.8610000000000015,1.41,842974.0,False
300.0,ffb2d731edec22edde6bc403f6c68136.param,2.0,0.0,0.0,32.416,1470727592.0,da09d01af9d5fc9e9cc682b54a253965,193699.0,1.0,0.0,5.352,46-8,156835.0,0.0,829769.0,5675.0,3.0460000000000003,13203.0,5675.0,-1.0,9868.0,0.0,1031620.0,12925.0,1470727592.0,24.0,1.847,4.893,1.41,842974.0,False
300.0,ba4c3b35debdf0cbd1cf9beea46e68ac.param,0.0,0.0,0.0,16.011,1083416308.0,fbae5aeef81daebdf5c83393c9ad079e,136374.0,1.0,0.0,3.883,46-8,92907.0,0.0,368621.0,5775.0,1.3780000000000001,5665.0,5775.0,-1.0,6535.0,0.0,719123.0,5388.0,1083416308.0,25.0,2.29,3.668,0.42,374288.0,False
300.0,ba4c3b35debdf0cbd1cf9beea46e68ac.param,1.0,0.0,0.0,16.68,1083416308.0,fbae5aeef81daebdf5c83393c9ad079e,136374.0,1.0,0.0,3.779,46-8,92907.0,0.0,368621.0,5775.0,1.318,5665.0,5775.0,-1.0,6535.0,0.0,719123.0,5388.0,1083416308.0,25.0,2.247,3.565,0.42,374288.0,False
300.0,ba4c3b35debdf0cbd1cf9beea46e68ac.param,2.0,0.0,0.0,15.889000000000001,1083416308.0,fbae5aeef81daebdf5c83393c9ad079e,136374.0,1.0,0.0,3.782,46-8,92907.0,0.0,368621.0,5775.0,1.3259999999999998,5665.0,5775.0,-1.0,6535.0,0.0,719123.0,5388.0,1083416308.0,25.0,2.234,3.56,0.42,374288.0,False
300.0,c0cc3cb80752c8cae8a567aa7598d4aa.param,0.0,0.0,0.0,46.823,506016928.0,3691f967514e5c90e6532354a6b80a7b,79221.0,1.0,0.0,6.9170000000000025,46-8,43003.0,0.0,1258460.0,4637.0,4.7139999999999995,19105.0,4637.0,-1.0,8893.0,0.0,798286.0,18763.0,506016928.0,20.0,1.5519999999999998,6.266,1.41,1277567.0,False
300.0,c0cc3cb80752c8cae8a567aa7598d4aa.param,1.0,0.0,0.0,47.266999999999996,506016928.0,3691f967514e5c90e6532354a6b80a7b,79221.0,1.0,0.0,6.989,46-8,43003.0,0.0,1258460.0,4637.0,4.711,19105.0,4637.0,-1.0,8893.0,0.0,798286.0,18763.0,506016928.0,20.0,1.598,6.309,1.41,1277567.0,False
300.0,c0cc3cb80752c8cae8a567aa7598d4aa.param,2.0,0.0,0.0,47.185,506016928.0,3691f967514e5c90e6532354a6b80a7b,79221.0,1.0,0.0,6.915,46-8,43003.0,0.0,1258460.0,4637.0,4.683,19105.0,4637.0,-1.0,8893.0,0.0,798286.0,18763.0,506016928.0,20.0,1.5659999999999998,6.249,1.41,1277567.0,False
300.0,4ee13ffb8d0ec1ceaf1bb37447281f58.param,0.0,0.0,0.0,28.701,506016928.0,8480ca7bc7dd7d5d2d43e4b83255cc7b,334482.0,1.0,0.0,6.0870000000000015,46-8,289680.0,0.0,708371.0,4090.0,2.5810000000000004,13149.0,4090.0,-1.0,11900.0,0.0,961751.0,12856.0,506016928.0,16.0,3.123,5.704,0.94,721522.0,False
300.0,4ee13ffb8d0ec1ceaf1bb37447281f58.param,1.0,0.0,0.0,29.296999999999997,506016928.0,8480ca7bc7dd7d5d2d43e4b83255cc7b,334482.0,1.0,0.0,6.225,46-8,289680.0,0.0,708371.0,4090.0,2.614,13149.0,4090.0,-1.0,11900.0,0.0,961751.0,12856.0,506016928.0,16.0,3.221,5.835,0.94,721522.0,False
300.0,4ee13ffb8d0ec1ceaf1bb37447281f58.param,2.0,0.0,0.0,30.561,506016928.0,8480ca7bc7dd7d5d2d43e4b83255cc7b,334482.0,1.0,0.0,6.221,46-8,289680.0,0.0,708371.0,4090.0,2.6010000000000004,13149.0,4090.0,-1.0,11900.0,0.0,961751.0,12856.0,506016928.0,16.0,3.225,5.8260000000000005,0.94,721522.0,False
300.0,f0b6a6311818b4dd8f5227b40762bd4a.param,0.0,0.0,0.0,32.265,1057470620.0,54a79c65951d22343ab207c17d5e6bac,144433.0,1.0,0.0,5.065,46-8,107113.0,0.0,802950.0,4723.0,3.042,13579.0,4723.0,-1.0,10104.0,0.0,717445.0,13224.0,1057470620.0,21.0,1.5590000000000002,4.601,0.63,816531.0,False
300.0,f0b6a6311818b4dd8f5227b40762bd4a.param,1.0,0.0,0.0,33.181999999999995,1057470620.0,54a79c65951d22343ab207c17d5e6bac,144433.0,1.0,0.0,4.96,46-8,107113.0,0.0,802950.0,4723.0,2.957,13579.0,4723.0,-1.0,10104.0,0.0,717445.0,13224.0,1057470620.0,21.0,1.5419999999999998,4.499,0.63,816531.0,False
300.0,f0b6a6311818b4dd8f5227b40762bd4a.param,2.0,0.0,0.0,33.004,1057470620.0,54a79c65951d22343ab207c17d5e6bac,144433.0,1.0,0.0,4.912,46-8,107113.0,0.0,802950.0,4723.0,2.972,13579.0,4723.0,-1.0,10104.0,0.0,717445.0,13224.0,1057470620.0,21.0,1.4969999999999999,4.468999999999999,0.63,816531.0,False
300.0,fc2d899db36a3003ebbcd92cad9223b0.param,0.0,0.0,0.0,25.298000000000002,1923385776.0,78ff09b44cb68051e63c43ca161fe007,144563.0,1.0,0.0,6.22,46-8,83403.0,0.0,626731.0,6238.0,2.371,9205.0,6238.0,-1.0,7429.0,0.0,906582.0,8918.0,1923385776.0,28.0,3.483,5.854,0.94,635938.0,False
300.0,fc2d899db36a3003ebbcd92cad9223b0.param,1.0,0.0,0.0,28.63,1923385776.0,78ff09b44cb68051e63c43ca161fe007,144563.0,1.0,0.0,6.3210000000000015,46-8,83403.0,0.0,626731.0,6238.0,2.374,9205.0,6238.0,-1.0,7429.0,0.0,906582.0,8918.0,1923385776.0,28.0,3.5839999999999996,5.9579999999999975,0.94,635938.0,False
300.0,fc2d899db36a3003ebbcd92cad9223b0.param,2.0,0.0,0.0,26.285,1923385776.0,78ff09b44cb68051e63c43ca161fe007,144563.0,1.0,0.0,6.098,46-8,83403.0,0.0,626731.0,6238.0,2.287,9205.0,6238.0,-1.0,7429.0,0.0,906582.0,8918.0,1923385776.0,28.0,3.4560000000000004,5.742999999999999,0.94,635938.0,False
300.0,e5fa51f4b48f9d73b966b1eb0389e73c.param,0.0,0.0,0.0,93.04899999999999,2136253402.0,19223c8b5aa1e3be2286ce696acd07a4,226874.0,1.0,0.0,13.804,46-8,170683.0,0.0,2273648.0,5748.0,8.838,28381.0,5748.0,-1.0,14346.0,0.0,1583846.0,27997.0,2136253402.0,25.0,3.7960000000000003,12.634,2.11,2302031.0,False
300.0,e5fa51f4b48f9d73b966b1eb0389e73c.param,1.0,0.0,0.0,87.154,2136253402.0,19223c8b5aa1e3be2286ce696acd07a4,226874.0,1.0,0.0,13.880999999999998,46-8,170683.0,0.0,2273648.0,5748.0,8.751,28381.0,5748.0,-1.0,14346.0,0.0,1583846.0,27997.0,2136253402.0,25.0,3.924,12.675,2.11,2302031.0,False
300.0,e5fa51f4b48f9d73b966b1eb0389e73c.param,2.0,0.0,0.0,94.27,2136253402.0,19223c8b5aa1e3be2286ce696acd07a4,226874.0,1.0,0.0,13.719000000000001,46-8,170683.0,0.0,2273648.0,5748.0,8.67,28381.0,5748.0,-1.0,14346.0,0.0,1583846.0,27997.0,2136253402.0,25.0,3.907,12.577,2.11,2302031.0,False
300.0,94211d2a9b412d1df1f93eb8fa322afa.param,0.0,0.0,0.0,13.748,270657042.0,e9c09a6895627875ff0bf05fd453f495,,0.0,1.0,300.053,7-45,,,,,,,,,,,,,,,,,,,False
300.0,94211d2a9b412d1df1f93eb8fa322afa.param,1.0,0.0,0.0,13.198,270657042.0,e9c09a6895627875ff0bf05fd453f495,,0.0,1.0,300.053,7-45,,,,,,,,,,,,,,,,,,,False
300.0,94211d2a9b412d1df1f93eb8fa322afa.param,2.0,0.0,0.0,12.806,270657042.0,e9c09a6895627875ff0bf05fd453f495,,0.0,1.0,300.047,7-45,,,,,,,,,,,,,,,,,,,False
300.0,d52ad8a9dee13cb147c0b0d6d29d8a1a.param,0.0,0.0,0.0,17.11,1257636424.0,d13b34424df791ac2c06461e926868a0,,0.0,1.0,300.055,7-45,,,,,,,,,,,,,,,,,,,False
300.0,d52ad8a9dee13cb147c0b0d6d29d8a1a.param,1.0,0.0,0.0,15.514000000000001,1257636424.0,d13b34424df791ac2c06461e926868a0,,0.0,1.0,300.059,7-45,,,,,,,,,,,,,,,,,,,False
300.0,d52ad8a9dee13cb147c0b0d6d29d8a1a.param,2.0,0.0,0.0,16.066,1257636424.0,d13b34424df791ac2c06461e926868a0,,0.0,1.0,300.061,7-45,,,,,,,,,,,,,,,,,,,False
300.0,411eb8af67a987b6d330a3f7c487347c.param,0.0,0.0,0.0,15.770999999999999,1083416308.0,11906424b6536d740b523fa7767523bf,,0.0,1.0,300.058,7-45,,,,,,,,,,,,,,,,,,,False
300.0,411eb8af67a987b6d330a3f7c487347c.param,1.0,0.0,0.0,14.794,1083416308.0,11906424b6536d740b523fa7767523bf,,0.0,1.0,300.06,7-45,,,,,,,,,,,,,,,,,,,False
300.0,411eb8af67a987b6d330a3f7c487347c.param,2.0,0.0,0.0,14.83,1083416308.0,11906424b6536d740b523fa7767523bf,,0.0,1.0,300.055,7-45,,,,,,,,,,,,,,,,,,,False
300.0,ebfb38d0b486754d6704faf1ad393db8.param,0.0,0.0,0.0,26.494,1234135464.0,c05cbc220f4a22c5a81a80958e2a212e,,0.0,1.0,300.057,7-45,,,,,,,,,,,,,,,,,,,False
300.0,ebfb38d0b486754d6704faf1ad393db8.param,1.0,0.0,0.0,22.739,1234135464.0,c05cbc220f4a22c5a81a80958e2a212e,,0.0,1.0,300.069,7-45,,,,,,,,,,,,,,,,,,,False
300.0,ebfb38d0b486754d6704faf1ad393db8.param,2.0,0.0,0.0,22.338,1234135464.0,c05cbc220f4a22c5a81a80958e2a212e,,0.0,1.0,300.067,7-45,,,,,,,,,,,,,,,,,,,False
300.0,9847d0c027bbaccb1847a48fd98a95ac.param,0.0,0.0,0.0,25.090999999999998,1405409883.0,d3a0c1dc9d2e3176be3061e2d10b4221,,0.0,1.0,300.057,7-45,,,,,,,,,,,,,,,,,,,False
300.0,9847d0c027bbaccb1847a48fd98a95ac.param,1.0,0.0,0.0,22.825,1405409883.0,d3a0c1dc9d2e3176be3061e2d10b4221,,0.0,1.0,300.06,7-45,,,,,,,,,,,,,,,,,,,False
300.0,9847d0c027bbaccb1847a48fd98a95ac.param,2.0,0.0,0.0,22.673000000000002,1405409883.0,d3a0c1dc9d2e3176be3061e2d10b4221,,0.0,1.0,300.067,7-45,,,,,,,,,,,,,,,,,,,False
300.0,ff29c8f9c07b239fedaec27dbf4ce49d.param,0.0,0.0,0.0,30.929000000000002,34754393.0,5884a1c3d5369fc522d9a6a4dca95c51,,0.0,1.0,300.07,7-45,,,,,,,,,,,,,,,,,,,False
300.0,ff29c8f9c07b239fedaec27dbf4ce49d.param,1.0,0.0,0.0,32.704,34754393.0,5884a1c3d5369fc522d9a6a4dca95c51,,0.0,1.0,300.072,7-45,,,,,,,,,,,,,,,,,,,False
300.0,ff29c8f9c07b239fedaec27dbf4ce49d.param,2.0,0.0,0.0,29.421,34754393.0,5884a1c3d5369fc522d9a6a4dca95c51,,0.0,1.0,300.079,7-45,,,,,,,,,,,,,,,,,,,False
300.0,a2bb37bd1970b7fe11a8b59cb1f3a6f3.param,0.0,0.0,0.0,38.532,1139903203.0,bc73afae6af927cafce8d83fe5edfecb,,0.0,1.0,300.065,7-45,,,,,,,,,,,,,,,,,,,False
300.0,a2bb37bd1970b7fe11a8b59cb1f3a6f3.param,1.0,0.0,0.0,37.421,1139903203.0,bc73afae6af927cafce8d83fe5edfecb,,0.0,1.0,300.068,7-45,,,,,,,,,,,,,,,,,,,False
300.0,a2bb37bd1970b7fe11a8b59cb1f3a6f3.param,2.0,0.0,0.0,38.55,1139903203.0,bc73afae6af927cafce8d83fe5edfecb,,0.0,1.0,300.07099999999997,7-45,,,,,,,,,,,,,,,,,,,False
300.0,b24ff19d000a151b6659a6c65e6c35c6.param,0.0,0.0,0.0,40.411,590654055.0,d18df203fae11f912898ce501135a8f4,,0.0,1.0,300.068,7-45,,,,,,,,,,,,,,,,,,,False
300.0,b24ff19d000a151b6659a6c65e6c35c6.param,1.0,0.0,0.0,38.108000000000004,590654055.0,d18df203fae11f912898ce501135a8f4,,0.0,1.0,300.084,7-45,,,,,,,,,,,,,,,,,,,False
300.0,b24ff19d000a151b6659a6c65e6c35c6.param,2.0,0.0,0.0,37.174,590654055.0,d18df203fae11f912898ce501135a8f4,,0.0,1.0,300.075,7-45,,,,,,,,,,,,,,,,,,,False
300.0,964d1ae550e8b1567ec8e3803e14c5da.param,0.0,0.0,0.0,37.696,693280077.0,0e51485963b60b9db59ec054ee59f34b,,0.0,1.0,300.061,7-45,,,,,,,,,,,,,,,,,,,False
300.0,964d1ae550e8b1567ec8e3803e14c5da.param,1.0,0.0,0.0,35.43,693280077.0,0e51485963b60b9db59ec054ee59f34b,,0.0,1.0,300.067,7-45,,,,,,,,,,,,,,,,,,,False
300.0,964d1ae550e8b1567ec8e3803e14c5da.param,2.0,0.0,0.0,37.876,693280077.0,0e51485963b60b9db59ec054ee59f34b,,0.0,1.0,300.067,7-45,,,,,,,,,,,,,,,,,,,False
300.0,f96e501784f98c21890b02a2712e89bd.param,0.0,0.0,0.0,48.18600000000001,590654055.0,b3467181189a2d68b0733004c5c9c861,,0.0,1.0,300.077,7-45,,,,,,,,,,,,,,,,,,,False
300.0,f96e501784f98c21890b02a2712e89bd.param,1.0,0.0,0.0,46.118,590654055.0,b3467181189a2d68b0733004c5c9c861,,0.0,1.0,300.101,7-45,,,,,,,,,,,,,,,,,,,False
300.0,f96e501784f98c21890b02a2712e89bd.param,2.0,0.0,0.0,45.986999999999995,590654055.0,b3467181189a2d68b0733004c5c9c861,,0.0,1.0,300.084,7-45,,,,,,,,,,,,,,,,,,,False
300.0,f8df5f5150968e8beed02c87bc2ab666.param,0.0,0.0,0.0,55.582,1258716603.0,b8c7597d5d314ec54addc1fd41d25a0e,,0.0,1.0,300.07099999999997,7-45,,,,,,,,,,,,,,,,,,,False
300.0,f8df5f5150968e8beed02c87bc2ab666.param,1.0,0.0,0.0,55.283,1258716603.0,b8c7597d5d314ec54addc1fd41d25a0e,,0.0,1.0,300.072,7-45,,,,,,,,,,,,,,,,,,,False
300.0,f8df5f5150968e8beed02c87bc2ab666.param,2.0,0.0,0.0,54.49100000000001,1258716603.0,b8c7597d5d314ec54addc1fd41d25a0e,,0.0,1.0,300.08799999999997,7-45,,,,,,,,,,,,,,,,,,,False
300.0,3c59340fb353a585970ae15583e52dc2.param,0.0,0.0,0.0,64.729,1923385776.0,e3d77e113e73f5e245c9531dcd667e88,,0.0,1.0,300.074,7-45,,,,,,,,,,,,,,,,,,,False
300.0,3c59340fb353a585970ae15583e52dc2.param,1.0,0.0,0.0,63.782,1923385776.0,e3d77e113e73f5e245c9531dcd667e88,,0.0,1.0,300.08,7-45,,,,,,,,,,,,,,,,,,,False
300.0,3c59340fb353a585970ae15583e52dc2.param,2.0,0.0,0.0,63.166000000000004,1923385776.0,e3d77e113e73f5e245c9531dcd667e88,,0.0,1.0,300.084,7-45,,,,,,,,,,,,,,,,,,,False
300.0,5c79d1d9a7223b0aa7f24b9abb13ee2f.param,0.0,0.0,0.0,71.115,1923385776.0,39b6439d902b6e5cc85136eb88d32b20,,0.0,1.0,300.077,7-45,,,,,,,,,,,,,,,,,,,False
300.0,5c79d1d9a7223b0aa7f24b9abb13ee2f.param,1.0,0.0,0.0,71.53,1923385776.0,39b6439d902b6e5cc85136eb88d32b20,,0.0,1.0,300.08099999999996,7-45,,,,,,,,,,,,,,,,,,,False
300.0,5c79d1d9a7223b0aa7f24b9abb13ee2f.param,2.0,0.0,0.0,72.976,1923385776.0,39b6439d902b6e5cc85136eb88d32b20,,0.0,1.0,300.07099999999997,7-45,,,,,,,,,,,,,,,,,,,False
300.0,6074526f967671a9c7cc808bdb4dbadb.param,0.0,0.0,0.0,76.542,1470727592.0,c7f614bf21541d155f2679e84150df85,,0.0,1.0,300.084,7-45,,,,,,,,,,,,,,,,,,,False
300.0,6074526f967671a9c7cc808bdb4dbadb.param,1.0,0.0,0.0,71.378,1470727592.0,c7f614bf21541d155f2679e84150df85,,0.0,1.0,300.084,7-45,,,,,,,,,,,,,,,,,,,False
300.0,6074526f967671a9c7cc808bdb4dbadb.param,2.0,0.0,0.0,71.217,1470727592.0,c7f614bf21541d155f2679e84150df85,,0.0,1.0,300.077,7-45,,,,,,,,,,,,,,,,,,,False
300.0,0faee3ca8e450721dd5b73cb48656439.param,0.0,0.0,0.0,98.973,221638566.0,17295ac82259e4a27fffcfa7f7f65338,,0.0,1.0,300.103,7-45,,,,,,,,,,,,,,,,,,,False
300.0,0faee3ca8e450721dd5b73cb48656439.param,1.0,0.0,0.0,103.711,221638566.0,17295ac82259e4a27fffcfa7f7f65338,,0.0,1.0,300.10900000000004,7-45,,,,,,,,,,,,,,,,,,,False
300.0,0faee3ca8e450721dd5b73cb48656439.param,2.0,0.0,0.0,96.74799999999999,221638566.0,17295ac82259e4a27fffcfa7f7f65338,,0.0,1.0,300.1,7-45,,,,,,,,,,,,,,,,,,,False
300.0,82716a7451af0bb025940cb2be8712d2.param,0.0,0.0,0.0,13.42,1802391418.0,0915e7c15273f0556be3548778926fcb,,0.0,1.0,300.052,7-45,,,,,,,,,,,,,,,,,,,False
300.0,82716a7451af0bb025940cb2be8712d2.param,1.0,0.0,0.0,13.255999999999998,1802391418.0,0915e7c15273f0556be3548778926fcb,,0.0,1.0,300.048,7-45,,,,,,,,,,,,,,,,,,,False
300.0,82716a7451af0bb025940cb2be8712d2.param,2.0,0.0,0.0,14.181,1802391418.0,0915e7c15273f0556be3548778926fcb,,0.0,1.0,300.048,7-45,,,,,,,,,,,,,,,,,,,False
300.0,9038037b7d7e09779716658ee51f043a.param,0.0,0.0,0.0,34.722,1470727592.0,6c5e507040f7d32ed2900065168cf603,,0.0,1.0,300.063,7-45,,,,,,,,,,,,,,,,,,,False
300.0,9038037b7d7e09779716658ee51f043a.param,1.0,0.0,0.0,36.695,1470727592.0,6c5e507040f7d32ed2900065168cf603,,0.0,1.0,300.059,7-45,,,,,,,,,,,,,,,,,,,False
300.0,9038037b7d7e09779716658ee51f043a.param,2.0,0.0,0.0,34.79,1470727592.0,6c5e507040f7d32ed2900065168cf603,,0.0,1.0,300.066,7-45,,,,,,,,,,,,,,,,,,,False
300.0,8e69ece5afd42db3ce1e7ed475eaaf08.param,0.0,0.0,0.0,32.477,1979567522.0,c101aef07c6393eabec307369471242c,,0.0,1.0,300.078,7-45,,,,,,,,,,,,,,,,,,,False
300.0,8e69ece5afd42db3ce1e7ed475eaaf08.param,1.0,0.0,0.0,33.338,1979567522.0,c101aef07c6393eabec307369471242c,,0.0,1.0,300.064,7-45,,,,,,,,,,,,,,,,,,,False
300.0,8e69ece5afd42db3ce1e7ed475eaaf08.param,2.0,0.0,0.0,32.955,1979567522.0,c101aef07c6393eabec307369471242c,,0.0,1.0,300.074,7-45,,,,,,,,,,,,,,,,,,,False
300.0,9f516f1949bb094c061b924b07b9239e.param,0.0,0.0,0.0,26.462,1234135464.0,5d3b7de1cd805988a96553bb24718cfb,,0.0,1.0,300.057,7-45,,,,,,,,,,,,,,,,,,,False
300.0,9f516f1949bb094c061b924b07b9239e.param,1.0,0.0,0.0,25.213,1234135464.0,5d3b7de1cd805988a96553bb24718cfb,,0.0,1.0,300.063,7-45,,,,,,,,,,,,,,,,,,,False
300.0,9f516f1949bb094c061b924b07b9239e.param,2.0,0.0,0.0,25.285999999999998,1234135464.0,5d3b7de1cd805988a96553bb24718cfb,,0.0,1.0,300.07,7-45,,,,,,,,,,,,,,,,,,,False
300.0,a37d28d43d69aa0103e8f6c03a25328d.param,0.0,0.0,0.0,10.659,1057470620.0,2235033cbecc21cda0163a44dad9f6bc,,0.0,1.0,300.058,7-45,,,,,,,,,,,,,,,,,,,False
300.0,a37d28d43d69aa0103e8f6c03a25328d.param,1.0,0.0,0.0,10.605,1057470620.0,2235033cbecc21cda0163a44dad9f6bc,,0.0,1.0,300.059,7-45,,,,,,,,,,,,,,,,,,,False
300.0,a37d28d43d69aa0103e8f6c03a25328d.param,2.0,0.0,0.0,10.031,1057470620.0,2235033cbecc21cda0163a44dad9f6bc,,0.0,1.0,300.058,7-45,,,,,,,,,,,,,,,,,,,False
300.0,a38985b17ca7f54344b29181a8584654.param,0.0,0.0,0.0,44.917,221638566.0,084431710c6eb8b39c58e1f8cf1d9134,,0.0,1.0,300.077,7-45,,,,,,,,,,,,,,,,,,,False
300.0,a38985b17ca7f54344b29181a8584654.param,1.0,0.0,0.0,39.864000000000004,221638566.0,084431710c6eb8b39c58e1f8cf1d9134,,0.0,1.0,300.082,7-45,,,,,,,,,,,,,,,,,,,False
300.0,a38985b17ca7f54344b29181a8584654.param,2.0,0.0,0.0,40.239000000000004,221638566.0,084431710c6eb8b39c58e1f8cf1d9134,,0.0,1.0,300.08099999999996,7-45,,,,,,,,,,,,,,,,,,,False
300.0,bebd2cfe5e0562ebe11dc365507fd898.param,0.0,0.0,0.0,33.599000000000004,372553220.0,f153e0e2582a3ad5b1ba81969161701a,,0.0,1.0,300.064,7-45,,,,,,,,,,,,,,,,,,,False
300.0,bebd2cfe5e0562ebe11dc365507fd898.param,1.0,0.0,0.0,31.586,372553220.0,f153e0e2582a3ad5b1ba81969161701a,,0.0,1.0,300.056,7-45,,,,,,,,,,,,,,,,,,,False
300.0,bebd2cfe5e0562ebe11dc365507fd898.param,2.0,0.0,0.0,33.306,372553220.0,f153e0e2582a3ad5b1ba81969161701a,,0.0,1.0,300.066,7-45,,,,,,,,,,,,,,,,,,,False
300.0,d0799a9d39f0850315a55b0ab4917638.param,0.0,0.0,0.0,44.236000000000004,1918631718.0,c3cfa4abde2d6ed7c116826b69e62342,,0.0,1.0,300.082,7-45,,,,,,,,,,,,,,,,,,,False
300.0,d0799a9d39f0850315a55b0ab4917638.param,1.0,0.0,0.0,44.306000000000004,1918631718.0,c3cfa4abde2d6ed7c116826b69e62342,,0.0,1.0,300.089,7-45,,,,,,,,,,,,,,,,,,,False
300.0,d0799a9d39f0850315a55b0ab4917638.param,2.0,0.0,0.0,47.917,1918631718.0,c3cfa4abde2d6ed7c116826b69e62342,,0.0,1.0,300.082,7-45,,,,,,,,,,,,,,,,,,,False
300.0,9d8011d62fbdace0c9682b0a56eb9c1a.param,0.0,0.0,0.0,15.616,475179535.0,728b0ff8f16580a7f5fa8ca66e1fad52,,0.0,1.0,300.052,7-45,,,,,,,,,,,,,,,,,,,False
300.0,9d8011d62fbdace0c9682b0a56eb9c1a.param,1.0,0.0,0.0,16.067999999999998,475179535.0,728b0ff8f16580a7f5fa8ca66e1fad52,,0.0,1.0,300.057,7-45,,,,,,,,,,,,,,,,,,,False
300.0,9d8011d62fbdace0c9682b0a56eb9c1a.param,2.0,0.0,0.0,15.734000000000002,475179535.0,728b0ff8f16580a7f5fa8ca66e1fad52,,0.0,1.0,300.061,7-45,,,,,,,,,,,,,,,,,,,False
300.0,8918e76cfcec0657c7d7950a1794604c.param,0.0,0.0,0.0,40.701,34754393.0,376f0e5b9907cbaf35398c72a9305600,,0.0,1.0,300.065,7-45,,,,,,,,,,,,,,,,,,,False
300.0,8918e76cfcec0657c7d7950a1794604c.param,1.0,0.0,0.0,37.497,34754393.0,376f0e5b9907cbaf35398c72a9305600,,0.0,1.0,300.063,7-45,,,,,,,,,,,,,,,,,,,False
300.0,8918e76cfcec0657c7d7950a1794604c.param,2.0,0.0,0.0,37.152,34754393.0,376f0e5b9907cbaf35398c72a9305600,,0.0,1.0,300.07599999999996,7-45,,,,,,,,,,,,,,,,,,,False
300.0,5a074a62937cbcb2e921ae7f17a0123b.param,0.0,0.0,0.0,72.115,2028359165.0,079c82489fc062929d34c7e2a44e0f56,,0.0,1.0,300.095,7-45,,,,,,,,,,,,,,,,,,,False
300.0,5a074a62937cbcb2e921ae7f17a0123b.param,1.0,0.0,0.0,70.757,2028359165.0,079c82489fc062929d34c7e2a44e0f56,,0.0,1.0,300.086,7-45,,,,,,,,,,,,,,,,,,,False
300.0,5a074a62937cbcb2e921ae7f17a0123b.param,2.0,0.0,0.0,75.265,2028359165.0,079c82489fc062929d34c7e2a44e0f56,,0.0,1.0,300.09,7-45,,,,,,,,,,,,,,,,,,,False
300.0,c0ddd6d536dd36939b31e12d969323ca.param,0.0,0.0,0.0,14.780999999999999,1405409883.0,551447bd7f37d57e2e0ebf68c79f4656,,0.0,1.0,300.057,7-45,,,,,,,,,,,,,,,,,,,False
300.0,c0ddd6d536dd36939b31e12d969323ca.param,1.0,0.0,0.0,14.755,1405409883.0,551447bd7f37d57e2e0ebf68c79f4656,,0.0,1.0,300.059,7-45,,,,,,,,,,,,,,,,,,,False
300.0,c0ddd6d536dd36939b31e12d969323ca.param,2.0,0.0,0.0,15.780999999999999,1405409883.0,551447bd7f37d57e2e0ebf68c79f4656,,0.0,1.0,300.061,7-45,,,,,,,,,,,,,,,,,,,False
300.0,928666ecc0a7811fd6c441352737063c.param,0.0,0.0,0.0,87.01700000000001,823094821.0,dbc45d67623e4b10c54aeab18b76400b,,0.0,1.0,300.113,7-45,,,,,,,,,,,,,,,,,,,False
300.0,928666ecc0a7811fd6c441352737063c.param,1.0,0.0,0.0,83.867,823094821.0,dbc45d67623e4b10c54aeab18b76400b,,0.0,1.0,300.091,7-45,,,,,,,,,,,,,,,,,,,False
300.0,928666ecc0a7811fd6c441352737063c.param,2.0,0.0,0.0,89.902,823094821.0,dbc45d67623e4b10c54aeab18b76400b,,0.0,1.0,300.097,7-45,,,,,,,,,,,,,,,,,,,False
300.0,55af68f15fe32e43da610c5d90806a4a.param,0.0,0.0,0.0,72.51,862094683.0,0338298686bf492646e11f14615c64dd,,0.0,1.0,300.125,7-45,,,,,,,,,,,,,,,,,,,False
300.0,55af68f15fe32e43da610c5d90806a4a.param,1.0,0.0,0.0,66.765,862094683.0,0338298686bf492646e11f14615c64dd,,0.0,1.0,300.08299999999997,7-45,,,,,,,,,,,,,,,,,,,False
300.0,55af68f15fe32e43da610c5d90806a4a.param,2.0,0.0,0.0,72.792,862094683.0,0338298686bf492646e11f14615c64dd,,0.0,1.0,300.101,7-45,,,,,,,,,,,,,,,,,,,False
300.0,86aef175e49750375aaf5bf4f54ac0c2.param,0.0,0.0,0.0,72.702,95956545.0,3b33aebfab731769f2aae868884821a0,,0.0,1.0,300.10200000000003,7-45,,,,,,,,,,,,,,,,,,,False
300.0,86aef175e49750375aaf5bf4f54ac0c2.param,1.0,0.0,0.0,69.703,95956545.0,3b33aebfab731769f2aae868884821a0,,0.0,1.0,300.095,7-45,,,,,,,,,,,,,,,,,,,False
300.0,86aef175e49750375aaf5bf4f54ac0c2.param,2.0,0.0,0.0,69.434,95956545.0,3b33aebfab731769f2aae868884821a0,,0.0,1.0,300.1,7-45,,,,,,,,,,,,,,,,,,,False
300.0,f607d46ec11afe04a6635e1e747bca97.param,0.0,0.0,0.0,7.388999999999999,823094821.0,50fc38ad1f56ac311e074a2d05e9634c,,0.0,1.0,300.056,7-45,,,,,,,,,,,,,,,,,,,False
300.0,f607d46ec11afe04a6635e1e747bca97.param,1.0,0.0,0.0,7.2010000000000005,823094821.0,50fc38ad1f56ac311e074a2d05e9634c,,0.0,1.0,300.062,7-45,,,,,,,,,,,,,,,,,,,False
300.0,f607d46ec11afe04a6635e1e747bca97.param,2.0,0.0,0.0,7.096,823094821.0,50fc38ad1f56ac311e074a2d05e9634c,,0.0,1.0,300.059,7-45,,,,,,,,,,,,,,,,,,,False
300.0,a6ff37b0cef2bdd5134de774a2ccfcdd.param,0.0,0.0,0.0,6.8260000000000005,1571287961.0,e665e5d701c40d7213e4f99b566c3a29,,0.0,1.0,300.053,7-45,,,,,,,,,,,,,,,,,,,False
300.0,a6ff37b0cef2bdd5134de774a2ccfcdd.param,1.0,0.0,0.0,7.242999999999999,1571287961.0,e665e5d701c40d7213e4f99b566c3a29,,0.0,1.0,300.05400000000003,7-45,,,,,,,,,,,,,,,,,,,False
300.0,a6ff37b0cef2bdd5134de774a2ccfcdd.param,2.0,0.0,0.0,6.952000000000001,1571287961.0,e665e5d701c40d7213e4f99b566c3a29,,0.0,1.0,300.056,7-45,,,,,,,,,,,,,,,,,,,False
300.0,3d9e7b6df6df75811f47376afe3f163c.param,0.0,0.0,0.0,18.084,1918631718.0,17bc9be64b7d2f64c0494b4c56fbfa27,,0.0,1.0,300.065,7-45,,,,,,,,,,,,,,,,,,,False
300.0,3d9e7b6df6df75811f47376afe3f163c.param,1.0,0.0,0.0,18.301,1918631718.0,17bc9be64b7d2f64c0494b4c56fbfa27,,0.0,1.0,300.061,7-45,,,,,,,,,,,,,,,,,,,False
300.0,3d9e7b6df6df75811f47376afe3f163c.param,2.0,0.0,0.0,17.987000000000002,1918631718.0,17bc9be64b7d2f64c0494b4c56fbfa27,,0.0,1.0,300.057,7-45,,,,,,,,,,,,,,,,,,,False
300.0,b366bbc99f4b12f6958260432db8f433.param,0.0,0.0,0.0,48.978,600810857.0,a72132916457045de624b07888e530c2,,0.0,1.0,300.10400000000004,7-45,,,,,,,,,,,,,,,,,,,False
300.0,b366bbc99f4b12f6958260432db8f433.param,1.0,0.0,0.0,44.895,600810857.0,a72132916457045de624b07888e530c2,,0.0,1.0,300.084,7-45,,,,,,,,,,,,,,,,,,,False
300.0,b366bbc99f4b12f6958260432db8f433.param,2.0,0.0,0.0,44.873999999999995,600810857.0,a72132916457045de624b07888e530c2,,0.0,1.0,300.086,7-45,,,,,,,,,,,,,,,,,,,False
300.0,5aa281057d97f045673ea5f22f4a03c2.param,0.0,0.0,0.0,11.482999999999999,2050821110.0,ded98c4909e7746d786252d34086077a,,0.0,1.0,300.053,7-45,,,,,,,,,,,,,,,,,,,False
300.0,5aa281057d97f045673ea5f22f4a03c2.param,1.0,0.0,0.0,11.965,2050821110.0,ded98c4909e7746d786252d34086077a,,0.0,1.0,300.052,7-45,,,,,,,,,,,,,,,,,,,False
300.0,5aa281057d97f045673ea5f22f4a03c2.param,2.0,0.0,0.0,12.49,2050821110.0,ded98c4909e7746d786252d34086077a,,0.0,1.0,300.05400000000003,7-45,,,,,,,,,,,,,,,,,,,False
300.0,099cc4db78f534b541e03b3d21476677.param,0.0,0.0,0.0,10.538,693280077.0,0296d739ca2e8675cd74eff1c197df5a,,0.0,1.0,300.056,7-45,,,,,,,,,,,,,,,,,,,False
300.0,099cc4db78f534b541e03b3d21476677.param,1.0,0.0,0.0,10.790999999999999,693280077.0,0296d739ca2e8675cd74eff1c197df5a,,0.0,1.0,300.056,7-45,,,,,,,,,,,,,,,,,,,False
300.0,099cc4db78f534b541e03b3d21476677.param,2.0,0.0,0.0,10.422,693280077.0,0296d739ca2e8675cd74eff1c197df5a,,0.0,1.0,300.06,7-45,,,,,,,,,,,,,,,,,,,False
300.0,85c2d2f2fd6238e8bf0bbcfd97821631.param,0.0,0.0,0.0,50.261,1979567522.0,2db7c5db5eadb4b105ec8c24b6a7ab5e,,0.0,1.0,300.089,7-45,,,,,,,,,,,,,,,,,,,False
300.0,85c2d2f2fd6238e8bf0bbcfd97821631.param,1.0,0.0,0.0,52.091,1979567522.0,2db7c5db5eadb4b105ec8c24b6a7ab5e,,0.0,1.0,300.086,7-45,,,,,,,,,,,,,,,,,,,False
300.0,85c2d2f2fd6238e8bf0bbcfd97821631.param,2.0,0.0,0.0,47.083999999999996,1979567522.0,2db7c5db5eadb4b105ec8c24b6a7ab5e,,0.0,1.0,300.08799999999997,7-45,,,,,,,,,,,,,,,,,,,False
300.0,f6a9922fc219371dd62d3d64f513f435.param,0.0,0.0,0.0,33.084,1923385776.0,5e888480e9f2f82384a30cdc45268238,,0.0,1.0,300.064,7-45,,,,,,,,,,,,,,,,,,,False
300.0,f6a9922fc219371dd62d3d64f513f435.param,1.0,0.0,0.0,32.25,1923385776.0,5e888480e9f2f82384a30cdc45268238,,0.0,1.0,300.065,7-45,,,,,,,,,,,,,,,,,,,False
300.0,f6a9922fc219371dd62d3d64f513f435.param,2.0,0.0,0.0,30.83,1923385776.0,5e888480e9f2f82384a30cdc45268238,,0.0,1.0,300.078,7-45,,,,,,,,,,,,,,,,,,,False
300.0,af0a6d4f3f8e41dd411ac993d1c5e5ad.param,0.0,0.0,0.0,18.648,34754393.0,6b0dd0bbb7b7e7c3fd7e24a3434b7fbb,,0.0,1.0,300.059,7-45,,,,,,,,,,,,,,,,,,,False
300.0,af0a6d4f3f8e41dd411ac993d1c5e5ad.param,1.0,0.0,0.0,18.769000000000002,34754393.0,6b0dd0bbb7b7e7c3fd7e24a3434b7fbb,,0.0,1.0,300.061,7-45,,,,,,,,,,,,,,,,,,,False
300.0,af0a6d4f3f8e41dd411ac993d1c5e5ad.param,2.0,0.0,0.0,19.097,34754393.0,6b0dd0bbb7b7e7c3fd7e24a3434b7fbb,,0.0,1.0,300.062,7-45,,,,,,,,,,,,,,,,,,,False
300.0,53a3b10a6d39a1f0633d42a0b8cc93a7.param,0.0,0.0,0.0,14.717,1405409883.0,4a5e61d66b95a858ca8e20f1793e0ffa,,0.0,1.0,300.063,7-45,,,,,,,,,,,,,,,,,,,False
300.0,53a3b10a6d39a1f0633d42a0b8cc93a7.param,1.0,0.0,0.0,14.444,1405409883.0,4a5e61d66b95a858ca8e20f1793e0ffa,,0.0,1.0,300.057,7-45,,,,,,,,,,,,,,,,,,,False
300.0,53a3b10a6d39a1f0633d42a0b8cc93a7.param,2.0,0.0,0.0,15.354000000000001,1405409883.0,4a5e61d66b95a858ca8e20f1793e0ffa,,0.0,1.0,300.059,7-45,,,,,,,,,,,,,,,,,,,False
300.0,5acf53328f53703eb5ee3288a3efea11.param,0.0,0.0,0.0,27.379,590654055.0,303a664e67afc1be3f277c0663443d93,,0.0,1.0,300.067,7-45,,,,,,,,,,,,,,,,,,,False
300.0,5acf53328f53703eb5ee3288a3efea11.param,1.0,0.0,0.0,29.506,590654055.0,303a664e67afc1be3f277c0663443d93,,0.0,1.0,300.07099999999997,7-45,,,,,,,,,,,,,,,,,,,False
300.0,5acf53328f53703eb5ee3288a3efea11.param,2.0,0.0,0.0,28.022,590654055.0,303a664e67afc1be3f277c0663443d93,,0.0,1.0,300.066,7-45,,,,,,,,,,,,,,,,,,,False
300.0,80402835d130022a9820ca0328640cdb.param,0.0,0.0,0.0,27.805999999999997,554543104.0,8f6441b641b9e1c154be4071310dabe1,,0.0,1.0,300.07099999999997,7-45,,,,,,,,,,,,,,,,,,,False
300.0,80402835d130022a9820ca0328640cdb.param,1.0,0.0,0.0,28.487,554543104.0,8f6441b641b9e1c154be4071310dabe1,,0.0,1.0,300.072,7-45,,,,,,,,,,,,,,,,,,,False
300.0,80402835d130022a9820ca0328640cdb.param,2.0,0.0,0.0,29.048000000000002,554543104.0,8f6441b641b9e1c154be4071310dabe1,,0.0,1.0,300.074,7-45,,,,,,,,,,,,,,,,,,,False
300.0,b1fed41c662b810a67f17347ca208a34.param,0.0,0.0,0.0,40.412,1145031130.0,b6afbba35bbd1ffb6ab135c3e5f93b04,,0.0,1.0,300.078,7-45,,,,,,,,,,,,,,,,,,,False
300.0,b1fed41c662b810a67f17347ca208a34.param,1.0,0.0,0.0,41.146,1145031130.0,b6afbba35bbd1ffb6ab135c3e5f93b04,,0.0,1.0,300.092,7-45,,,,,,,,,,,,,,,,,,,False
300.0,b1fed41c662b810a67f17347ca208a34.param,2.0,0.0,0.0,41.04,1145031130.0,b6afbba35bbd1ffb6ab135c3e5f93b04,,0.0,1.0,300.078,7-45,,,,,,,,,,,,,,,,,,,False
300.0,638c867046eca01fa57da212f4a82591.param,0.0,0.0,0.0,26.02,83966730.0,37325f7d96efe4ca66df254139032e2c,,0.0,1.0,300.062,7-45,,,,,,,,,,,,,,,,,,,False
300.0,638c867046eca01fa57da212f4a82591.param,1.0,0.0,0.0,27.779,83966730.0,37325f7d96efe4ca66df254139032e2c,,0.0,1.0,300.064,7-45,,,,,,,,,,,,,,,,,,,False
300.0,638c867046eca01fa57da212f4a82591.param,2.0,0.0,0.0,25.923000000000002,83966730.0,37325f7d96efe4ca66df254139032e2c,,0.0,1.0,300.058,7-45,,,,,,,,,,,,,,,,,,,False
300.0,ea7bd7600bcbe337da419744986a2765.param,0.0,0.0,0.0,63.248000000000005,1057470620.0,91bc19d239d378922bfc834d7c307eb8,,0.0,1.0,300.1,7-45,,,,,,,,,,,,,,,,,,,False
300.0,ea7bd7600bcbe337da419744986a2765.param,1.0,0.0,0.0,66.221,1057470620.0,91bc19d239d378922bfc834d7c307eb8,,0.0,1.0,300.099,7-45,,,,,,,,,,,,,,,,,,,False
300.0,ea7bd7600bcbe337da419744986a2765.param,2.0,0.0,0.0,63.762,1057470620.0,91bc19d239d378922bfc834d7c307eb8,,0.0,1.0,300.094,7-45,,,,,,,,,,,,,,,,,,,False
300.0,d8e0991db153700fc6f942a70d96d0d8.param,0.0,0.0,0.0,10.201,270657042.0,0b45f565291e2e98f3df33faa7a2bbc3,,0.0,1.0,300.062,7-45,,,,,,,,,,,,,,,,,,,False
300.0,d8e0991db153700fc6f942a70d96d0d8.param,1.0,0.0,0.0,10.135,270657042.0,0b45f565291e2e98f3df33faa7a2bbc3,,0.0,1.0,300.061,7-45,,,,,,,,,,,,,,,,,,,False
300.0,d8e0991db153700fc6f942a70d96d0d8.param,2.0,0.0,0.0,10.513,270657042.0,0b45f565291e2e98f3df33faa7a2bbc3,,0.0,1.0,300.064,7-45,,,,,,,,,,,,,,,,,,,False
300.0,96344359b1d56ff7726ed1408e74685f.param,0.0,0.0,0.0,37.967,746355495.0,954b0d319cf50db83f5466a14c047b54,,0.0,1.0,300.067,7-45,,,,,,,,,,,,,,,,,,,False
300.0,96344359b1d56ff7726ed1408e74685f.param,1.0,0.0,0.0,39.393,746355495.0,954b0d319cf50db83f5466a14c047b54,,0.0,1.0,300.078,7-45,,,,,,,,,,,,,,,,,,,False
300.0,96344359b1d56ff7726ed1408e74685f.param,2.0,0.0,0.0,39.524,746355495.0,954b0d319cf50db83f5466a14c047b54,,0.0,1.0,300.074,7-45,,,,,,,,,,,,,,,,,,,False
300.0,da23055718a39734c4c353a6c30d342b.param,0.0,0.0,0.0,45.172,1405409883.0,89fcc2e20298badb09b0a4c612343da5,,0.0,1.0,300.08299999999997,7-45,,,,,,,,,,,,,,,,,,,False
300.0,da23055718a39734c4c353a6c30d342b.param,1.0,0.0,0.0,49.271,1405409883.0,89fcc2e20298badb09b0a4c612343da5,,0.0,1.0,300.08099999999996,7-45,,,,,,,,,,,,,,,,,,,False
300.0,da23055718a39734c4c353a6c30d342b.param,2.0,0.0,0.0,45.332,1405409883.0,89fcc2e20298badb09b0a4c612343da5,,0.0,1.0,300.084,7-45,,,,,,,,,,,,,,,,,,,False
300.0,7b5860221ac4bf880739e34b36b6d1fb.param,0.0,0.0,0.0,48.108999999999995,95956545.0,392ae5608ea3ebeddf8484a44b4f8750,,0.0,1.0,300.07599999999996,7-45,,,,,,,,,,,,,,,,,,,False
300.0,7b5860221ac4bf880739e34b36b6d1fb.param,1.0,0.0,0.0,46.903999999999996,95956545.0,392ae5608ea3ebeddf8484a44b4f8750,,0.0,1.0,300.07599999999996,7-45,,,,,,,,,,,,,,,,,,,False
300.0,7b5860221ac4bf880739e34b36b6d1fb.param,2.0,0.0,0.0,44.251000000000005,95956545.0,392ae5608ea3ebeddf8484a44b4f8750,,0.0,1.0,300.082,7-45,,,,,,,,,,,,,,,,,,,False
300.0,a14c00732fcd60d2f8416079c6315cd5.param,0.0,0.0,0.0,17.904,95956545.0,2d0cf418d28866613256b57c813ae101,,0.0,1.0,300.06,7-45,,,,,,,,,,,,,,,,,,,False
300.0,a14c00732fcd60d2f8416079c6315cd5.param,1.0,0.0,0.0,16.884,95956545.0,2d0cf418d28866613256b57c813ae101,,0.0,1.0,300.057,7-45,,,,,,,,,,,,,,,,,,,False
300.0,a14c00732fcd60d2f8416079c6315cd5.param,2.0,0.0,0.0,16.019000000000002,95956545.0,2d0cf418d28866613256b57c813ae101,,0.0,1.0,300.059,7-45,,,,,,,,,,,,,,,,,,,False
300.0,291d875a60416791f305122ac9d8b34d.param,0.0,0.0,0.0,23.857,1923385776.0,0c260dd59935f80cfe684adfe74e4746,,0.0,1.0,300.064,7-45,,,,,,,,,,,,,,,,,,,False
300.0,291d875a60416791f305122ac9d8b34d.param,1.0,0.0,0.0,25.371,1923385776.0,0c260dd59935f80cfe684adfe74e4746,,0.0,1.0,300.061,7-45,,,,,,,,,,,,,,,,,,,False
300.0,291d875a60416791f305122ac9d8b34d.param,2.0,0.0,0.0,24.413,1923385776.0,0c260dd59935f80cfe684adfe74e4746,,0.0,1.0,300.058,7-45,,,,,,,,,,,,,,,,,,,False
300.0,2c863ef862f94f5be37b35a0e4c17156.param,0.0,0.0,0.0,42.211000000000006,1235388569.0,1f0de604643469dafc50bd45565e094b,,0.0,1.0,300.099,7-45,,,,,,,,,,,,,,,,,,,False
300.0,2c863ef862f94f5be37b35a0e4c17156.param,1.0,0.0,0.0,43.317,1235388569.0,1f0de604643469dafc50bd45565e094b,,0.0,1.0,300.061,7-45,,,,,,,,,,,,,,,,,,,False
300.0,2c863ef862f94f5be37b35a0e4c17156.param,2.0,0.0,0.0,40.166,1235388569.0,1f0de604643469dafc50bd45565e094b,,0.0,1.0,300.063,7-45,,,,,,,,,,,,,,,,,,,False
300.0,e132556b0d38151640e92d05691dbdbe.param,0.0,0.0,0.0,70.372,1918631718.0,5e18043bb965febfe569e77ca5b9bd45,,0.0,1.0,300.099,7-45,,,,,,,,,,,,,,,,,,,False
300.0,e132556b0d38151640e92d05691dbdbe.param,1.0,0.0,0.0,70.999,1918631718.0,5e18043bb965febfe569e77ca5b9bd45,,0.0,1.0,300.093,7-45,,,,,,,,,,,,,,,,,,,False
300.0,e132556b0d38151640e92d05691dbdbe.param,2.0,0.0,0.0,72.505,1918631718.0,5e18043bb965febfe569e77ca5b9bd45,,0.0,1.0,300.087,7-45,,,,,,,,,,,,,,,,,,,False
300.0,e3acebf7a8b1b7baee676b2504100871.param,0.0,0.0,0.0,9.537,600810857.0,b9d7790dd2afd480e3f61b38957a176a,,0.0,1.0,300.06,7-45,,,,,,,,,,,,,,,,,,,False
300.0,e3acebf7a8b1b7baee676b2504100871.param,1.0,0.0,0.0,9.104,600810857.0,b9d7790dd2afd480e3f61b38957a176a,,0.0,1.0,300.056,7-45,,,,,,,,,,,,,,,,,,,False
300.0,e3acebf7a8b1b7baee676b2504100871.param,2.0,0.0,0.0,9.035,600810857.0,b9d7790dd2afd480e3f61b38957a176a,,0.0,1.0,300.057,7-45,,,,,,,,,,,,,,,,,,,False
300.0,7c50c2c12e2aac2541da57a3aad7ca55.param,0.0,0.0,0.0,66.683,182366586.0,3ce742d05fa56d12ec34d8cadf306b5f,,0.0,1.0,300.097,7-45,,,,,,,,,,,,,,,,,,,False
300.0,7c50c2c12e2aac2541da57a3aad7ca55.param,1.0,0.0,0.0,65.786,182366586.0,3ce742d05fa56d12ec34d8cadf306b5f,,0.0,1.0,300.10400000000004,7-45,,,,,,,,,,,,,,,,,,,False
300.0,7c50c2c12e2aac2541da57a3aad7ca55.param,2.0,0.0,0.0,68.5,182366586.0,3ce742d05fa56d12ec34d8cadf306b5f,,0.0,1.0,300.10400000000004,7-45,,,,,,,,,,,,,,,,,,,False
300.0,86d0a459cbac55d6b0ecb8de1373f318.param,0.0,0.0,0.0,44.961000000000006,34754393.0,60427b5dfee9db5b60c5d88c3ec4c21a,,0.0,1.0,300.069,7-45,,,,,,,,,,,,,,,,,,,False
300.0,86d0a459cbac55d6b0ecb8de1373f318.param,1.0,0.0,0.0,45.876999999999995,34754393.0,60427b5dfee9db5b60c5d88c3ec4c21a,,0.0,1.0,300.089,7-45,,,,,,,,,,,,,,,,,,,False
300.0,86d0a459cbac55d6b0ecb8de1373f318.param,2.0,0.0,0.0,48.972,34754393.0,60427b5dfee9db5b60c5d88c3ec4c21a,,0.0,1.0,300.084,7-45,,,,,,,,,,,,,,,,,,,False
300.0,f09afe8bb1fa94a49596406bf88166c9.param,0.0,0.0,0.0,46.062,1918631718.0,818469f4ea17673f43f4c31184795410,,0.0,1.0,300.07599999999996,7-45,,,,,,,,,,,,,,,,,,,False
300.0,f09afe8bb1fa94a49596406bf88166c9.param,1.0,0.0,0.0,50.14,1918631718.0,818469f4ea17673f43f4c31184795410,,0.0,1.0,300.091,7-45,,,,,,,,,,,,,,,,,,,False
300.0,f09afe8bb1fa94a49596406bf88166c9.param,2.0,0.0,0.0,44.07899999999999,1918631718.0,818469f4ea17673f43f4c31184795410,,0.0,1.0,300.087,7-45,,,,,,,,,,,,,,,,,,,False
300.0,3516b948e6368c1e04e766cb3dbf658f.param,0.0,0.0,0.0,92.01700000000001,1235388569.0,28eb480bf2cf8ed3445a1f2eebe4fa0d,,0.0,1.0,300.131,7-45,,,,,,,,,,,,,,,,,,,False
300.0,3516b948e6368c1e04e766cb3dbf658f.param,1.0,0.0,0.0,92.758,1235388569.0,28eb480bf2cf8ed3445a1f2eebe4fa0d,,0.0,1.0,300.116,7-45,,,,,,,,,,,,,,,,,,,False
300.0,3516b948e6368c1e04e766cb3dbf658f.param,2.0,0.0,0.0,92.838,1235388569.0,28eb480bf2cf8ed3445a1f2eebe4fa0d,,0.0,1.0,300.127,7-45,,,,,,,,,,,,,,,,,,,False
300.0,5f169f8946c848c062a4dd468eb064c1.param,0.0,0.0,0.0,70.03699999999999,2136253402.0,0b8568609ced78457004bab701ba37b9,,0.0,1.0,300.099,7-45,,,,,,,,,,,,,,,,,,,False
300.0,5f169f8946c848c062a4dd468eb064c1.param,1.0,0.0,0.0,70.17,2136253402.0,0b8568609ced78457004bab701ba37b9,,0.0,1.0,300.101,7-45,,,,,,,,,,,,,,,,,,,False
300.0,5f169f8946c848c062a4dd468eb064c1.param,2.0,0.0,0.0,74.983,2136253402.0,0b8568609ced78457004bab701ba37b9,,0.0,1.0,300.112,7-45,,,,,,,,,,,,,,,,,,,False
300.0,2cf01039b19cea84eef8c942aea32605.param,0.0,0.0,0.0,77.619,1057470620.0,8fad07f4ff23b2c911f728a688c4adbd,,0.0,1.0,300.103,7-45,,,,,,,,,,,,,,,,,,,False
300.0,2cf01039b19cea84eef8c942aea32605.param,1.0,0.0,0.0,75.529,1057470620.0,8fad07f4ff23b2c911f728a688c4adbd,,0.0,1.0,300.105,7-45,,,,,,,,,,,,,,,,,,,False
300.0,2cf01039b19cea84eef8c942aea32605.param,2.0,0.0,0.0,70.84899999999999,1057470620.0,8fad07f4ff23b2c911f728a688c4adbd,,0.0,1.0,300.097,7-45,,,,,,,,,,,,,,,,,,,False
300.0,ceb1794b37ee7a46798c6a75e6be96ab.param,0.0,0.0,0.0,18.523,590654055.0,f7f9e81ea8a14c0d764e136b8a63cc33,,0.0,1.0,300.073,7-45,,,,,,,,,,,,,,,,,,,False
300.0,ceb1794b37ee7a46798c6a75e6be96ab.param,1.0,0.0,0.0,18.497,590654055.0,f7f9e81ea8a14c0d764e136b8a63cc33,,0.0,1.0,300.062,7-45,,,,,,,,,,,,,,,,,,,False
300.0,ceb1794b37ee7a46798c6a75e6be96ab.param,2.0,0.0,0.0,17.379,590654055.0,f7f9e81ea8a14c0d764e136b8a63cc33,,0.0,1.0,300.059,7-45,,,,,,,,,,,,,,,,,,,False
300.0,bb83bd2588db308f9da59945e9f53761.param,0.0,0.0,0.0,35.348,823094821.0,4a95a1968fd2ef30a46acf130cf18c27,,0.0,1.0,300.07099999999997,7-45,,,,,,,,,,,,,,,,,,,False
300.0,bb83bd2588db308f9da59945e9f53761.param,1.0,0.0,0.0,34.717,823094821.0,4a95a1968fd2ef30a46acf130cf18c27,,0.0,1.0,300.068,7-45,,,,,,,,,,,,,,,,,,,False
300.0,bb83bd2588db308f9da59945e9f53761.param,2.0,0.0,0.0,34.385,823094821.0,4a95a1968fd2ef30a46acf130cf18c27,,0.0,1.0,300.075,7-45,,,,,,,,,,,,,,,,,,,False
300.0,92f07d9616904178c202cd6d7e0ae97d.param,0.0,0.0,0.0,27.182,1098776393.0,6c2a1ba31b1c7211a48e43f9914d6173,,0.0,1.0,300.074,7-45,,,,,,,,,,,,,,,,,,,False
300.0,92f07d9616904178c202cd6d7e0ae97d.param,1.0,0.0,0.0,27.331999999999997,1098776393.0,6c2a1ba31b1c7211a48e43f9914d6173,,0.0,1.0,300.07,7-45,,,,,,,,,,,,,,,,,,,False
300.0,92f07d9616904178c202cd6d7e0ae97d.param,2.0,0.0,0.0,27.853,1098776393.0,6c2a1ba31b1c7211a48e43f9914d6173,,0.0,1.0,300.063,7-45,,,,,,,,,,,,,,,,,,,False
300.0,61f5f3058b749cd913e33ba1bf9fcead.param,0.0,0.0,0.0,5.327999999999999,693280077.0,e10ccad64e584ca7caf76a6004705a23,,0.0,1.0,300.053,7-45,,,,,,,,,,,,,,,,,,,False
300.0,61f5f3058b749cd913e33ba1bf9fcead.param,1.0,0.0,0.0,5.442,693280077.0,e10ccad64e584ca7caf76a6004705a23,,0.0,1.0,300.05,7-45,,,,,,,,,,,,,,,,,,,False
300.0,61f5f3058b749cd913e33ba1bf9fcead.param,2.0,0.0,0.0,5.202000000000001,693280077.0,e10ccad64e584ca7caf76a6004705a23,,0.0,1.0,300.055,7-45,,,,,,,,,,,,,,,,,,,False
300.0,ea9e2588afe4504c0be19561db25ccfd.param,0.0,0.0,0.0,36.703,2050821110.0,41878da61686e450d0ebfd2e2c2031c7,,0.0,1.0,300.073,7-45,,,,,,,,,,,,,,,,,,,False
300.0,ea9e2588afe4504c0be19561db25ccfd.param,1.0,0.0,0.0,35.044000000000004,2050821110.0,41878da61686e450d0ebfd2e2c2031c7,,0.0,1.0,300.061,7-45,,,,,,,,,,,,,,,,,,,False
300.0,ea9e2588afe4504c0be19561db25ccfd.param,2.0,0.0,0.0,33.852,2050821110.0,41878da61686e450d0ebfd2e2c2031c7,,0.0,1.0,300.061,7-45,,,,,,,,,,,,,,,,,,,False
300.0,a78197c32b5c06c92ee4f6e438ee3962.param,0.0,0.0,0.0,68.038,506016928.0,2d9f3a9cd204dc87a5076ed3bbe0568f,,0.0,1.0,300.11,7-45,,,,,,,,,,,,,,,,,,,False
300.0,a78197c32b5c06c92ee4f6e438ee3962.param,1.0,0.0,0.0,70.32600000000001,506016928.0,2d9f3a9cd204dc87a5076ed3bbe0568f,,0.0,1.0,300.113,7-45,,,,,,,,,,,,,,,,,,,False
300.0,a78197c32b5c06c92ee4f6e438ee3962.param,2.0,0.0,0.0,70.197,506016928.0,2d9f3a9cd204dc87a5076ed3bbe0568f,,0.0,1.0,300.10900000000004,7-45,,,,,,,,,,,,,,,,,,,False
300.0,73a51090daaf16aa8d614ff285bfb6e4.param,0.0,0.0,0.0,72.274,221638566.0,2d877b599b79340777818732daf1c4d3,,0.0,1.0,300.093,7-45,,,,,,,,,,,,,,,,,,,False
300.0,73a51090daaf16aa8d614ff285bfb6e4.param,1.0,0.0,0.0,77.781,221638566.0,2d877b599b79340777818732daf1c4d3,,0.0,1.0,300.092,7-45,,,,,,,,,,,,,,,,,,,False
300.0,73a51090daaf16aa8d614ff285bfb6e4.param,2.0,0.0,0.0,71.13600000000001,221638566.0,2d877b599b79340777818732daf1c4d3,,0.0,1.0,300.078,7-45,,,,,,,,,,,,,,,,,,,False
300.0,8fafcc4984fc93de8a9182509b2a0a65.param,0.0,0.0,0.0,65.372,1057470620.0,c704321183c55243ad4002ee3c2d78eb,,0.0,1.0,300.08299999999997,7-45,,,,,,,,,,,,,,,,,,,False
300.0,8fafcc4984fc93de8a9182509b2a0a65.param,1.0,0.0,0.0,66.908,1057470620.0,c704321183c55243ad4002ee3c2d78eb,,0.0,1.0,300.096,7-45,,,,,,,,,,,,,,,,,,,False
300.0,8fafcc4984fc93de8a9182509b2a0a65.param,2.0,0.0,0.0,67.39,1057470620.0,c704321183c55243ad4002ee3c2d78eb,,0.0,1.0,300.097,7-45,,,,,,,,,,,,,,,,,,,False
300.0,ffb2d731edec22edde6bc403f6c68136.param,0.0,0.0,0.0,32.656,1470727592.0,84c8b99ed8c64bbfbc92ec7316a80732,,0.0,1.0,300.061,7-45,,,,,,,,,,,,,,,,,,,False
300.0,ffb2d731edec22edde6bc403f6c68136.param,1.0,0.0,0.0,32.245,1470727592.0,84c8b99ed8c64bbfbc92ec7316a80732,,0.0,1.0,300.059,7-45,,,,,,,,,,,,,,,,,,,False
300.0,ffb2d731edec22edde6bc403f6c68136.param,2.0,0.0,0.0,34.309,1470727592.0,84c8b99ed8c64bbfbc92ec7316a80732,,0.0,1.0,300.065,7-45,,,,,,,,,,,,,,,,,,,False
300.0,21ba7bf1bed51e1d4137a5d2b4095413.param,0.0,0.0,0.0,48.925,753387864.0,c5e6b010101238e8e8dcfae271dfd86c,,0.0,1.0,300.07099999999997,7-45,,,,,,,,,,,,,,,,,,,False
300.0,21ba7bf1bed51e1d4137a5d2b4095413.param,1.0,0.0,0.0,44.733000000000004,753387864.0,c5e6b010101238e8e8dcfae271dfd86c,,0.0,1.0,300.068,7-45,,,,,,,,,,,,,,,,,,,False
300.0,21ba7bf1bed51e1d4137a5d2b4095413.param,2.0,0.0,0.0,47.73,753387864.0,c5e6b010101238e8e8dcfae271dfd86c,,0.0,1.0,300.074,7-45,,,,,,,,,,,,,,,,,,,False
300.0,c0cc3cb80752c8cae8a567aa7598d4aa.param,0.0,0.0,0.0,49.415,506016928.0,81a5364c64c284317d8097dc24ccbfe6,,0.0,1.0,300.091,7-45,,,,,,,,,,,,,,,,,,,False
300.0,c0cc3cb80752c8cae8a567aa7598d4aa.param,1.0,0.0,0.0,50.61,506016928.0,81a5364c64c284317d8097dc24ccbfe6,,0.0,1.0,300.084,7-45,,,,,,,,,,,,,,,,,,,False
300.0,c0cc3cb80752c8cae8a567aa7598d4aa.param,2.0,0.0,0.0,48.358999999999995,506016928.0,81a5364c64c284317d8097dc24ccbfe6,,0.0,1.0,300.084,7-45,,,,,,,,,,,,,,,,,,,False
300.0,ba4c3b35debdf0cbd1cf9beea46e68ac.param,0.0,0.0,0.0,15.431,1083416308.0,2e5c6b61c441605b44370d9d4d367a63,,0.0,1.0,300.057,7-45,,,,,,,,,,,,,,,,,,,False
300.0,ba4c3b35debdf0cbd1cf9beea46e68ac.param,1.0,0.0,0.0,16.018,1083416308.0,2e5c6b61c441605b44370d9d4d367a63,,0.0,1.0,300.058,7-45,,,,,,,,,,,,,,,,,,,False
300.0,ba4c3b35debdf0cbd1cf9beea46e68ac.param,2.0,0.0,0.0,15.850999999999999,1083416308.0,2e5c6b61c441605b44370d9d4d367a63,,0.0,1.0,300.055,7-45,,,,,,,,,,,,,,,,,,,False
300.0,62e2738034d51eb1ca2518ead10bb1b8.param,0.0,0.0,0.0,14.299000000000001,270657042.0,6d104d7912e93d3d3edba03407c6caa4,,0.0,1.0,300.056,7-45,,,,,,,,,,,,,,,,,,,False
300.0,62e2738034d51eb1ca2518ead10bb1b8.param,1.0,0.0,0.0,15.83,270657042.0,6d104d7912e93d3d3edba03407c6caa4,,0.0,1.0,300.06,7-45,,,,,,,,,,,,,,,,,,,False
300.0,62e2738034d51eb1ca2518ead10bb1b8.param,2.0,0.0,0.0,14.834000000000001,270657042.0,6d104d7912e93d3d3edba03407c6caa4,,0.0,1.0,300.062,7-45,,,,,,,,,,,,,,,,,,,False
300.0,4ee13ffb8d0ec1ceaf1bb37447281f58.param,0.0,0.0,0.0,29.146,506016928.0,f7dd4542a2ebd333218df5651ac9ec40,,0.0,1.0,300.063,7-45,,,,,,,,,,,,,,,,,,,False
300.0,4ee13ffb8d0ec1ceaf1bb37447281f58.param,1.0,0.0,0.0,28.412,506016928.0,f7dd4542a2ebd333218df5651ac9ec40,,0.0,1.0,300.072,7-45,,,,,,,,,,,,,,,,,,,False
300.0,4ee13ffb8d0ec1ceaf1bb37447281f58.param,2.0,0.0,0.0,28.189,506016928.0,f7dd4542a2ebd333218df5651ac9ec40,,0.0,1.0,300.067,7-45,,,,,,,,,,,,,,,,,,,False
300.0,d62c2a52625c21dd4bc4370bcd02db43.param,0.0,0.0,0.0,46.165,554543104.0,6f9a5f03a26a23a25ee95f5fde02a808,,0.0,1.0,300.082,7-45,,,,,,,,,,,,,,,,,,,False
300.0,d62c2a52625c21dd4bc4370bcd02db43.param,1.0,0.0,0.0,43.479,554543104.0,6f9a5f03a26a23a25ee95f5fde02a808,,0.0,1.0,300.069,7-45,,,,,,,,,,,,,,,,,,,False
300.0,d62c2a52625c21dd4bc4370bcd02db43.param,2.0,0.0,0.0,42.64,554543104.0,6f9a5f03a26a23a25ee95f5fde02a808,,0.0,1.0,300.096,7-45,,,,,,,,,,,,,,,,,,,False
300.0,10049dd55bf99f7dbc88dc007745262f.param,0.0,0.0,0.0,11.072000000000001,254168822.0,5fd991f60c0920edf0850edb98360c13,,0.0,1.0,300.053,7-45,,,,,,,,,,,,,,,,,,,False
300.0,10049dd55bf99f7dbc88dc007745262f.param,1.0,0.0,0.0,11.277999999999999,254168822.0,5fd991f60c0920edf0850edb98360c13,,0.0,1.0,300.05400000000003,7-45,,,,,,,,,,,,,,,,,,,False
300.0,10049dd55bf99f7dbc88dc007745262f.param,2.0,0.0,0.0,10.967,254168822.0,5fd991f60c0920edf0850edb98360c13,,0.0,1.0,300.053,7-45,,,,,,,,,,,,,,,,,,,False
300.0,f0b6a6311818b4dd8f5227b40762bd4a.param,0.0,0.0,0.0,33.965,1057470620.0,b6e4791c3d9718449fe1bf79f1c1642d,,0.0,1.0,300.059,7-45,,,,,,,,,,,,,,,,,,,False
300.0,f0b6a6311818b4dd8f5227b40762bd4a.param,1.0,0.0,0.0,31.878,1057470620.0,b6e4791c3d9718449fe1bf79f1c1642d,,0.0,1.0,300.06,7-45,,,,,,,,,,,,,,,,,,,False
300.0,f0b6a6311818b4dd8f5227b40762bd4a.param,2.0,0.0,0.0,34.56,1057470620.0,b6e4791c3d9718449fe1bf79f1c1642d,,0.0,1.0,300.069,7-45,,,,,,,,,,,,,,,,,,,False
300.0,fc2d899db36a3003ebbcd92cad9223b0.param,0.0,0.0,0.0,25.62,1923385776.0,27d13962e6a6500234c7e4b89ee67db9,,0.0,1.0,300.073,7-45,,,,,,,,,,,,,,,,,,,False
300.0,fc2d899db36a3003ebbcd92cad9223b0.param,1.0,0.0,0.0,26.759,1923385776.0,27d13962e6a6500234c7e4b89ee67db9,,0.0,1.0,300.061,7-45,,,,,,,,,,,,,,,,,,,False
300.0,fc2d899db36a3003ebbcd92cad9223b0.param,2.0,0.0,0.0,25.078000000000003,1923385776.0,27d13962e6a6500234c7e4b89ee67db9,,0.0,1.0,300.072,7-45,,,,,,,,,,,,,,,,,,,False
300.0,e5fa51f4b48f9d73b966b1eb0389e73c.param,0.0,0.0,0.0,91.351,2136253402.0,1a66ee5c13371813fd0a3df888da3181,,0.0,1.0,300.10900000000004,7-45,,,,,,,,,,,,,,,,,,,False
300.0,e5fa51f4b48f9d73b966b1eb0389e73c.param,1.0,0.0,0.0,93.27,2136253402.0,1a66ee5c13371813fd0a3df888da3181,,0.0,1.0,300.098,7-45,,,,,,,,,,,,,,,,,,,False
300.0,e5fa51f4b48f9d73b966b1eb0389e73c.param,2.0,0.0,0.0,88.376,2136253402.0,1a66ee5c13371813fd0a3df888da3181,,0.0,1.0,300.105,7-45,,,,,,,,,,,,,,,,,,,False
300.0,b6b46bc646920ea1298e9f12b19fab10.param,0.0,0.0,0.0,44.45,254168822.0,b481b41ea354a8af8bf795c5e9fe93ea,,0.0,1.0,300.067,7-45,,,,,,,,,,,,,,,,,,,False
300.0,b6b46bc646920ea1298e9f12b19fab10.param,1.0,0.0,0.0,45.185,254168822.0,b481b41ea354a8af8bf795c5e9fe93ea,,0.0,1.0,300.07599999999996,7-45,,,,,,,,,,,,,,,,,,,False
300.0,b6b46bc646920ea1298e9f12b19fab10.param,2.0,0.0,0.0,45.765,254168822.0,b481b41ea354a8af8bf795c5e9fe93ea,,0.0,1.0,300.079,7-45,,,,,,,,,,,,,,,,,,,False
300.0,3df40218b019eea866b53a1349c0d0e2.param,0.0,0.0,0.0,16.583,1145031130.0,1a072468613dbc620bcac15e7e5013a0,,0.0,1.0,300.05400000000003,15-45,,,,,,,,,,,,,,,,,,,False
300.0,3df40218b019eea866b53a1349c0d0e2.param,1.0,0.0,0.0,16.623,1145031130.0,1a072468613dbc620bcac15e7e5013a0,,0.0,1.0,300.047,15-45,,,,,,,,,,,,,,,,,,,False
300.0,3df40218b019eea866b53a1349c0d0e2.param,2.0,0.0,0.0,15.843,1145031130.0,1a072468613dbc620bcac15e7e5013a0,,0.0,1.0,300.04400000000004,15-45,,,,,,,,,,,,,,,,,,,False
300.0,ebfb38d0b486754d6704faf1ad393db8.param,0.0,0.0,0.0,24.543000000000003,1234135464.0,f74369d88e6d2965caf5ad1e8e1d8806,,0.0,1.0,300.07099999999997,15-45,,,,,,,,,,,,,,,,,,,False
300.0,ebfb38d0b486754d6704faf1ad393db8.param,1.0,0.0,0.0,22.495,1234135464.0,f74369d88e6d2965caf5ad1e8e1d8806,,0.0,1.0,300.07,15-45,,,,,,,,,,,,,,,,,,,False
300.0,ebfb38d0b486754d6704faf1ad393db8.param,2.0,0.0,0.0,24.131999999999998,1234135464.0,f74369d88e6d2965caf5ad1e8e1d8806,,0.0,1.0,300.07099999999997,15-45,,,,,,,,,,,,,,,,,,,False
300.0,9f516f1949bb094c061b924b07b9239e.param,0.0,0.0,0.0,25.881999999999998,1234135464.0,efc8f011ab19cfd3ddd1fff5035ac555,,0.0,1.0,300.07,15-45,,,,,,,,,,,,,,,,,,,False
300.0,9f516f1949bb094c061b924b07b9239e.param,1.0,0.0,0.0,25.026,1234135464.0,efc8f011ab19cfd3ddd1fff5035ac555,,0.0,1.0,300.074,15-45,,,,,,,,,,,,,,,,,,,False
300.0,9f516f1949bb094c061b924b07b9239e.param,2.0,0.0,0.0,25.094,1234135464.0,efc8f011ab19cfd3ddd1fff5035ac555,,0.0,1.0,300.068,15-45,,,,,,,,,,,,,,,,,,,False
300.0,62e2738034d51eb1ca2518ead10bb1b8.param,0.0,0.0,0.0,15.429,270657042.0,eec2d7398fa988d8bd58a4dcbd371fc2,,0.0,1.0,300.063,15-45,,,,,,,,,,,,,,,,,,,False
300.0,62e2738034d51eb1ca2518ead10bb1b8.param,1.0,0.0,0.0,15.245999999999999,270657042.0,eec2d7398fa988d8bd58a4dcbd371fc2,,0.0,1.0,300.055,15-45,,,,,,,,,,,,,,,,,,,False
300.0,62e2738034d51eb1ca2518ead10bb1b8.param,2.0,0.0,0.0,15.318,270657042.0,eec2d7398fa988d8bd58a4dcbd371fc2,,0.0,1.0,300.055,15-45,,,,,,,,,,,,,,,,,,,False
300.0,92f07d9616904178c202cd6d7e0ae97d.param,0.0,0.0,0.0,27.479,1098776393.0,1ca5cad8b9633e37b201a19db2772c0a,,0.0,1.0,300.074,15-45,,,,,,,,,,,,,,,,,,,False
300.0,92f07d9616904178c202cd6d7e0ae97d.param,1.0,0.0,0.0,27.434,1098776393.0,1ca5cad8b9633e37b201a19db2772c0a,,0.0,1.0,300.073,15-45,,,,,,,,,,,,,,,,,,,False
300.0,92f07d9616904178c202cd6d7e0ae97d.param,2.0,0.0,0.0,27.618000000000002,1098776393.0,1ca5cad8b9633e37b201a19db2772c0a,,0.0,1.0,300.072,15-45,,,,,,,,,,,,,,,,,,,False
300.0,b1fed41c662b810a67f17347ca208a34.param,0.0,0.0,0.0,41.625,1145031130.0,cfa15c8455fc7366427bf73e02d68c71,,0.0,1.0,300.073,15-45,,,,,,,,,,,,,,,,,,,False
300.0,b1fed41c662b810a67f17347ca208a34.param,1.0,0.0,0.0,39.681,1145031130.0,cfa15c8455fc7366427bf73e02d68c71,,0.0,1.0,300.075,15-45,,,,,,,,,,,,,,,,,,,False
300.0,b1fed41c662b810a67f17347ca208a34.param,2.0,0.0,0.0,39.873000000000005,1145031130.0,cfa15c8455fc7366427bf73e02d68c71,,0.0,1.0,300.072,15-45,,,,,,,,,,,,,,,,,,,False
300.0,3c59340fb353a585970ae15583e52dc2.param,0.0,0.0,0.0,62.236999999999995,1923385776.0,ff500b3e449637795a74d297b8977416,,0.0,1.0,300.101,15-45,,,,,,,,,,,,,,,,,,,False
300.0,3c59340fb353a585970ae15583e52dc2.param,1.0,0.0,0.0,61.79600000000001,1923385776.0,ff500b3e449637795a74d297b8977416,,0.0,1.0,300.116,15-45,,,,,,,,,,,,,,,,,,,False
300.0,3c59340fb353a585970ae15583e52dc2.param,2.0,0.0,0.0,59.321999999999996,1923385776.0,ff500b3e449637795a74d297b8977416,,0.0,1.0,300.09,15-45,,,,,,,,,,,,,,,,,,,False
300.0,6074526f967671a9c7cc808bdb4dbadb.param,0.0,0.0,0.0,73.90899999999999,1470727592.0,4cf73b6f4b7d6de39b297b6a5b4ffce8,,0.0,1.0,300.103,15-45,,,,,,,,,,,,,,,,,,,False
300.0,6074526f967671a9c7cc808bdb4dbadb.param,1.0,0.0,0.0,73.301,1470727592.0,4cf73b6f4b7d6de39b297b6a5b4ffce8,,0.0,1.0,300.111,15-45,,,,,,,,,,,,,,,,,,,False
300.0,6074526f967671a9c7cc808bdb4dbadb.param,2.0,0.0,0.0,72.428,1470727592.0,4cf73b6f4b7d6de39b297b6a5b4ffce8,,0.0,1.0,300.087,15-45,,,,,,,,,,,,,,,,,,,False
300.0,928666ecc0a7811fd6c441352737063c.param,0.0,0.0,0.0,89.57,823094821.0,3c5928c621b7c97fa73deb9278c2e943,,0.0,1.0,300.108,15-45,,,,,,,,,,,,,,,,,,,False
300.0,928666ecc0a7811fd6c441352737063c.param,1.0,0.0,0.0,89.01299999999999,823094821.0,3c5928c621b7c97fa73deb9278c2e943,,0.0,1.0,300.1,15-45,,,,,,,,,,,,,,,,,,,False
300.0,928666ecc0a7811fd6c441352737063c.param,2.0,0.0,0.0,88.42299999999999,823094821.0,3c5928c621b7c97fa73deb9278c2e943,,0.0,1.0,300.099,15-45,,,,,,,,,,,,,,,,,,,False
300.0,d62c2a52625c21dd4bc4370bcd02db43.param,0.0,0.0,0.0,42.77,554543104.0,7fb64a1a9f2ffe84ba3735be14249d09,,0.0,1.0,300.079,15-45,,,,,,,,,,,,,,,,,,,False
300.0,d62c2a52625c21dd4bc4370bcd02db43.param,1.0,0.0,0.0,46.507,554543104.0,7fb64a1a9f2ffe84ba3735be14249d09,,0.0,1.0,300.082,15-45,,,,,,,,,,,,,,,,,,,False
300.0,d62c2a52625c21dd4bc4370bcd02db43.param,2.0,0.0,0.0,44.14,554543104.0,7fb64a1a9f2ffe84ba3735be14249d09,,0.0,1.0,300.074,15-45,,,,,,,,,,,,,,,,,,,False
300.0,10049dd55bf99f7dbc88dc007745262f.param,0.0,0.0,0.0,11.174000000000001,254168822.0,995ebde1d1f1df122437b6776cde44cd,,0.0,1.0,300.046,15-45,,,,,,,,,,,,,,,,,,,False
300.0,10049dd55bf99f7dbc88dc007745262f.param,1.0,0.0,0.0,11.2,254168822.0,995ebde1d1f1df122437b6776cde44cd,,0.0,1.0,300.048,15-45,,,,,,,,,,,,,,,,,,,False
300.0,10049dd55bf99f7dbc88dc007745262f.param,2.0,0.0,0.0,10.988,254168822.0,995ebde1d1f1df122437b6776cde44cd,,0.0,1.0,300.04400000000004,15-45,,,,,,,,,,,,,,,,,,,False
300.0,94211d2a9b412d1df1f93eb8fa322afa.param,0.0,0.0,0.0,13.25,270657042.0,f642159c121a1e6a91e91c4e5bbf662e,,0.0,1.0,300.053,15-46,,,,,,,,,,,,,,,,,,,False
300.0,94211d2a9b412d1df1f93eb8fa322afa.param,1.0,0.0,0.0,13.208,270657042.0,f642159c121a1e6a91e91c4e5bbf662e,,0.0,1.0,300.057,15-46,,,,,,,,,,,,,,,,,,,False
300.0,94211d2a9b412d1df1f93eb8fa322afa.param,2.0,0.0,0.0,13.390999999999998,270657042.0,f642159c121a1e6a91e91c4e5bbf662e,,0.0,1.0,300.05,15-46,,,,,,,,,,,,,,,,,,,False
300.0,d52ad8a9dee13cb147c0b0d6d29d8a1a.param,0.0,0.0,0.0,15.655999999999999,1257636424.0,a7e8cab0e66af0505502b00436f611b1,,0.0,1.0,300.055,15-46,,,,,,,,,,,,,,,,,,,False
300.0,d52ad8a9dee13cb147c0b0d6d29d8a1a.param,1.0,0.0,0.0,16.656,1257636424.0,a7e8cab0e66af0505502b00436f611b1,,0.0,1.0,300.064,15-46,,,,,,,,,,,,,,,,,,,False
300.0,d52ad8a9dee13cb147c0b0d6d29d8a1a.param,2.0,0.0,0.0,15.209000000000001,1257636424.0,a7e8cab0e66af0505502b00436f611b1,,0.0,1.0,300.057,15-46,,,,,,,,,,,,,,,,,,,False
300.0,b6b46bc646920ea1298e9f12b19fab10.param,0.0,0.0,0.0,45.552,254168822.0,fdf9bb566782a8f1877ddce87e933d85,,0.0,1.0,300.078,15-45,,,,,,,,,,,,,,,,,,,False
300.0,b6b46bc646920ea1298e9f12b19fab10.param,1.0,0.0,0.0,48.648,254168822.0,fdf9bb566782a8f1877ddce87e933d85,,0.0,1.0,300.08,15-45,,,,,,,,,,,,,,,,,,,False
300.0,b6b46bc646920ea1298e9f12b19fab10.param,2.0,0.0,0.0,47.595,254168822.0,fdf9bb566782a8f1877ddce87e933d85,,0.0,1.0,300.08099999999996,15-45,,,,,,,,,,,,,,,,,,,False
300.0,8b3ad6188dc92a4335827c8e01628c0f.param,0.0,0.0,0.0,32.579,182366586.0,ea33b8d2c52a7eacb9a358e5a97d749f,,0.0,1.0,300.072,15-46,,,,,,,,,,,,,,,,,,,False
300.0,8b3ad6188dc92a4335827c8e01628c0f.param,1.0,0.0,0.0,35.171,182366586.0,ea33b8d2c52a7eacb9a358e5a97d749f,,0.0,1.0,300.074,15-46,,,,,,,,,,,,,,,,,,,False
300.0,8b3ad6188dc92a4335827c8e01628c0f.param,2.0,0.0,0.0,35.075,182366586.0,ea33b8d2c52a7eacb9a358e5a97d749f,,0.0,1.0,300.07099999999997,15-46,,,,,,,,,,,,,,,,,,,False
300.0,3df40218b019eea866b53a1349c0d0e2.param,0.0,0.0,0.0,15.544,1145031130.0,cf0bdada1a2d46be20f158704c8c8478,,0.0,1.0,300.053,15-46,,,,,,,,,,,,,,,,,,,False
300.0,3df40218b019eea866b53a1349c0d0e2.param,1.0,0.0,0.0,16.273,1145031130.0,cf0bdada1a2d46be20f158704c8c8478,,0.0,1.0,300.052,15-46,,,,,,,,,,,,,,,,,,,False
300.0,3df40218b019eea866b53a1349c0d0e2.param,2.0,0.0,0.0,16.035999999999998,1145031130.0,cf0bdada1a2d46be20f158704c8c8478,,0.0,1.0,300.057,15-46,,,,,,,,,,,,,,,,,,,False
300.0,3202e56149cbd27d0de3bdbd879f81e3.param,0.0,0.0,0.0,14.45,83966730.0,f50ae48c32a95f04addfd2b527500ab8,,0.0,1.0,300.066,15-46,,,,,,,,,,,,,,,,,,,False
300.0,3202e56149cbd27d0de3bdbd879f81e3.param,1.0,0.0,0.0,13.47,83966730.0,f50ae48c32a95f04addfd2b527500ab8,,0.0,1.0,300.063,15-46,,,,,,,,,,,,,,,,,,,False
300.0,3202e56149cbd27d0de3bdbd879f81e3.param,2.0,0.0,0.0,14.056,83966730.0,f50ae48c32a95f04addfd2b527500ab8,,0.0,1.0,300.062,15-46,,,,,,,,,,,,,,,,,,,False
300.0,ebfb38d0b486754d6704faf1ad393db8.param,0.0,0.0,0.0,24.076,1234135464.0,61bdeab34e562874f08ebd49210dec52,,0.0,1.0,300.065,15-46,,,,,,,,,,,,,,,,,,,False
300.0,ebfb38d0b486754d6704faf1ad393db8.param,1.0,0.0,0.0,22.233,1234135464.0,61bdeab34e562874f08ebd49210dec52,,0.0,1.0,300.06,15-46,,,,,,,,,,,,,,,,,,,False
300.0,ebfb38d0b486754d6704faf1ad393db8.param,2.0,0.0,0.0,23.616,1234135464.0,61bdeab34e562874f08ebd49210dec52,,0.0,1.0,300.072,15-46,,,,,,,,,,,,,,,,,,,False
300.0,3c59340fb353a585970ae15583e52dc2.param,0.0,0.0,0.0,61.873999999999995,1923385776.0,411d9946fe583d4c01eda210e013df8c,,0.0,1.0,300.096,15-46,,,,,,,,,,,,,,,,,,,False
300.0,3c59340fb353a585970ae15583e52dc2.param,1.0,0.0,0.0,61.16,1923385776.0,411d9946fe583d4c01eda210e013df8c,,0.0,1.0,300.086,15-46,,,,,,,,,,,,,,,,,,,False
300.0,3c59340fb353a585970ae15583e52dc2.param,2.0,0.0,0.0,60.31100000000001,1923385776.0,411d9946fe583d4c01eda210e013df8c,,0.0,1.0,300.10400000000004,15-46,,,,,,,,,,,,,,,,,,,False
300.0,f48c0154c055dd2d9e427d94e5cc96fd.param,0.0,0.0,0.0,48.637,1098776393.0,c22cdb0322f107fbf43192cf68bec747,,0.0,1.0,300.096,15-46,,,,,,,,,,,,,,,,,,,False
300.0,f48c0154c055dd2d9e427d94e5cc96fd.param,1.0,0.0,0.0,53.104,1098776393.0,c22cdb0322f107fbf43192cf68bec747,,0.0,1.0,300.08799999999997,15-46,,,,,,,,,,,,,,,,,,,False
300.0,f48c0154c055dd2d9e427d94e5cc96fd.param,2.0,0.0,0.0,49.718999999999994,1098776393.0,c22cdb0322f107fbf43192cf68bec747,,0.0,1.0,300.084,15-46,,,,,,,,,,,,,,,,,,,False
300.0,f8df5f5150968e8beed02c87bc2ab666.param,0.0,0.0,0.0,58.1,1258716603.0,f913703969b8f03cb744d63eb2167bba,,0.0,1.0,300.096,15-46,,,,,,,,,,,,,,,,,,,False
300.0,f8df5f5150968e8beed02c87bc2ab666.param,1.0,0.0,0.0,53.641999999999996,1258716603.0,f913703969b8f03cb744d63eb2167bba,,0.0,1.0,300.09,15-46,,,,,,,,,,,,,,,,,,,False
300.0,f8df5f5150968e8beed02c87bc2ab666.param,2.0,0.0,0.0,57.82899999999999,1258716603.0,f913703969b8f03cb744d63eb2167bba,,0.0,1.0,300.12,15-46,,,,,,,,,,,,,,,,,,,False
300.0,9847d0c027bbaccb1847a48fd98a95ac.param,0.0,0.0,0.0,23.743000000000002,1405409883.0,e30444cd6b0a0a5a9ddc24953663233f,,0.0,1.0,300.067,15-46,,,,,,,,,,,,,,,,,,,False
300.0,9847d0c027bbaccb1847a48fd98a95ac.param,1.0,0.0,0.0,22.741999999999997,1405409883.0,e30444cd6b0a0a5a9ddc24953663233f,,0.0,1.0,300.058,15-46,,,,,,,,,,,,,,,,,,,False
300.0,9847d0c027bbaccb1847a48fd98a95ac.param,2.0,0.0,0.0,23.116999999999997,1405409883.0,e30444cd6b0a0a5a9ddc24953663233f,,0.0,1.0,300.063,15-46,,,,,,,,,,,,,,,,,,,False
300.0,5c79d1d9a7223b0aa7f24b9abb13ee2f.param,0.0,0.0,0.0,75.646,1923385776.0,7e1be9eb467686e1e3dd73be0f4f9548,,0.0,1.0,300.107,15-46,,,,,,,,,,,,,,,,,,,False
300.0,5c79d1d9a7223b0aa7f24b9abb13ee2f.param,1.0,0.0,0.0,68.23100000000001,1923385776.0,7e1be9eb467686e1e3dd73be0f4f9548,,0.0,1.0,300.107,15-46,,,,,,,,,,,,,,,,,,,False
300.0,5c79d1d9a7223b0aa7f24b9abb13ee2f.param,2.0,0.0,0.0,72.50399999999999,1923385776.0,7e1be9eb467686e1e3dd73be0f4f9548,,0.0,1.0,300.087,15-46,,,,,,,,,,,,,,,,,,,False
300.0,9f516f1949bb094c061b924b07b9239e.param,0.0,0.0,0.0,24.561999999999998,1234135464.0,ee686f41ab3a8788e6fb6e5ecd5124b3,,0.0,1.0,300.063,15-46,,,,,,,,,,,,,,,,,,,False
300.0,9f516f1949bb094c061b924b07b9239e.param,1.0,0.0,0.0,25.46,1234135464.0,ee686f41ab3a8788e6fb6e5ecd5124b3,,0.0,1.0,300.061,15-46,,,,,,,,,,,,,,,,,,,False
300.0,9f516f1949bb094c061b924b07b9239e.param,2.0,0.0,0.0,27.194000000000003,1234135464.0,ee686f41ab3a8788e6fb6e5ecd5124b3,,0.0,1.0,300.074,15-46,,,,,,,,,,,,,,,,,,,False
300.0,6074526f967671a9c7cc808bdb4dbadb.param,0.0,0.0,0.0,72.87899999999999,1470727592.0,5cb5027999317fafd6d62c5218bc3774,,0.0,1.0,300.091,15-46,,,,,,,,,,,,,,,,,,,False
300.0,6074526f967671a9c7cc808bdb4dbadb.param,1.0,0.0,0.0,75.275,1470727592.0,5cb5027999317fafd6d62c5218bc3774,,0.0,1.0,300.095,15-46,,,,,,,,,,,,,,,,,,,False
300.0,6074526f967671a9c7cc808bdb4dbadb.param,2.0,0.0,0.0,75.256,1470727592.0,5cb5027999317fafd6d62c5218bc3774,,0.0,1.0,300.092,15-46,,,,,,,,,,,,,,,,,,,False
300.0,d0799a9d39f0850315a55b0ab4917638.param,0.0,0.0,0.0,46.111000000000004,1918631718.0,6786a8070cb871be516520fc4c7932e6,,0.0,1.0,300.082,15-46,,,,,,,,,,,,,,,,,,,False
300.0,d0799a9d39f0850315a55b0ab4917638.param,1.0,0.0,0.0,45.005,1918631718.0,6786a8070cb871be516520fc4c7932e6,,0.0,1.0,300.082,15-46,,,,,,,,,,,,,,,,,,,False
300.0,d0799a9d39f0850315a55b0ab4917638.param,2.0,0.0,0.0,45.833,1918631718.0,6786a8070cb871be516520fc4c7932e6,,0.0,1.0,300.07599999999996,15-46,,,,,,,,,,,,,,,,,,,False
300.0,a37d28d43d69aa0103e8f6c03a25328d.param,0.0,0.0,0.0,9.976,1057470620.0,5e37e00b36f6d33ce629d2c145380a02,,0.0,1.0,300.05400000000003,15-46,,,,,,,,,,,,,,,,,,,False
300.0,a37d28d43d69aa0103e8f6c03a25328d.param,1.0,0.0,0.0,9.796,1057470620.0,5e37e00b36f6d33ce629d2c145380a02,,0.0,1.0,300.053,15-46,,,,,,,,,,,,,,,,,,,False
300.0,a37d28d43d69aa0103e8f6c03a25328d.param,2.0,0.0,0.0,9.749,1057470620.0,5e37e00b36f6d33ce629d2c145380a02,,0.0,1.0,300.057,15-46,,,,,,,,,,,,,,,,,,,False
300.0,bebd2cfe5e0562ebe11dc365507fd898.param,0.0,0.0,0.0,32.671,372553220.0,375698f7dd04e7618022980a2bf3b809,,0.0,1.0,300.073,15-46,,,,,,,,,,,,,,,,,,,False
300.0,bebd2cfe5e0562ebe11dc365507fd898.param,1.0,0.0,0.0,31.468000000000004,372553220.0,375698f7dd04e7618022980a2bf3b809,,0.0,1.0,300.066,15-46,,,,,,,,,,,,,,,,,,,False
300.0,bebd2cfe5e0562ebe11dc365507fd898.param,2.0,0.0,0.0,34.113,372553220.0,375698f7dd04e7618022980a2bf3b809,,0.0,1.0,300.084,15-46,,,,,,,,,,,,,,,,,,,False
300.0,928666ecc0a7811fd6c441352737063c.param,0.0,0.0,0.0,88.68,823094821.0,e2713b74a9e83b6b86ee56c45735b312,,0.0,1.0,300.118,15-46,,,,,,,,,,,,,,,,,,,False
300.0,928666ecc0a7811fd6c441352737063c.param,1.0,0.0,0.0,82.905,823094821.0,e2713b74a9e83b6b86ee56c45735b312,,0.0,1.0,300.099,15-46,,,,,,,,,,,,,,,,,,,False
300.0,928666ecc0a7811fd6c441352737063c.param,2.0,0.0,0.0,87.682,823094821.0,e2713b74a9e83b6b86ee56c45735b312,,0.0,1.0,300.115,15-46,,,,,,,,,,,,,,,,,,,False
300.0,5a074a62937cbcb2e921ae7f17a0123b.param,0.0,0.0,0.0,75.279,2028359165.0,509a22deeafe53565011d21a06712662,,0.0,1.0,300.112,15-46,,,,,,,,,,,,,,,,,,,False
300.0,5a074a62937cbcb2e921ae7f17a0123b.param,1.0,0.0,0.0,75.938,2028359165.0,509a22deeafe53565011d21a06712662,,0.0,1.0,300.111,15-46,,,,,,,,,,,,,,,,,,,False
300.0,5a074a62937cbcb2e921ae7f17a0123b.param,2.0,0.0,0.0,69.668,2028359165.0,509a22deeafe53565011d21a06712662,,0.0,1.0,300.10400000000004,15-46,,,,,,,,,,,,,,,,,,,False
300.0,c0ddd6d536dd36939b31e12d969323ca.param,0.0,0.0,0.0,15.219000000000001,1405409883.0,91eff7cee956eeaaa0fe4549639a8159,,0.0,1.0,300.063,15-46,,,,,,,,,,,,,,,,,,,False
300.0,c0ddd6d536dd36939b31e12d969323ca.param,1.0,0.0,0.0,15.390999999999998,1405409883.0,91eff7cee956eeaaa0fe4549639a8159,,0.0,1.0,300.061,15-46,,,,,,,,,,,,,,,,,,,False
300.0,c0ddd6d536dd36939b31e12d969323ca.param,2.0,0.0,0.0,14.690999999999999,1405409883.0,91eff7cee956eeaaa0fe4549639a8159,,0.0,1.0,300.058,15-46,,,,,,,,,,,,,,,,,,,False
300.0,9d8011d62fbdace0c9682b0a56eb9c1a.param,0.0,0.0,0.0,15.663,475179535.0,f0cf1208a4abb9131e77e76c9419c38d,,0.0,1.0,300.067,15-46,,,,,,,,,,,,,,,,,,,False
300.0,9d8011d62fbdace0c9682b0a56eb9c1a.param,1.0,0.0,0.0,15.81,475179535.0,f0cf1208a4abb9131e77e76c9419c38d,,0.0,1.0,300.057,15-46,,,,,,,,,,,,,,,,,,,False
300.0,9d8011d62fbdace0c9682b0a56eb9c1a.param,2.0,0.0,0.0,15.275,475179535.0,f0cf1208a4abb9131e77e76c9419c38d,,0.0,1.0,300.062,15-46,,,,,,,,,,,,,,,,,,,False
300.0,880c13fc9e1ae18f82e743ba707577a8.param,0.0,0.0,0.0,45.284,1923385776.0,908bd47b96176899d56bcbaa4fb1e9e4,,0.0,1.0,300.089,15-46,,,,,,,,,,,,,,,,,,,False
300.0,880c13fc9e1ae18f82e743ba707577a8.param,1.0,0.0,0.0,49.333999999999996,1923385776.0,908bd47b96176899d56bcbaa4fb1e9e4,,0.0,1.0,300.085,15-46,,,,,,,,,,,,,,,,,,,False
300.0,880c13fc9e1ae18f82e743ba707577a8.param,2.0,0.0,0.0,47.69,1923385776.0,908bd47b96176899d56bcbaa4fb1e9e4,,0.0,1.0,300.08799999999997,15-46,,,,,,,,,,,,,,,,,,,False
300.0,ecf255cfa79dc1390125d72e88196842.param,0.0,0.0,0.0,28.27,2050821110.0,fa59ffab6660ab2a1b6a78e3699d1330,,0.0,1.0,300.066,15-46,,,,,,,,,,,,,,,,,,,False
300.0,ecf255cfa79dc1390125d72e88196842.param,1.0,0.0,0.0,28.234,2050821110.0,fa59ffab6660ab2a1b6a78e3699d1330,,0.0,1.0,300.068,15-46,,,,,,,,,,,,,,,,,,,False
300.0,ecf255cfa79dc1390125d72e88196842.param,2.0,0.0,0.0,28.689,2050821110.0,fa59ffab6660ab2a1b6a78e3699d1330,,0.0,1.0,300.06,15-46,,,,,,,,,,,,,,,,,,,False
300.0,8918e76cfcec0657c7d7950a1794604c.param,0.0,0.0,0.0,35.641999999999996,34754393.0,983dd53867daa94f39d1534a7f6cbc19,,0.0,1.0,300.07,15-46,,,,,,,,,,,,,,,,,,,False
300.0,8918e76cfcec0657c7d7950a1794604c.param,1.0,0.0,0.0,39.689,34754393.0,983dd53867daa94f39d1534a7f6cbc19,,0.0,1.0,300.074,15-46,,,,,,,,,,,,,,,,,,,False
300.0,8918e76cfcec0657c7d7950a1794604c.param,2.0,0.0,0.0,39.006,34754393.0,983dd53867daa94f39d1534a7f6cbc19,,0.0,1.0,300.077,15-46,,,,,,,,,,,,,,,,,,,False
300.0,55af68f15fe32e43da610c5d90806a4a.param,0.0,0.0,0.0,69.524,862094683.0,b86c67a8c448a4c74eea1fcebc409a60,,0.0,1.0,300.09,15-46,,,,,,,,,,,,,,,,,,,False
300.0,55af68f15fe32e43da610c5d90806a4a.param,1.0,0.0,0.0,65.601,862094683.0,b86c67a8c448a4c74eea1fcebc409a60,,0.0,1.0,300.096,15-46,,,,,,,,,,,,,,,,,,,False
300.0,55af68f15fe32e43da610c5d90806a4a.param,2.0,0.0,0.0,67.631,862094683.0,b86c67a8c448a4c74eea1fcebc409a60,,0.0,1.0,300.086,15-46,,,,,,,,,,,,,,,,,,,False
300.0,86aef175e49750375aaf5bf4f54ac0c2.param,0.0,0.0,0.0,66.816,95956545.0,f38d7d0c1e44e0e790d29e9d8c433249,,0.0,1.0,300.087,15-46,,,,,,,,,,,,,,,,,,,False
300.0,86aef175e49750375aaf5bf4f54ac0c2.param,1.0,0.0,0.0,72.084,95956545.0,f38d7d0c1e44e0e790d29e9d8c433249,,0.0,1.0,300.094,15-46,,,,,,,,,,,,,,,,,,,False
300.0,86aef175e49750375aaf5bf4f54ac0c2.param,2.0,0.0,0.0,65.939,95956545.0,f38d7d0c1e44e0e790d29e9d8c433249,,0.0,1.0,300.097,15-46,,,,,,,,,,,,,,,,,,,False
300.0,f607d46ec11afe04a6635e1e747bca97.param,0.0,0.0,0.0,7.511,823094821.0,f609a3015ba97778f0d2671576384940,,0.0,1.0,300.046,15-46,,,,,,,,,,,,,,,,,,,False
300.0,f607d46ec11afe04a6635e1e747bca97.param,1.0,0.0,0.0,6.822,823094821.0,f609a3015ba97778f0d2671576384940,,0.0,1.0,300.047,15-46,,,,,,,,,,,,,,,,,,,False
300.0,f607d46ec11afe04a6635e1e747bca97.param,2.0,0.0,0.0,7.063,823094821.0,f609a3015ba97778f0d2671576384940,,0.0,1.0,300.05,15-46,,,,,,,,,,,,,,,,,,,False
300.0,af0a6d4f3f8e41dd411ac993d1c5e5ad.param,0.0,0.0,0.0,21.484,34754393.0,ee2e2c948c99cad38c4a233e0536f091,,0.0,1.0,300.064,15-46,,,,,,,,,,,,,,,,,,,False
300.0,af0a6d4f3f8e41dd411ac993d1c5e5ad.param,1.0,0.0,0.0,20.531,34754393.0,ee2e2c948c99cad38c4a233e0536f091,,0.0,1.0,300.067,15-46,,,,,,,,,,,,,,,,,,,False
300.0,af0a6d4f3f8e41dd411ac993d1c5e5ad.param,2.0,0.0,0.0,21.055,34754393.0,ee2e2c948c99cad38c4a233e0536f091,,0.0,1.0,300.065,15-46,,,,,,,,,,,,,,,,,,,False
300.0,ea7bd7600bcbe337da419744986a2765.param,0.0,0.0,0.0,60.9,1057470620.0,6c7e26421b5c4397d64b77c9a874ef83,,0.0,1.0,300.096,15-46,,,,,,,,,,,,,,,,,,,False
300.0,ea7bd7600bcbe337da419744986a2765.param,1.0,0.0,0.0,61.095,1057470620.0,6c7e26421b5c4397d64b77c9a874ef83,,0.0,1.0,300.101,15-46,,,,,,,,,,,,,,,,,,,False
300.0,ea7bd7600bcbe337da419744986a2765.param,2.0,0.0,0.0,66.53699999999999,1057470620.0,6c7e26421b5c4397d64b77c9a874ef83,,0.0,1.0,300.097,15-46,,,,,,,,,,,,,,,,,,,False
300.0,53a3b10a6d39a1f0633d42a0b8cc93a7.param,0.0,0.0,0.0,14.828,1405409883.0,7c9e22dddc116c1311347ef6f2dcf351,,0.0,1.0,300.063,15-46,,,,,,,,,,,,,,,,,,,False
300.0,53a3b10a6d39a1f0633d42a0b8cc93a7.param,1.0,0.0,0.0,15.465,1405409883.0,7c9e22dddc116c1311347ef6f2dcf351,,0.0,1.0,300.067,15-46,,,,,,,,,,,,,,,,,,,False
300.0,53a3b10a6d39a1f0633d42a0b8cc93a7.param,2.0,0.0,0.0,15.455,1405409883.0,7c9e22dddc116c1311347ef6f2dcf351,,0.0,1.0,300.067,15-46,,,,,,,,,,,,,,,,,,,False
300.0,b1fed41c662b810a67f17347ca208a34.param,0.0,0.0,0.0,38.506,1145031130.0,fdf700eb03073b0c69aa13f9d11e6e3e,,0.0,1.0,300.085,15-46,,,,,,,,,,,,,,,,,,,False
300.0,b1fed41c662b810a67f17347ca208a34.param,1.0,0.0,0.0,39.383,1145031130.0,fdf700eb03073b0c69aa13f9d11e6e3e,,0.0,1.0,300.078,15-46,,,,,,,,,,,,,,,,,,,False
300.0,b1fed41c662b810a67f17347ca208a34.param,2.0,0.0,0.0,40.351,1145031130.0,fdf700eb03073b0c69aa13f9d11e6e3e,,0.0,1.0,300.084,15-46,,,,,,,,,,,,,,,,,,,False
300.0,80402835d130022a9820ca0328640cdb.param,0.0,0.0,0.0,29.88,554543104.0,8e14e6aa0304806809f5ab7e9256858e,,0.0,1.0,300.065,15-46,,,,,,,,,,,,,,,,,,,False
300.0,80402835d130022a9820ca0328640cdb.param,1.0,0.0,0.0,30.188000000000002,554543104.0,8e14e6aa0304806809f5ab7e9256858e,,0.0,1.0,300.063,15-46,,,,,,,,,,,,,,,,,,,False
300.0,80402835d130022a9820ca0328640cdb.param,2.0,0.0,0.0,28.074,554543104.0,8e14e6aa0304806809f5ab7e9256858e,,0.0,1.0,300.072,15-46,,,,,,,,,,,,,,,,,,,False
300.0,96344359b1d56ff7726ed1408e74685f.param,0.0,0.0,0.0,38.298,746355495.0,3c0b733bfb853f8d5708f1860223752f,,0.0,1.0,300.057,15-46,,,,,,,,,,,,,,,,,,,False
300.0,96344359b1d56ff7726ed1408e74685f.param,1.0,0.0,0.0,36.916,746355495.0,3c0b733bfb853f8d5708f1860223752f,,0.0,1.0,300.05400000000003,15-46,,,,,,,,,,,,,,,,,,,False
300.0,96344359b1d56ff7726ed1408e74685f.param,2.0,0.0,0.0,40.018,746355495.0,3c0b733bfb853f8d5708f1860223752f,,0.0,1.0,300.08,15-46,,,,,,,,,,,,,,,,,,,False
300.0,40381a7c5087f4ca968ce41333deeb15.param,0.0,0.0,0.0,25.756,746355495.0,345dabc88994bb8da44948d0072f6adc,,0.0,1.0,300.06,15-46,,,,,,,,,,,,,,,,,,,False
300.0,40381a7c5087f4ca968ce41333deeb15.param,1.0,0.0,0.0,25.433000000000003,746355495.0,345dabc88994bb8da44948d0072f6adc,,0.0,1.0,300.058,15-46,,,,,,,,,,,,,,,,,,,False
300.0,40381a7c5087f4ca968ce41333deeb15.param,2.0,0.0,0.0,25.795,746355495.0,345dabc88994bb8da44948d0072f6adc,,0.0,1.0,300.065,15-46,,,,,,,,,,,,,,,,,,,False
300.0,291d875a60416791f305122ac9d8b34d.param,0.0,0.0,0.0,23.009,1923385776.0,9c635f6dab7ff8c0d47b6e53257312f9,,0.0,1.0,300.059,15-46,,,,,,,,,,,,,,,,,,,False
300.0,291d875a60416791f305122ac9d8b34d.param,1.0,0.0,0.0,24.703000000000003,1923385776.0,9c635f6dab7ff8c0d47b6e53257312f9,,0.0,1.0,300.065,15-46,,,,,,,,,,,,,,,,,,,False
300.0,291d875a60416791f305122ac9d8b34d.param,2.0,0.0,0.0,23.68,1923385776.0,9c635f6dab7ff8c0d47b6e53257312f9,,0.0,1.0,300.057,15-46,,,,,,,,,,,,,,,,,,,False
300.0,2c863ef862f94f5be37b35a0e4c17156.param,0.0,0.0,0.0,42.39,1235388569.0,5abd51df842a701ba1b52690547a83de,,0.0,1.0,300.077,15-46,,,,,,,,,,,,,,,,,,,False
300.0,2c863ef862f94f5be37b35a0e4c17156.param,1.0,0.0,0.0,42.917,1235388569.0,5abd51df842a701ba1b52690547a83de,,0.0,1.0,300.085,15-46,,,,,,,,,,,,,,,,,,,False
300.0,2c863ef862f94f5be37b35a0e4c17156.param,2.0,0.0,0.0,40.272,1235388569.0,5abd51df842a701ba1b52690547a83de,,0.0,1.0,300.07099999999997,15-46,,,,,,,,,,,,,,,,,,,False
300.0,ceb1794b37ee7a46798c6a75e6be96ab.param,0.0,0.0,0.0,19.016,590654055.0,074be55e155fb74d68ce2f722578da9b,,0.0,1.0,300.07599999999996,15-46,,,,,,,,,,,,,,,,,,,False
300.0,ceb1794b37ee7a46798c6a75e6be96ab.param,1.0,0.0,0.0,17.233,590654055.0,074be55e155fb74d68ce2f722578da9b,,0.0,1.0,300.07,15-46,,,,,,,,,,,,,,,,,,,False
300.0,ceb1794b37ee7a46798c6a75e6be96ab.param,2.0,0.0,0.0,17.739,590654055.0,074be55e155fb74d68ce2f722578da9b,,0.0,1.0,300.06,15-46,,,,,,,,,,,,,,,,,,,False
300.0,f09afe8bb1fa94a49596406bf88166c9.param,0.0,0.0,0.0,49.657,1918631718.0,6d23a5ec780e464f1b9e3a51b25e5e1e,,0.0,1.0,300.08299999999997,15-46,,,,,,,,,,,,,,,,,,,False
300.0,f09afe8bb1fa94a49596406bf88166c9.param,1.0,0.0,0.0,47.646,1918631718.0,6d23a5ec780e464f1b9e3a51b25e5e1e,,0.0,1.0,300.08299999999997,15-46,,,,,,,,,,,,,,,,,,,False
300.0,f09afe8bb1fa94a49596406bf88166c9.param,2.0,0.0,0.0,46.778,1918631718.0,6d23a5ec780e464f1b9e3a51b25e5e1e,,0.0,1.0,300.085,15-46,,,,,,,,,,,,,,,,,,,False
300.0,86d0a459cbac55d6b0ecb8de1373f318.param,0.0,0.0,0.0,48.961999999999996,34754393.0,1bef2fd922593ce7b706e5693263b929,,0.0,1.0,300.07599999999996,15-46,,,,,,,,,,,,,,,,,,,False
300.0,86d0a459cbac55d6b0ecb8de1373f318.param,1.0,0.0,0.0,46.068000000000005,34754393.0,1bef2fd922593ce7b706e5693263b929,,0.0,1.0,300.08299999999997,15-46,,,,,,,,,,,,,,,,,,,False
300.0,86d0a459cbac55d6b0ecb8de1373f318.param,2.0,0.0,0.0,50.059,34754393.0,1bef2fd922593ce7b706e5693263b929,,0.0,1.0,300.077,15-46,,,,,,,,,,,,,,,,,,,False
300.0,bb83bd2588db308f9da59945e9f53761.param,0.0,0.0,0.0,35.384,823094821.0,cc856de370e9db90b989870535897a7b,,0.0,1.0,300.07,15-46,,,,,,,,,,,,,,,,,,,False
300.0,bb83bd2588db308f9da59945e9f53761.param,1.0,0.0,0.0,36.259,823094821.0,cc856de370e9db90b989870535897a7b,,0.0,1.0,300.07099999999997,15-46,,,,,,,,,,,,,,,,,,,False
300.0,bb83bd2588db308f9da59945e9f53761.param,2.0,0.0,0.0,35.063,823094821.0,cc856de370e9db90b989870535897a7b,,0.0,1.0,300.07099999999997,15-46,,,,,,,,,,,,,,,,,,,False
300.0,2cf01039b19cea84eef8c942aea32605.param,0.0,0.0,0.0,68.707,1057470620.0,c9e0986e6ca46f3fe74e870c3948f8c9,,0.0,1.0,300.10900000000004,15-46,,,,,,,,,,,,,,,,,,,False
300.0,2cf01039b19cea84eef8c942aea32605.param,1.0,0.0,0.0,76.721,1057470620.0,c9e0986e6ca46f3fe74e870c3948f8c9,,0.0,1.0,300.095,15-46,,,,,,,,,,,,,,,,,,,False
300.0,2cf01039b19cea84eef8c942aea32605.param,2.0,0.0,0.0,73.102,1057470620.0,c9e0986e6ca46f3fe74e870c3948f8c9,,0.0,1.0,300.095,15-46,,,,,,,,,,,,,,,,,,,False
300.0,92f07d9616904178c202cd6d7e0ae97d.param,0.0,0.0,0.0,29.241999999999997,1098776393.0,9d61828b02cd09b8b59f76b9cdf9f817,,0.0,1.0,300.064,15-46,,,,,,,,,,,,,,,,,,,False
300.0,92f07d9616904178c202cd6d7e0ae97d.param,1.0,0.0,0.0,28.968000000000004,1098776393.0,9d61828b02cd09b8b59f76b9cdf9f817,,0.0,1.0,300.056,15-46,,,,,,,,,,,,,,,,,,,False
300.0,92f07d9616904178c202cd6d7e0ae97d.param,2.0,0.0,0.0,27.858,1098776393.0,9d61828b02cd09b8b59f76b9cdf9f817,,0.0,1.0,300.051,15-46,,,,,,,,,,,,,,,,,,,False
300.0,73a51090daaf16aa8d614ff285bfb6e4.param,0.0,0.0,0.0,75.48,221638566.0,30ea7efd736edf72560f10ea929d098b,,0.0,1.0,300.106,15-46,,,,,,,,,,,,,,,,,,,False
300.0,73a51090daaf16aa8d614ff285bfb6e4.param,1.0,0.0,0.0,74.407,221638566.0,30ea7efd736edf72560f10ea929d098b,,0.0,1.0,300.121,15-46,,,,,,,,,,,,,,,,,,,False
300.0,73a51090daaf16aa8d614ff285bfb6e4.param,2.0,0.0,0.0,73.233,221638566.0,30ea7efd736edf72560f10ea929d098b,,0.0,1.0,300.122,15-46,,,,,,,,,,,,,,,,,,,False
300.0,ea9e2588afe4504c0be19561db25ccfd.param,0.0,0.0,0.0,33.009,2050821110.0,fac4ed815ba069cf2133cf254fdea201,,0.0,1.0,300.063,15-46,,,,,,,,,,,,,,,,,,,False
300.0,ea9e2588afe4504c0be19561db25ccfd.param,1.0,0.0,0.0,35.874,2050821110.0,fac4ed815ba069cf2133cf254fdea201,,0.0,1.0,300.059,15-46,,,,,,,,,,,,,,,,,,,False
300.0,ea9e2588afe4504c0be19561db25ccfd.param,2.0,0.0,0.0,35.049,2050821110.0,fac4ed815ba069cf2133cf254fdea201,,0.0,1.0,300.069,15-46,,,,,,,,,,,,,,,,,,,False
300.0,21ba7bf1bed51e1d4137a5d2b4095413.param,0.0,0.0,0.0,44.753,753387864.0,205cd444d23b90e180d4debe0035c92e,,0.0,1.0,300.086,15-46,,,,,,,,,,,,,,,,,,,False
300.0,21ba7bf1bed51e1d4137a5d2b4095413.param,1.0,0.0,0.0,48.913999999999994,753387864.0,205cd444d23b90e180d4debe0035c92e,,0.0,1.0,300.084,15-46,,,,,,,,,,,,,,,,,,,False
300.0,21ba7bf1bed51e1d4137a5d2b4095413.param,2.0,0.0,0.0,49.108999999999995,753387864.0,205cd444d23b90e180d4debe0035c92e,,0.0,1.0,300.08099999999996,15-46,,,,,,,,,,,,,,,,,,,False
300.0,62e2738034d51eb1ca2518ead10bb1b8.param,0.0,0.0,0.0,14.732999999999999,270657042.0,ff13be17f6092479848e76ef24c8d00f,,0.0,1.0,300.063,15-46,,,,,,,,,,,,,,,,,,,False
300.0,62e2738034d51eb1ca2518ead10bb1b8.param,1.0,0.0,0.0,15.062000000000001,270657042.0,ff13be17f6092479848e76ef24c8d00f,,0.0,1.0,300.061,15-46,,,,,,,,,,,,,,,,,,,False
300.0,62e2738034d51eb1ca2518ead10bb1b8.param,2.0,0.0,0.0,15.324000000000002,270657042.0,ff13be17f6092479848e76ef24c8d00f,,0.0,1.0,300.058,15-46,,,,,,,,,,,,,,,,,,,False
300.0,c0cc3cb80752c8cae8a567aa7598d4aa.param,0.0,0.0,0.0,46.93600000000001,506016928.0,3a2fc9e81202181410836dbb006b2a09,,0.0,1.0,300.089,15-46,,,,,,,,,,,,,,,,,,,False
300.0,c0cc3cb80752c8cae8a567aa7598d4aa.param,1.0,0.0,0.0,47.347,506016928.0,3a2fc9e81202181410836dbb006b2a09,,0.0,1.0,300.084,15-46,,,,,,,,,,,,,,,,,,,False
300.0,c0cc3cb80752c8cae8a567aa7598d4aa.param,2.0,0.0,0.0,50.394,506016928.0,3a2fc9e81202181410836dbb006b2a09,,0.0,1.0,300.08299999999997,15-46,,,,,,,,,,,,,,,,,,,False
300.0,10049dd55bf99f7dbc88dc007745262f.param,0.0,0.0,0.0,10.145,254168822.0,ad1231991f1275f0133c82d61d14b859,,0.0,1.0,300.061,15-46,,,,,,,,,,,,,,,,,,,False
300.0,10049dd55bf99f7dbc88dc007745262f.param,1.0,0.0,0.0,11.083,254168822.0,ad1231991f1275f0133c82d61d14b859,,0.0,1.0,300.059,15-46,,,,,,,,,,,,,,,,,,,False
300.0,10049dd55bf99f7dbc88dc007745262f.param,2.0,0.0,0.0,10.95,254168822.0,ad1231991f1275f0133c82d61d14b859,,0.0,1.0,300.06,15-46,,,,,,,,,,,,,,,,,,,False
300.0,d62c2a52625c21dd4bc4370bcd02db43.param,0.0,0.0,0.0,43.092,554543104.0,6802a6452f1db93fae302dc63afbe8fa,,0.0,1.0,300.072,15-46,,,,,,,,,,,,,,,,,,,False
300.0,d62c2a52625c21dd4bc4370bcd02db43.param,1.0,0.0,0.0,46.205,554543104.0,6802a6452f1db93fae302dc63afbe8fa,,0.0,1.0,300.082,15-46,,,,,,,,,,,,,,,,,,,False
300.0,d62c2a52625c21dd4bc4370bcd02db43.param,2.0,0.0,0.0,44.482,554543104.0,6802a6452f1db93fae302dc63afbe8fa,,0.0,1.0,300.073,15-46,,,,,,,,,,,,,,,,,,,False
300.0,f0b6a6311818b4dd8f5227b40762bd4a.param,0.0,0.0,0.0,33.946,1057470620.0,3b760b8fcfac2c22e2c50235ecb24daf,,0.0,1.0,300.062,15-46,,,,,,,,,,,,,,,,,,,False
300.0,f0b6a6311818b4dd8f5227b40762bd4a.param,1.0,0.0,0.0,33.969,1057470620.0,3b760b8fcfac2c22e2c50235ecb24daf,,0.0,1.0,300.067,15-46,,,,,,,,,,,,,,,,,,,False
300.0,f0b6a6311818b4dd8f5227b40762bd4a.param,2.0,0.0,0.0,31.851999999999997,1057470620.0,3b760b8fcfac2c22e2c50235ecb24daf,,0.0,1.0,300.067,15-46,,,,,,,,,,,,,,,,,,,False
300.0,3df40218b019eea866b53a1349c0d0e2.param,0.0,0.0,0.0,16.553,1145031130.0,c00a6109379ee533125670d572fe6492,,0.0,1.0,300.055,15-33,,,,,,,,,,,,,,,,,,,False
300.0,3df40218b019eea866b53a1349c0d0e2.param,1.0,0.0,0.0,16.092,1145031130.0,c00a6109379ee533125670d572fe6492,,0.0,1.0,300.051,15-33,,,,,,,,,,,,,,,,,,,False
300.0,3df40218b019eea866b53a1349c0d0e2.param,2.0,0.0,0.0,15.585999999999999,1145031130.0,c00a6109379ee533125670d572fe6492,,0.0,1.0,300.05400000000003,15-33,,,,,,,,,,,,,,,,,,,False
300.0,e5fa51f4b48f9d73b966b1eb0389e73c.param,0.0,0.0,0.0,88.811,2136253402.0,cda27d016ece46e1fb5b71c3f46e6b6a,,0.0,1.0,300.116,15-46,,,,,,,,,,,,,,,,,,,False
300.0,e5fa51f4b48f9d73b966b1eb0389e73c.param,1.0,0.0,0.0,85.458,2136253402.0,cda27d016ece46e1fb5b71c3f46e6b6a,,0.0,1.0,300.10900000000004,15-46,,,,,,,,,,,,,,,,,,,False
300.0,e5fa51f4b48f9d73b966b1eb0389e73c.param,2.0,0.0,0.0,86.68700000000001,2136253402.0,cda27d016ece46e1fb5b71c3f46e6b6a,,0.0,1.0,300.105,15-46,,,,,,,,,,,,,,,,,,,False
300.0,b6b46bc646920ea1298e9f12b19fab10.param,0.0,0.0,0.0,45.309,254168822.0,89bd1e917a9ee98ec98568addccde576,,0.0,1.0,300.093,15-46,,,,,,,,,,,,,,,,,,,False
300.0,b6b46bc646920ea1298e9f12b19fab10.param,1.0,0.0,0.0,45.983000000000004,254168822.0,89bd1e917a9ee98ec98568addccde576,,0.0,1.0,300.084,15-46,,,,,,,,,,,,,,,,,,,False
300.0,b6b46bc646920ea1298e9f12b19fab10.param,2.0,0.0,0.0,45.70399999999999,254168822.0,89bd1e917a9ee98ec98568addccde576,,0.0,1.0,300.077,15-46,,,,,,,,,,,,,,,,,,,False
300.0,8b3ad6188dc92a4335827c8e01628c0f.param,0.0,0.0,0.0,33.85,182366586.0,8fba15f4e9b434d3ee13a14e4b1228a6,,0.0,1.0,300.073,46-36,,,,,,,,,,,,,,,,,,,False
300.0,8b3ad6188dc92a4335827c8e01628c0f.param,1.0,0.0,0.0,34.900999999999996,182366586.0,8fba15f4e9b434d3ee13a14e4b1228a6,,0.0,1.0,300.073,46-36,,,,,,,,,,,,,,,,,,,False
300.0,8b3ad6188dc92a4335827c8e01628c0f.param,2.0,0.0,0.0,31.816,182366586.0,8fba15f4e9b434d3ee13a14e4b1228a6,,0.0,1.0,300.068,46-36,,,,,,,,,,,,,,,,,,,False
300.0,f8df5f5150968e8beed02c87bc2ab666.param,0.0,0.0,0.0,56.471000000000004,1258716603.0,96c44ea60fcde9b7a7cad8259da05a97,,0.0,1.0,300.074,46-36,,,,,,,,,,,,,,,,,,,False
300.0,f8df5f5150968e8beed02c87bc2ab666.param,1.0,0.0,0.0,52.056000000000004,1258716603.0,96c44ea60fcde9b7a7cad8259da05a97,,0.0,1.0,300.085,46-36,,,,,,,,,,,,,,,,,,,False
300.0,f8df5f5150968e8beed02c87bc2ab666.param,2.0,0.0,0.0,53.303999999999995,1258716603.0,96c44ea60fcde9b7a7cad8259da05a97,,0.0,1.0,300.087,46-36,,,,,,,,,,,,,,,,,,,False
300.0,3c59340fb353a585970ae15583e52dc2.param,0.0,0.0,0.0,59.121,1923385776.0,32d9c65b21b26a516fa91399fa2ff4b5,,0.0,1.0,300.08,46-36,,,,,,,,,,,,,,,,,,,False
300.0,3c59340fb353a585970ae15583e52dc2.param,1.0,0.0,0.0,63.373000000000005,1923385776.0,32d9c65b21b26a516fa91399fa2ff4b5,,0.0,1.0,300.079,46-36,,,,,,,,,,,,,,,,,,,False
300.0,3c59340fb353a585970ae15583e52dc2.param,2.0,0.0,0.0,63.256,1923385776.0,32d9c65b21b26a516fa91399fa2ff4b5,,0.0,1.0,300.092,46-36,,,,,,,,,,,,,,,,,,,False
300.0,f48c0154c055dd2d9e427d94e5cc96fd.param,0.0,0.0,0.0,50.846000000000004,1098776393.0,1214df9a97491a9cd0d09108ad06167d,,0.0,1.0,300.079,46-36,,,,,,,,,,,,,,,,,,,False
300.0,f48c0154c055dd2d9e427d94e5cc96fd.param,1.0,0.0,0.0,49.34,1098776393.0,1214df9a97491a9cd0d09108ad06167d,,0.0,1.0,300.08299999999997,46-36,,,,,,,,,,,,,,,,,,,False
300.0,f48c0154c055dd2d9e427d94e5cc96fd.param,2.0,0.0,0.0,51.181000000000004,1098776393.0,1214df9a97491a9cd0d09108ad06167d,,0.0,1.0,300.08299999999997,46-36,,,,,,,,,,,,,,,,,,,False
300.0,ebfb38d0b486754d6704faf1ad393db8.param,0.0,0.0,0.0,24.320999999999998,1234135464.0,c926416dd102ea5988009551c4cabb4b,,0.0,1.0,300.067,46-36,,,,,,,,,,,,,,,,,,,False
300.0,ebfb38d0b486754d6704faf1ad393db8.param,1.0,0.0,0.0,23.374000000000002,1234135464.0,c926416dd102ea5988009551c4cabb4b,,0.0,1.0,300.06,46-36,,,,,,,,,,,,,,,,,,,False
300.0,ebfb38d0b486754d6704faf1ad393db8.param,2.0,0.0,0.0,22.72,1234135464.0,c926416dd102ea5988009551c4cabb4b,,0.0,1.0,300.061,46-36,,,,,,,,,,,,,,,,,,,False
300.0,3202e56149cbd27d0de3bdbd879f81e3.param,0.0,0.0,0.0,12.959000000000001,83966730.0,b06e1be3b2c84771631ae34c6ff8aeef,,0.0,1.0,300.057,46-36,,,,,,,,,,,,,,,,,,,False
300.0,3202e56149cbd27d0de3bdbd879f81e3.param,1.0,0.0,0.0,13.263,83966730.0,b06e1be3b2c84771631ae34c6ff8aeef,,0.0,1.0,300.061,46-36,,,,,,,,,,,,,,,,,,,False
300.0,3202e56149cbd27d0de3bdbd879f81e3.param,2.0,0.0,0.0,12.954,83966730.0,b06e1be3b2c84771631ae34c6ff8aeef,,0.0,1.0,300.056,46-36,,,,,,,,,,,,,,,,,,,False
300.0,9f516f1949bb094c061b924b07b9239e.param,0.0,0.0,0.0,24.209,1234135464.0,05f27b41e945a7b597f1503475ce3083,,0.0,1.0,300.06,46-36,,,,,,,,,,,,,,,,,,,False
300.0,9f516f1949bb094c061b924b07b9239e.param,1.0,0.0,0.0,28.372,1234135464.0,05f27b41e945a7b597f1503475ce3083,,0.0,1.0,300.062,46-36,,,,,,,,,,,,,,,,,,,False
300.0,9f516f1949bb094c061b924b07b9239e.param,2.0,0.0,0.0,28.596,1234135464.0,05f27b41e945a7b597f1503475ce3083,,0.0,1.0,300.073,46-36,,,,,,,,,,,,,,,,,,,False
300.0,6074526f967671a9c7cc808bdb4dbadb.param,0.0,0.0,0.0,78.12100000000001,1470727592.0,4a267ac57c1e180b2537caaf70b4293a,,0.0,1.0,300.101,46-36,,,,,,,,,,,,,,,,,,,False
300.0,6074526f967671a9c7cc808bdb4dbadb.param,1.0,0.0,0.0,70.464,1470727592.0,4a267ac57c1e180b2537caaf70b4293a,,0.0,1.0,300.111,46-36,,,,,,,,,,,,,,,,,,,False
300.0,6074526f967671a9c7cc808bdb4dbadb.param,2.0,0.0,0.0,78.32,1470727592.0,4a267ac57c1e180b2537caaf70b4293a,,0.0,1.0,300.091,46-36,,,,,,,,,,,,,,,,,,,False
300.0,ecf255cfa79dc1390125d72e88196842.param,0.0,0.0,0.0,27.361,2050821110.0,9ea4749caaaca37745139019fdc741ff,,0.0,1.0,300.079,46-36,,,,,,,,,,,,,,,,,,,False
300.0,ecf255cfa79dc1390125d72e88196842.param,1.0,0.0,0.0,28.224,2050821110.0,9ea4749caaaca37745139019fdc741ff,,0.0,1.0,300.069,46-36,,,,,,,,,,,,,,,,,,,False
300.0,ecf255cfa79dc1390125d72e88196842.param,2.0,0.0,0.0,27.941,2050821110.0,9ea4749caaaca37745139019fdc741ff,,0.0,1.0,300.068,46-36,,,,,,,,,,,,,,,,,,,False
300.0,880c13fc9e1ae18f82e743ba707577a8.param,0.0,0.0,0.0,49.037,1923385776.0,5cfe08bb1cfa7f6d12961c7ba20a5473,,0.0,1.0,300.075,46-36,,,,,,,,,,,,,,,,,,,False
300.0,880c13fc9e1ae18f82e743ba707577a8.param,1.0,0.0,0.0,46.617,1923385776.0,5cfe08bb1cfa7f6d12961c7ba20a5473,,0.0,1.0,300.072,46-36,,,,,,,,,,,,,,,,,,,False
300.0,880c13fc9e1ae18f82e743ba707577a8.param,2.0,0.0,0.0,46.916000000000004,1923385776.0,5cfe08bb1cfa7f6d12961c7ba20a5473,,0.0,1.0,300.066,46-36,,,,,,,,,,,,,,,,,,,False
300.0,928666ecc0a7811fd6c441352737063c.param,0.0,0.0,0.0,86.167,823094821.0,7f410e73f3a91a9a10cd1bbf1a5351ce,,0.0,1.0,300.139,46-36,,,,,,,,,,,,,,,,,,,False
300.0,928666ecc0a7811fd6c441352737063c.param,1.0,0.0,0.0,85.876,823094821.0,7f410e73f3a91a9a10cd1bbf1a5351ce,,0.0,1.0,300.099,46-36,,,,,,,,,,,,,,,,,,,False
300.0,928666ecc0a7811fd6c441352737063c.param,2.0,0.0,0.0,89.78299999999999,823094821.0,7f410e73f3a91a9a10cd1bbf1a5351ce,,0.0,1.0,300.122,46-36,,,,,,,,,,,,,,,,,,,False
300.0,40381a7c5087f4ca968ce41333deeb15.param,0.0,0.0,0.0,28.051,746355495.0,a140501ad5718fb7b18934058a1ae921,,0.0,1.0,300.068,46-36,,,,,,,,,,,,,,,,,,,False
300.0,40381a7c5087f4ca968ce41333deeb15.param,1.0,0.0,0.0,26.191,746355495.0,a140501ad5718fb7b18934058a1ae921,,0.0,1.0,300.061,46-36,,,,,,,,,,,,,,,,,,,False
300.0,40381a7c5087f4ca968ce41333deeb15.param,2.0,0.0,0.0,25.796999999999997,746355495.0,a140501ad5718fb7b18934058a1ae921,,0.0,1.0,300.065,46-36,,,,,,,,,,,,,,,,,,,False
300.0,b1fed41c662b810a67f17347ca208a34.param,0.0,0.0,0.0,39.008,1145031130.0,926dcdc58277ed2157e686769aed4df6,,0.0,1.0,300.07599999999996,46-36,,,,,,,,,,,,,,,,,,,False
300.0,b1fed41c662b810a67f17347ca208a34.param,1.0,0.0,0.0,42.04,1145031130.0,926dcdc58277ed2157e686769aed4df6,,0.0,1.0,300.085,46-36,,,,,,,,,,,,,,,,,,,False
300.0,b1fed41c662b810a67f17347ca208a34.param,2.0,0.0,0.0,38.262,1145031130.0,926dcdc58277ed2157e686769aed4df6,,0.0,1.0,300.08799999999997,46-36,,,,,,,,,,,,,,,,,,,False
300.0,62e2738034d51eb1ca2518ead10bb1b8.param,0.0,0.0,0.0,14.104000000000001,270657042.0,7fb5488614676398143ed065a8874c3d,,0.0,1.0,300.064,46-36,,,,,,,,,,,,,,,,,,,False
300.0,62e2738034d51eb1ca2518ead10bb1b8.param,1.0,0.0,0.0,14.235999999999999,270657042.0,7fb5488614676398143ed065a8874c3d,,0.0,1.0,300.067,46-36,,,,,,,,,,,,,,,,,,,False
300.0,62e2738034d51eb1ca2518ead10bb1b8.param,2.0,0.0,0.0,15.440999999999999,270657042.0,7fb5488614676398143ed065a8874c3d,,0.0,1.0,300.067,46-36,,,,,,,,,,,,,,,,,,,False
300.0,92f07d9616904178c202cd6d7e0ae97d.param,0.0,0.0,0.0,29.288,1098776393.0,8de5e75a1823cfb4c64c6b7d8dfa2cb0,,0.0,1.0,300.072,46-36,,,,,,,,,,,,,,,,,,,False
300.0,92f07d9616904178c202cd6d7e0ae97d.param,1.0,0.0,0.0,27.219,1098776393.0,8de5e75a1823cfb4c64c6b7d8dfa2cb0,,0.0,1.0,300.135,46-36,,,,,,,,,,,,,,,,,,,False
300.0,92f07d9616904178c202cd6d7e0ae97d.param,2.0,0.0,0.0,29.715999999999998,1098776393.0,8de5e75a1823cfb4c64c6b7d8dfa2cb0,,0.0,1.0,300.065,46-36,,,,,,,,,,,,,,,,,,,False
300.0,d62c2a52625c21dd4bc4370bcd02db43.param,0.0,0.0,0.0,41.82,554543104.0,cdf76ff6214fa9a7e02940b3055930e2,,0.0,1.0,300.08799999999997,46-36,,,,,,,,,,,,,,,,,,,False
300.0,d62c2a52625c21dd4bc4370bcd02db43.param,1.0,0.0,0.0,43.405,554543104.0,cdf76ff6214fa9a7e02940b3055930e2,,0.0,1.0,300.087,46-36,,,,,,,,,,,,,,,,,,,False
300.0,d62c2a52625c21dd4bc4370bcd02db43.param,2.0,0.0,0.0,42.736000000000004,554543104.0,cdf76ff6214fa9a7e02940b3055930e2,,0.0,1.0,300.074,46-36,,,,,,,,,,,,,,,,,,,False
300.0,10049dd55bf99f7dbc88dc007745262f.param,0.0,0.0,0.0,10.470999999999998,254168822.0,d6f7f092e134a916168d0a3f3248575f,,0.0,1.0,300.059,46-36,,,,,,,,,,,,,,,,,,,False
300.0,10049dd55bf99f7dbc88dc007745262f.param,1.0,0.0,0.0,11.005,254168822.0,d6f7f092e134a916168d0a3f3248575f,,0.0,1.0,300.052,46-36,,,,,,,,,,,,,,,,,,,False
300.0,10049dd55bf99f7dbc88dc007745262f.param,2.0,0.0,0.0,10.863,254168822.0,d6f7f092e134a916168d0a3f3248575f,,0.0,1.0,300.053,46-36,,,,,,,,,,,,,,,,,,,False
300.0,8b3ad6188dc92a4335827c8e01628c0f.param,0.0,0.0,0.0,33.359,182366586.0,cf3dc1a5c2eb4707790d4dcc61720d66,,0.0,1.0,300.062,46-8,,,,,,,,,,,,,,,,,,,False
300.0,8b3ad6188dc92a4335827c8e01628c0f.param,1.0,0.0,0.0,34.328,182366586.0,cf3dc1a5c2eb4707790d4dcc61720d66,,0.0,1.0,300.069,46-8,,,,,,,,,,,,,,,,,,,False
300.0,8b3ad6188dc92a4335827c8e01628c0f.param,2.0,0.0,0.0,32.32,182366586.0,cf3dc1a5c2eb4707790d4dcc61720d66,,0.0,1.0,300.069,46-8,,,,,,,,,,,,,,,,,,,False
300.0,b6b46bc646920ea1298e9f12b19fab10.param,0.0,0.0,0.0,45.191,254168822.0,afb66a1b920223d98daf6496b2f953b4,,0.0,1.0,300.094,46-36,,,,,,,,,,,,,,,,,,,False
300.0,b6b46bc646920ea1298e9f12b19fab10.param,1.0,0.0,0.0,46.288000000000004,254168822.0,afb66a1b920223d98daf6496b2f953b4,,0.0,1.0,300.111,46-36,,,,,,,,,,,,,,,,,,,False
300.0,b6b46bc646920ea1298e9f12b19fab10.param,2.0,0.0,0.0,45.165,254168822.0,afb66a1b920223d98daf6496b2f953b4,,0.0,1.0,300.07599999999996,46-36,,,,,,,,,,,,,,,,,,,False
300.0,5fef6050cdd12ec4963b342a00b8769f.param,0.0,0.0,0.0,52.119,335975281.0,1c5364112b7a1ae3733b586db36ee853,,0.0,1.0,300.073,46-8,,,,,,,,,,,,,,,,,,,False
300.0,5fef6050cdd12ec4963b342a00b8769f.param,1.0,0.0,0.0,50.056000000000004,335975281.0,1c5364112b7a1ae3733b586db36ee853,,0.0,1.0,300.07599999999996,46-8,,,,,,,,,,,,,,,,,,,False
300.0,5fef6050cdd12ec4963b342a00b8769f.param,2.0,0.0,0.0,52.275,335975281.0,1c5364112b7a1ae3733b586db36ee853,,0.0,1.0,300.096,46-8,,,,,,,,,,,,,,,,,,,False
300.0,a41351309b1ab4b5310538c23b8dec0e.param,0.0,0.0,0.0,61.28,1234135464.0,801255bad5ee943a155e00c3a6237e06,,0.0,1.0,300.095,46-8,,,,,,,,,,,,,,,,,,,False
300.0,a41351309b1ab4b5310538c23b8dec0e.param,1.0,0.0,0.0,58.574,1234135464.0,801255bad5ee943a155e00c3a6237e06,,0.0,1.0,300.096,46-8,,,,,,,,,,,,,,,,,,,False
300.0,a41351309b1ab4b5310538c23b8dec0e.param,2.0,0.0,0.0,61.508,1234135464.0,801255bad5ee943a155e00c3a6237e06,,0.0,1.0,300.093,46-8,,,,,,,,,,,,,,,,,,,False
300.0,f77193d98d97a8df35aba3d3d50b907e.param,0.0,0.0,0.0,31.985,646920589.0,546d61386f9c6d49b434c56ac88ce345,,0.0,1.0,300.08299999999997,46-8,,,,,,,,,,,,,,,,,,,False
300.0,f77193d98d97a8df35aba3d3d50b907e.param,1.0,0.0,0.0,32.164,646920589.0,546d61386f9c6d49b434c56ac88ce345,,0.0,1.0,300.07,46-8,,,,,,,,,,,,,,,,,,,False
300.0,f77193d98d97a8df35aba3d3d50b907e.param,2.0,0.0,0.0,34.688,646920589.0,546d61386f9c6d49b434c56ac88ce345,,0.0,1.0,300.07599999999996,46-8,,,,,,,,,,,,,,,,,,,False
300.0,fece5a92f820b73659733b9639b82885.param,0.0,0.0,0.0,16.58,1242281828.0,101517bbc4e023841e29fdf313fb676e,,0.0,1.0,300.064,46-8,,,,,,,,,,,,,,,,,,,False
300.0,fece5a92f820b73659733b9639b82885.param,1.0,0.0,0.0,17.757,1242281828.0,101517bbc4e023841e29fdf313fb676e,,0.0,1.0,300.064,46-8,,,,,,,,,,,,,,,,,,,False
300.0,fece5a92f820b73659733b9639b82885.param,2.0,0.0,0.0,16.927,1242281828.0,101517bbc4e023841e29fdf313fb676e,,0.0,1.0,300.059,46-8,,,,,,,,,,,,,,,,,,,False
300.0,b7c1926b06d5191f5f23b3654f7eea8a.param,0.0,0.0,0.0,29.45,1883039101.0,412ca1066269f1520d69a65c5dc75f1e,,0.0,1.0,300.065,46-8,,,,,,,,,,,,,,,,,,,False
300.0,b7c1926b06d5191f5f23b3654f7eea8a.param,1.0,0.0,0.0,33.446,1883039101.0,412ca1066269f1520d69a65c5dc75f1e,,0.0,1.0,300.066,46-8,,,,,,,,,,,,,,,,,,,False
300.0,b7c1926b06d5191f5f23b3654f7eea8a.param,2.0,0.0,0.0,32.314,1883039101.0,412ca1066269f1520d69a65c5dc75f1e,,0.0,1.0,300.056,46-8,,,,,,,,,,,,,,,,,,,False
300.0,9feb6f2064b86f090bb3887f069a4d0d.param,0.0,0.0,0.0,66.33800000000001,1918631718.0,9eafb29ba99f5872e256cc90222d3e0c,,0.0,1.0,300.089,46-8,,,,,,,,,,,,,,,,,,,False
300.0,9feb6f2064b86f090bb3887f069a4d0d.param,1.0,0.0,0.0,65.122,1918631718.0,9eafb29ba99f5872e256cc90222d3e0c,,0.0,1.0,300.08,46-8,,,,,,,,,,,,,,,,,,,False
300.0,9feb6f2064b86f090bb3887f069a4d0d.param,2.0,0.0,0.0,62.82899999999999,1918631718.0,9eafb29ba99f5872e256cc90222d3e0c,,0.0,1.0,300.08299999999997,46-8,,,,,,,,,,,,,,,,,,,False
300.0,3c59340fb353a585970ae15583e52dc2.param,0.0,0.0,0.0,61.407,1923385776.0,498f07c8de1413da8023c2f6cecd3fa6,,0.0,1.0,300.11400000000003,46-8,,,,,,,,,,,,,,,,,,,False
300.0,3c59340fb353a585970ae15583e52dc2.param,1.0,0.0,0.0,61.085,1923385776.0,498f07c8de1413da8023c2f6cecd3fa6,,0.0,1.0,300.098,46-8,,,,,,,,,,,,,,,,,,,False
300.0,3c59340fb353a585970ae15583e52dc2.param,2.0,0.0,0.0,64.07,1923385776.0,498f07c8de1413da8023c2f6cecd3fa6,,0.0,1.0,300.094,46-8,,,,,,,,,,,,,,,,,,,False
300.0,be934c0585611c7f00126ccfde3651ad.param,0.0,0.0,0.0,63.769,590654055.0,24d51fd03e6c3db3138c985fc04ee7e3,,0.0,1.0,300.08,46-8,,,,,,,,,,,,,,,,,,,False
300.0,be934c0585611c7f00126ccfde3651ad.param,1.0,0.0,0.0,61.233999999999995,590654055.0,24d51fd03e6c3db3138c985fc04ee7e3,,0.0,1.0,300.095,46-8,,,,,,,,,,,,,,,,,,,False
300.0,be934c0585611c7f00126ccfde3651ad.param,2.0,0.0,0.0,58.974,590654055.0,24d51fd03e6c3db3138c985fc04ee7e3,,0.0,1.0,300.101,46-8,,,,,,,,,,,,,,,,,,,False
300.0,573a8627b23c29141b9965518a1ea628.param,0.0,0.0,0.0,71.596,1057470620.0,86f0509615cf79f708d7e78713a20435,,0.0,1.0,300.14799999999997,46-8,,,,,,,,,,,,,,,,,,,False
300.0,573a8627b23c29141b9965518a1ea628.param,1.0,0.0,0.0,71.02199999999999,1057470620.0,86f0509615cf79f708d7e78713a20435,,0.0,1.0,300.151,46-8,,,,,,,,,,,,,,,,,,,False
300.0,573a8627b23c29141b9965518a1ea628.param,2.0,0.0,0.0,76.431,1057470620.0,86f0509615cf79f708d7e78713a20435,,0.0,1.0,300.115,46-8,,,,,,,,,,,,,,,,,,,False
300.0,f8df5f5150968e8beed02c87bc2ab666.param,0.0,0.0,0.0,56.477,1258716603.0,65298d5dc63b86ec590c1c5704b3996d,,0.0,1.0,300.08299999999997,46-8,,,,,,,,,,,,,,,,,,,False
300.0,f8df5f5150968e8beed02c87bc2ab666.param,1.0,0.0,0.0,58.667,1258716603.0,65298d5dc63b86ec590c1c5704b3996d,,0.0,1.0,300.08299999999997,46-8,,,,,,,,,,,,,,,,,,,False
300.0,f8df5f5150968e8beed02c87bc2ab666.param,2.0,0.0,0.0,54.321000000000005,1258716603.0,65298d5dc63b86ec590c1c5704b3996d,,0.0,1.0,300.087,46-8,,,,,,,,,,,,,,,,,,,False
300.0,ebfb38d0b486754d6704faf1ad393db8.param,0.0,0.0,0.0,23.101,1234135464.0,702706ab0a6dac4f723659792527e37e,,0.0,1.0,300.064,46-8,,,,,,,,,,,,,,,,,,,False
300.0,ebfb38d0b486754d6704faf1ad393db8.param,1.0,0.0,0.0,22.951999999999998,1234135464.0,702706ab0a6dac4f723659792527e37e,,0.0,1.0,300.064,46-8,,,,,,,,,,,,,,,,,,,False
300.0,ebfb38d0b486754d6704faf1ad393db8.param,2.0,0.0,0.0,23.248,1234135464.0,702706ab0a6dac4f723659792527e37e,,0.0,1.0,300.066,46-8,,,,,,,,,,,,,,,,,,,False
300.0,f48c0154c055dd2d9e427d94e5cc96fd.param,0.0,0.0,0.0,52.256,1098776393.0,258219bcab34702b3417eabed467ad6e,,0.0,1.0,300.064,46-8,,,,,,,,,,,,,,,,,,,False
300.0,f48c0154c055dd2d9e427d94e5cc96fd.param,1.0,0.0,0.0,49.086000000000006,1098776393.0,258219bcab34702b3417eabed467ad6e,,0.0,1.0,300.075,46-8,,,,,,,,,,,,,,,,,,,False
300.0,f48c0154c055dd2d9e427d94e5cc96fd.param,2.0,0.0,0.0,47.411,1098776393.0,258219bcab34702b3417eabed467ad6e,,0.0,1.0,300.07099999999997,46-8,,,,,,,,,,,,,,,,,,,False
300.0,c561707c3f0ff054acd49c4f7f7f9eae.param,0.0,0.0,0.0,71.512,590654055.0,ba3924248ca9d8b86c6db6d4d16cbf94,,0.0,1.0,300.105,46-8,,,,,,,,,,,,,,,,,,,False
300.0,c561707c3f0ff054acd49c4f7f7f9eae.param,1.0,0.0,0.0,69.962,590654055.0,ba3924248ca9d8b86c6db6d4d16cbf94,,0.0,1.0,300.10200000000003,46-8,,,,,,,,,,,,,,,,,,,False
300.0,c561707c3f0ff054acd49c4f7f7f9eae.param,2.0,0.0,0.0,73.49600000000001,590654055.0,ba3924248ca9d8b86c6db6d4d16cbf94,,0.0,1.0,300.1,46-8,,,,,,,,,,,,,,,,,,,False
300.0,3202e56149cbd27d0de3bdbd879f81e3.param,0.0,0.0,0.0,14.022,83966730.0,5995a94af48c663d41ed9e0e85b0d877,,0.0,1.0,300.059,46-8,,,,,,,,,,,,,,,,,,,False
300.0,3202e56149cbd27d0de3bdbd879f81e3.param,1.0,0.0,0.0,13.319,83966730.0,5995a94af48c663d41ed9e0e85b0d877,,0.0,1.0,300.06,46-8,,,,,,,,,,,,,,,,,,,False
300.0,3202e56149cbd27d0de3bdbd879f81e3.param,2.0,0.0,0.0,13.31,83966730.0,5995a94af48c663d41ed9e0e85b0d877,,0.0,1.0,300.059,46-8,,,,,,,,,,,,,,,,,,,False
300.0,813211425de754d47420bda81be7c3af.param,0.0,0.0,0.0,29.303,2028359165.0,36628189da15be1000b898fe5de8e322,,0.0,1.0,300.053,46-8,,,,,,,,,,,,,,,,,,,False
300.0,813211425de754d47420bda81be7c3af.param,1.0,0.0,0.0,25.991999999999997,2028359165.0,36628189da15be1000b898fe5de8e322,,0.0,1.0,300.055,46-8,,,,,,,,,,,,,,,,,,,False
300.0,813211425de754d47420bda81be7c3af.param,2.0,0.0,0.0,26.182,2028359165.0,36628189da15be1000b898fe5de8e322,,0.0,1.0,300.052,46-8,,,,,,,,,,,,,,,,,,,False
300.0,356667c28689cc2615ddddc6ad11e53e.param,0.0,0.0,0.0,78.736,693280077.0,84930c1a0d40dd7a1224c4956df97070,,0.0,1.0,300.111,46-8,,,,,,,,,,,,,,,,,,,False
300.0,356667c28689cc2615ddddc6ad11e53e.param,1.0,0.0,0.0,73.183,693280077.0,84930c1a0d40dd7a1224c4956df97070,,0.0,1.0,300.086,46-8,,,,,,,,,,,,,,,,,,,False
300.0,356667c28689cc2615ddddc6ad11e53e.param,2.0,0.0,0.0,80.50399999999999,693280077.0,84930c1a0d40dd7a1224c4956df97070,,0.0,1.0,300.113,46-8,,,,,,,,,,,,,,,,,,,False
300.0,6074526f967671a9c7cc808bdb4dbadb.param,0.0,0.0,0.0,71.875,1470727592.0,2c5ae020dfe0f61b165b7d6f465174d4,,0.0,1.0,300.096,46-8,,,,,,,,,,,,,,,,,,,False
300.0,6074526f967671a9c7cc808bdb4dbadb.param,1.0,0.0,0.0,73.547,1470727592.0,2c5ae020dfe0f61b165b7d6f465174d4,,0.0,1.0,300.127,46-8,,,,,,,,,,,,,,,,,,,False
300.0,6074526f967671a9c7cc808bdb4dbadb.param,2.0,0.0,0.0,76.35600000000001,1470727592.0,2c5ae020dfe0f61b165b7d6f465174d4,,0.0,1.0,300.086,46-8,,,,,,,,,,,,,,,,,,,False
300.0,2389afb57cc1c7542bfddc76320706af.param,0.0,0.0,0.0,37.311,1405409883.0,b7876668d0c5ac0075485fa2ae3972e9,,0.0,1.0,300.063,46-8,,,,,,,,,,,,,,,,,,,False
300.0,2389afb57cc1c7542bfddc76320706af.param,1.0,0.0,0.0,38.199,1405409883.0,b7876668d0c5ac0075485fa2ae3972e9,,0.0,1.0,300.069,46-8,,,,,,,,,,,,,,,,,,,False
300.0,2389afb57cc1c7542bfddc76320706af.param,2.0,0.0,0.0,37.049,1405409883.0,b7876668d0c5ac0075485fa2ae3972e9,,0.0,1.0,300.065,46-8,,,,,,,,,,,,,,,,,,,False
300.0,7ee038a2d306328bf29f3cc3ddd33ea0.param,0.0,0.0,0.0,64.472,2050821110.0,9eeeb94ddaa388ccd7c89beb03da7e07,,0.0,1.0,300.097,46-8,,,,,,,,,,,,,,,,,,,False
300.0,7ee038a2d306328bf29f3cc3ddd33ea0.param,1.0,0.0,0.0,63.793,2050821110.0,9eeeb94ddaa388ccd7c89beb03da7e07,,0.0,1.0,300.113,46-8,,,,,,,,,,,,,,,,,,,False
300.0,7ee038a2d306328bf29f3cc3ddd33ea0.param,2.0,0.0,0.0,63.458999999999996,2050821110.0,9eeeb94ddaa388ccd7c89beb03da7e07,,0.0,1.0,300.099,46-8,,,,,,,,,,,,,,,,,,,False
300.0,589bbf864478462408d49f56b3acebc9.param,0.0,0.0,0.0,51.331,182366586.0,4f9acbe61e0b65ae22e8a479fcb4d77e,,0.0,1.0,300.073,46-8,,,,,,,,,,,,,,,,,,,False
300.0,589bbf864478462408d49f56b3acebc9.param,1.0,0.0,0.0,51.597,182366586.0,4f9acbe61e0b65ae22e8a479fcb4d77e,,0.0,1.0,300.077,46-8,,,,,,,,,,,,,,,,,,,False
300.0,589bbf864478462408d49f56b3acebc9.param,2.0,0.0,0.0,47.938,182366586.0,4f9acbe61e0b65ae22e8a479fcb4d77e,,0.0,1.0,300.085,46-8,,,,,,,,,,,,,,,,,,,False
300.0,400673ca8ff3edef3535b5791da29758.param,0.0,0.0,0.0,27.988000000000003,1139903203.0,3bc5d64600af0efedea598c4737185f4,,0.0,1.0,300.064,46-8,,,,,,,,,,,,,,,,,,,False
300.0,400673ca8ff3edef3535b5791da29758.param,1.0,0.0,0.0,29.796999999999997,1139903203.0,3bc5d64600af0efedea598c4737185f4,,0.0,1.0,300.072,46-8,,,,,,,,,,,,,,,,,,,False
300.0,400673ca8ff3edef3535b5791da29758.param,2.0,0.0,0.0,30.349,1139903203.0,3bc5d64600af0efedea598c4737185f4,,0.0,1.0,300.068,46-8,,,,,,,,,,,,,,,,,,,False
300.0,1ec21c7d8e15d35901cd608efade836b.param,0.0,0.0,0.0,8.789,1802391418.0,cef564bb3d5642245ea44415b4de84e7,,0.0,1.0,300.053,46-8,,,,,,,,,,,,,,,,,,,False
300.0,1ec21c7d8e15d35901cd608efade836b.param,1.0,0.0,0.0,8.291,1802391418.0,cef564bb3d5642245ea44415b4de84e7,,0.0,1.0,300.05400000000003,46-8,,,,,,,,,,,,,,,,,,,False
300.0,1ec21c7d8e15d35901cd608efade836b.param,2.0,0.0,0.0,8.225,1802391418.0,cef564bb3d5642245ea44415b4de84e7,,0.0,1.0,300.057,46-8,,,,,,,,,,,,,,,,,,,False
300.0,9f516f1949bb094c061b924b07b9239e.param,0.0,0.0,0.0,25.987,1234135464.0,563a74ef10a038a72eba34a978574e81,,0.0,1.0,300.065,46-8,,,,,,,,,,,,,,,,,,,False
300.0,9f516f1949bb094c061b924b07b9239e.param,1.0,0.0,0.0,24.349,1234135464.0,563a74ef10a038a72eba34a978574e81,,0.0,1.0,300.07,46-8,,,,,,,,,,,,,,,,,,,False
300.0,9f516f1949bb094c061b924b07b9239e.param,2.0,0.0,0.0,27.107,1234135464.0,563a74ef10a038a72eba34a978574e81,,0.0,1.0,300.072,46-8,,,,,,,,,,,,,,,,,,,False
300.0,911e1a0f8b4680f2864fa59b12973cad.param,0.0,0.0,0.0,39.868,1145031130.0,486c22e7056c237a3b15e54e4d4675b4,,0.0,1.0,300.067,46-8,,,,,,,,,,,,,,,,,,,False
300.0,911e1a0f8b4680f2864fa59b12973cad.param,1.0,0.0,0.0,39.529,1145031130.0,486c22e7056c237a3b15e54e4d4675b4,,0.0,1.0,300.07599999999996,46-8,,,,,,,,,,,,,,,,,,,False
300.0,911e1a0f8b4680f2864fa59b12973cad.param,2.0,0.0,0.0,42.034,1145031130.0,486c22e7056c237a3b15e54e4d4675b4,,0.0,1.0,300.074,46-8,,,,,,,,,,,,,,,,,,,False
300.0,3631b5ebf342811f42ca903194874739.param,0.0,0.0,0.0,22.070999999999998,254168822.0,ba9bc5d8218c7006c29a9b1197a2ff5d,,0.0,1.0,300.064,46-8,,,,,,,,,,,,,,,,,,,False
300.0,3631b5ebf342811f42ca903194874739.param,1.0,0.0,0.0,21.015,254168822.0,ba9bc5d8218c7006c29a9b1197a2ff5d,,0.0,1.0,300.067,46-8,,,,,,,,,,,,,,,,,,,False
300.0,3631b5ebf342811f42ca903194874739.param,2.0,0.0,0.0,21.555999999999997,254168822.0,ba9bc5d8218c7006c29a9b1197a2ff5d,,0.0,1.0,300.06,46-8,,,,,,,,,,,,,,,,,,,False
300.0,8ee114f3baa9833ce2ff8acd1c2f17dc.param,0.0,0.0,0.0,39.476,1242281828.0,3660bcabf7736eeef200752171d463ae,,0.0,1.0,300.07599999999996,46-8,,,,,,,,,,,,,,,,,,,False
300.0,8ee114f3baa9833ce2ff8acd1c2f17dc.param,1.0,0.0,0.0,35.491,1242281828.0,3660bcabf7736eeef200752171d463ae,,0.0,1.0,300.072,46-8,,,,,,,,,,,,,,,,,,,False
300.0,8ee114f3baa9833ce2ff8acd1c2f17dc.param,2.0,0.0,0.0,34.986999999999995,1242281828.0,3660bcabf7736eeef200752171d463ae,,0.0,1.0,300.082,46-8,,,,,,,,,,,,,,,,,,,False
300.0,880c13fc9e1ae18f82e743ba707577a8.param,0.0,0.0,0.0,44.81399999999999,1923385776.0,5ea6f7022476ce923fae446c182f9c0a,,0.0,1.0,300.077,46-8,,,,,,,,,,,,,,,,,,,False
300.0,880c13fc9e1ae18f82e743ba707577a8.param,1.0,0.0,0.0,46.297,1923385776.0,5ea6f7022476ce923fae446c182f9c0a,,0.0,1.0,300.08,46-8,,,,,,,,,,,,,,,,,,,False
300.0,880c13fc9e1ae18f82e743ba707577a8.param,2.0,0.0,0.0,45.733000000000004,1923385776.0,5ea6f7022476ce923fae446c182f9c0a,,0.0,1.0,300.078,46-8,,,,,,,,,,,,,,,,,,,False
300.0,1a9658e08918a7701123bae3cad3fdfa.param,0.0,0.0,0.0,23.791,2136253402.0,534df512fd7e863506e595832a18f7aa,,0.0,1.0,300.063,46-8,,,,,,,,,,,,,,,,,,,False
300.0,1a9658e08918a7701123bae3cad3fdfa.param,1.0,0.0,0.0,23.278000000000002,2136253402.0,534df512fd7e863506e595832a18f7aa,,0.0,1.0,300.073,46-8,,,,,,,,,,,,,,,,,,,False
300.0,1a9658e08918a7701123bae3cad3fdfa.param,2.0,0.0,0.0,24.761,2136253402.0,534df512fd7e863506e595832a18f7aa,,0.0,1.0,300.064,46-8,,,,,,,,,,,,,,,,,,,False
300.0,928666ecc0a7811fd6c441352737063c.param,0.0,0.0,0.0,87.13600000000001,823094821.0,2469274416cb080c12c0151f6d4f466e,,0.0,1.0,300.112,46-8,,,,,,,,,,,,,,,,,,,False
300.0,928666ecc0a7811fd6c441352737063c.param,1.0,0.0,0.0,84.21600000000001,823094821.0,2469274416cb080c12c0151f6d4f466e,,0.0,1.0,300.128,46-8,,,,,,,,,,,,,,,,,,,False
300.0,928666ecc0a7811fd6c441352737063c.param,2.0,0.0,0.0,88.094,823094821.0,2469274416cb080c12c0151f6d4f466e,,0.0,1.0,300.123,46-8,,,,,,,,,,,,,,,,,,,False
300.0,05e1a93acf56766caa36729883ed69ed.param,0.0,0.0,0.0,100.609,1571287961.0,780a9e51b2b36e975ba0fa4b19c78047,,0.0,1.0,300.119,46-8,,,,,,,,,,,,,,,,,,,False
300.0,05e1a93acf56766caa36729883ed69ed.param,1.0,0.0,0.0,97.48100000000001,1571287961.0,780a9e51b2b36e975ba0fa4b19c78047,,0.0,1.0,300.107,46-8,,,,,,,,,,,,,,,,,,,False
300.0,05e1a93acf56766caa36729883ed69ed.param,2.0,0.0,0.0,107.765,1571287961.0,780a9e51b2b36e975ba0fa4b19c78047,,0.0,1.0,300.107,46-8,,,,,,,,,,,,,,,,,,,False
300.0,ecf255cfa79dc1390125d72e88196842.param,0.0,0.0,0.0,30.281999999999996,2050821110.0,30f7ea6d11f89e2869a1b7b6bf2cbaa4,,0.0,1.0,300.07599999999996,46-8,,,,,,,,,,,,,,,,,,,False
300.0,ecf255cfa79dc1390125d72e88196842.param,1.0,0.0,0.0,29.837,2050821110.0,30f7ea6d11f89e2869a1b7b6bf2cbaa4,,0.0,1.0,300.07599999999996,46-8,,,,,,,,,,,,,,,,,,,False
300.0,ecf255cfa79dc1390125d72e88196842.param,2.0,0.0,0.0,27.875,2050821110.0,30f7ea6d11f89e2869a1b7b6bf2cbaa4,,0.0,1.0,300.075,46-8,,,,,,,,,,,,,,,,,,,False
300.0,a6fb6cef21abb3da58a08c431abe1820.param,0.0,0.0,0.0,39.994,83966730.0,0b5be12cb48ae751ca9b5a3497176880,,0.0,1.0,300.077,46-8,,,,,,,,,,,,,,,,,,,False
300.0,a6fb6cef21abb3da58a08c431abe1820.param,1.0,0.0,0.0,40.722,83966730.0,0b5be12cb48ae751ca9b5a3497176880,,0.0,1.0,300.082,46-8,,,,,,,,,,,,,,,,,,,False
300.0,a6fb6cef21abb3da58a08c431abe1820.param,2.0,0.0,0.0,40.119,83966730.0,0b5be12cb48ae751ca9b5a3497176880,,0.0,1.0,300.08299999999997,46-8,,,,,,,,,,,,,,,,,,,False
300.0,b55bae1f323148019db34cc9c08d6b4b.param,0.0,0.0,0.0,25.511999999999997,693280077.0,f70d4273e3b645ffa1def9e7dd8aca7f,,0.0,1.0,300.07099999999997,46-8,,,,,,,,,,,,,,,,,,,False
300.0,b55bae1f323148019db34cc9c08d6b4b.param,1.0,0.0,0.0,26.686,693280077.0,f70d4273e3b645ffa1def9e7dd8aca7f,,0.0,1.0,300.065,46-8,,,,,,,,,,,,,,,,,,,False
300.0,b55bae1f323148019db34cc9c08d6b4b.param,2.0,0.0,0.0,23.971,693280077.0,f70d4273e3b645ffa1def9e7dd8aca7f,,0.0,1.0,300.059,46-8,,,,,,,,,,,,,,,,,,,False
300.0,982f07b05aa788dcb221cf0f46a98a28.param,0.0,0.0,0.0,17.086,1242281828.0,1a165cbbf0026c484b7671a3385383c5,,0.0,1.0,300.063,46-8,,,,,,,,,,,,,,,,,,,False
300.0,982f07b05aa788dcb221cf0f46a98a28.param,1.0,0.0,0.0,17.021,1242281828.0,1a165cbbf0026c484b7671a3385383c5,,0.0,1.0,300.063,46-8,,,,,,,,,,,,,,,,,,,False
300.0,982f07b05aa788dcb221cf0f46a98a28.param,2.0,0.0,0.0,16.848,1242281828.0,1a165cbbf0026c484b7671a3385383c5,,0.0,1.0,300.064,46-8,,,,,,,,,,,,,,,,,,,False
300.0,23179b628ad596b0808644865ee42008.param,0.0,0.0,0.0,18.972,1083416308.0,7aaf97f75d1a5d3410bf67352d81c23c,,0.0,1.0,300.057,46-8,,,,,,,,,,,,,,,,,,,False
300.0,23179b628ad596b0808644865ee42008.param,1.0,0.0,0.0,19.21,1083416308.0,7aaf97f75d1a5d3410bf67352d81c23c,,0.0,1.0,300.064,46-8,,,,,,,,,,,,,,,,,,,False
300.0,23179b628ad596b0808644865ee42008.param,2.0,0.0,0.0,19.551,1083416308.0,7aaf97f75d1a5d3410bf67352d81c23c,,0.0,1.0,300.062,46-8,,,,,,,,,,,,,,,,,,,False
300.0,947c519055ac35bb731937204fc0d266.param,0.0,0.0,0.0,53.236000000000004,1979567522.0,9c57045cc0a4fcd31aca36dd1854aa69,,0.0,1.0,300.082,46-8,,,,,,,,,,,,,,,,,,,False
300.0,947c519055ac35bb731937204fc0d266.param,1.0,0.0,0.0,53.86600000000001,1979567522.0,9c57045cc0a4fcd31aca36dd1854aa69,,0.0,1.0,300.093,46-8,,,,,,,,,,,,,,,,,,,False
300.0,947c519055ac35bb731937204fc0d266.param,2.0,0.0,0.0,57.288999999999994,1979567522.0,9c57045cc0a4fcd31aca36dd1854aa69,,0.0,1.0,300.097,46-8,,,,,,,,,,,,,,,,,,,False
300.0,2b9f5024001a051a59314cacbe0b17e8.param,0.0,0.0,0.0,52.074,1235388569.0,5eee547176b6bae689a9ddf185165c75,,0.0,1.0,300.086,46-8,,,,,,,,,,,,,,,,,,,False
300.0,2b9f5024001a051a59314cacbe0b17e8.param,1.0,0.0,0.0,54.536,1235388569.0,5eee547176b6bae689a9ddf185165c75,,0.0,1.0,300.074,46-8,,,,,,,,,,,,,,,,,,,False
300.0,2b9f5024001a051a59314cacbe0b17e8.param,2.0,0.0,0.0,55.674,1235388569.0,5eee547176b6bae689a9ddf185165c75,,0.0,1.0,300.079,46-8,,,,,,,,,,,,,,,,,,,False
300.0,3cadb3807e2a210325a234888d281fbd.param,0.0,0.0,0.0,7.672999999999999,1242281828.0,fd75a40627702f42ad68b67628e608b2,,0.0,1.0,300.053,46-8,,,,,,,,,,,,,,,,,,,False
300.0,3cadb3807e2a210325a234888d281fbd.param,1.0,0.0,0.0,7.48,1242281828.0,fd75a40627702f42ad68b67628e608b2,,0.0,1.0,300.05,46-8,,,,,,,,,,,,,,,,,,,False
300.0,3cadb3807e2a210325a234888d281fbd.param,2.0,0.0,0.0,8.28,1242281828.0,fd75a40627702f42ad68b67628e608b2,,0.0,1.0,300.052,46-8,,,,,,,,,,,,,,,,,,,False
300.0,5270155d690360dab58e1b470ef17ea7.param,0.0,0.0,0.0,39.483000000000004,270657042.0,f59c3205aeb1e59c1e8fc5574731716c,,0.0,1.0,300.079,46-8,,,,,,,,,,,,,,,,,,,False
300.0,5270155d690360dab58e1b470ef17ea7.param,1.0,0.0,0.0,37.975,270657042.0,f59c3205aeb1e59c1e8fc5574731716c,,0.0,1.0,300.074,46-8,,,,,,,,,,,,,,,,,,,False
300.0,5270155d690360dab58e1b470ef17ea7.param,2.0,0.0,0.0,39.575,270657042.0,f59c3205aeb1e59c1e8fc5574731716c,,0.0,1.0,300.079,46-8,,,,,,,,,,,,,,,,,,,False
300.0,7c8d5058b5b148685018d3330ac42f68.param,0.0,0.0,0.0,47.192,1258716603.0,bbfc88eaee8df58f70d82a10a081207a,,0.0,1.0,300.078,46-8,,,,,,,,,,,,,,,,,,,False
300.0,7c8d5058b5b148685018d3330ac42f68.param,1.0,0.0,0.0,46.854,1258716603.0,bbfc88eaee8df58f70d82a10a081207a,,0.0,1.0,300.09,46-8,,,,,,,,,,,,,,,,,,,False
300.0,7c8d5058b5b148685018d3330ac42f68.param,2.0,0.0,0.0,46.167,1258716603.0,bbfc88eaee8df58f70d82a10a081207a,,0.0,1.0,300.084,46-8,,,,,,,,,,,,,,,,,,,False
300.0,62e0a8d6f7569c04cf8f5f709636e77e.param,0.0,0.0,0.0,28.575,1057470620.0,463068f24e2a50652427e15169cff475,,0.0,1.0,300.064,46-8,,,,,,,,,,,,,,,,,,,False
300.0,62e0a8d6f7569c04cf8f5f709636e77e.param,1.0,0.0,0.0,26.186999999999998,1057470620.0,463068f24e2a50652427e15169cff475,,0.0,1.0,300.07,46-8,,,,,,,,,,,,,,,,,,,False
300.0,62e0a8d6f7569c04cf8f5f709636e77e.param,2.0,0.0,0.0,29.127,1057470620.0,463068f24e2a50652427e15169cff475,,0.0,1.0,300.064,46-8,,,,,,,,,,,,,,,,,,,False
300.0,38650beb2ce576c812a3ef6ac5621787.param,0.0,0.0,0.0,9.417,83966730.0,59ec1b34d34e5d53e6306c442ce07281,,0.0,1.0,300.05400000000003,46-8,,,,,,,,,,,,,,,,,,,False
300.0,38650beb2ce576c812a3ef6ac5621787.param,1.0,0.0,0.0,9.5,83966730.0,59ec1b34d34e5d53e6306c442ce07281,,0.0,1.0,300.055,46-8,,,,,,,,,,,,,,,,,,,False
300.0,38650beb2ce576c812a3ef6ac5621787.param,2.0,0.0,0.0,9.582,83966730.0,59ec1b34d34e5d53e6306c442ce07281,,0.0,1.0,300.051,46-8,,,,,,,,,,,,,,,,,,,False
300.0,b1fed41c662b810a67f17347ca208a34.param,0.0,0.0,0.0,38.236,1145031130.0,5c410462e729102e4cb561a8cacf51e8,,0.0,1.0,300.09,46-8,,,,,,,,,,,,,,,,,,,False
300.0,b1fed41c662b810a67f17347ca208a34.param,1.0,0.0,0.0,38.741,1145031130.0,5c410462e729102e4cb561a8cacf51e8,,0.0,1.0,300.069,46-8,,,,,,,,,,,,,,,,,,,False
300.0,b1fed41c662b810a67f17347ca208a34.param,2.0,0.0,0.0,37.968,1145031130.0,5c410462e729102e4cb561a8cacf51e8,,0.0,1.0,300.08,46-8,,,,,,,,,,,,,,,,,,,False
300.0,62b5368b71f5a58af6d0df94093218da.param,0.0,0.0,0.0,49.004,590654055.0,06b08f7fb35cb4d2f253fcf6323bc01e,,0.0,1.0,300.086,46-8,,,,,,,,,,,,,,,,,,,False
300.0,62b5368b71f5a58af6d0df94093218da.param,1.0,0.0,0.0,45.471000000000004,590654055.0,06b08f7fb35cb4d2f253fcf6323bc01e,,0.0,1.0,300.082,46-8,,,,,,,,,,,,,,,,,,,False
300.0,62b5368b71f5a58af6d0df94093218da.param,2.0,0.0,0.0,46.045,590654055.0,06b08f7fb35cb4d2f253fcf6323bc01e,,0.0,1.0,300.092,46-8,,,,,,,,,,,,,,,,,,,False
300.0,45f3b2d841eff242a2cd183a0c58dc4d.param,0.0,0.0,0.0,12.716,1257636424.0,55f391ac116f426d9d789461af898a8f,,0.0,1.0,300.067,46-8,,,,,,,,,,,,,,,,,,,False
300.0,45f3b2d841eff242a2cd183a0c58dc4d.param,1.0,0.0,0.0,12.759,1257636424.0,55f391ac116f426d9d789461af898a8f,,0.0,1.0,300.067,46-8,,,,,,,,,,,,,,,,,,,False
300.0,45f3b2d841eff242a2cd183a0c58dc4d.param,2.0,0.0,0.0,12.957,1257636424.0,55f391ac116f426d9d789461af898a8f,,0.0,1.0,300.067,46-8,,,,,,,,,,,,,,,,,,,False
300.0,902f37d04b6af4dd50620fbce6af0b97.param,0.0,0.0,0.0,51.763999999999996,1258716603.0,9cc163a16f68ba6620edef6605a8cd4f,,0.0,1.0,300.078,46-8,,,,,,,,,,,,,,,,,,,False
300.0,902f37d04b6af4dd50620fbce6af0b97.param,1.0,0.0,0.0,50.43899999999999,1258716603.0,9cc163a16f68ba6620edef6605a8cd4f,,0.0,1.0,300.078,46-8,,,,,,,,,,,,,,,,,,,False
300.0,902f37d04b6af4dd50620fbce6af0b97.param,2.0,0.0,0.0,47.18,1258716603.0,9cc163a16f68ba6620edef6605a8cd4f,,0.0,1.0,300.091,46-8,,,,,,,,,,,,,,,,,,,False
300.0,9c8685614d2fcc8ed75e3df0b278a590.param,0.0,0.0,0.0,29.599,506016928.0,686aea84acb49a16ed6dfd06cded27e9,,0.0,1.0,300.065,46-8,,,,,,,,,,,,,,,,,,,False
300.0,9c8685614d2fcc8ed75e3df0b278a590.param,1.0,0.0,0.0,27.515,506016928.0,686aea84acb49a16ed6dfd06cded27e9,,0.0,1.0,300.072,46-8,,,,,,,,,,,,,,,,,,,False
300.0,9c8685614d2fcc8ed75e3df0b278a590.param,2.0,0.0,0.0,29.638,506016928.0,686aea84acb49a16ed6dfd06cded27e9,,0.0,1.0,300.067,46-8,,,,,,,,,,,,,,,,,,,False
300.0,40381a7c5087f4ca968ce41333deeb15.param,0.0,0.0,0.0,26.351999999999997,746355495.0,9cf1a6cc4c46c90505eecd8edaa10b0b,,0.0,1.0,300.06,46-8,,,,,,,,,,,,,,,,,,,False
300.0,40381a7c5087f4ca968ce41333deeb15.param,1.0,0.0,0.0,25.735,746355495.0,9cf1a6cc4c46c90505eecd8edaa10b0b,,0.0,1.0,300.059,46-8,,,,,,,,,,,,,,,,,,,False
300.0,40381a7c5087f4ca968ce41333deeb15.param,2.0,0.0,0.0,26.646,746355495.0,9cf1a6cc4c46c90505eecd8edaa10b0b,,0.0,1.0,300.065,46-8,,,,,,,,,,,,,,,,,,,False
300.0,056d65a7bb6760a4c29fabc08869fd2b.param,0.0,0.0,0.0,101.91799999999999,160742207.0,48e52252003cc5106269dac2fd92c29d,,0.0,1.0,300.10400000000004,46-8,,,,,,,,,,,,,,,,,,,False
300.0,056d65a7bb6760a4c29fabc08869fd2b.param,1.0,0.0,0.0,97.49799999999999,160742207.0,48e52252003cc5106269dac2fd92c29d,,0.0,1.0,300.11400000000003,46-8,,,,,,,,,,,,,,,,,,,False
300.0,056d65a7bb6760a4c29fabc08869fd2b.param,2.0,0.0,0.0,95.00299999999999,160742207.0,48e52252003cc5106269dac2fd92c29d,,0.0,1.0,300.11,46-8,,,,,,,,,,,,,,,,,,,False
300.0,f3f514a91e7728b0df10399e56f94206.param,0.0,0.0,0.0,19.22,590654055.0,4af3fba002d629419bd1c9bd94fe978d,,0.0,1.0,300.052,46-8,,,,,,,,,,,,,,,,,,,False
300.0,f3f514a91e7728b0df10399e56f94206.param,1.0,0.0,0.0,19.662,590654055.0,4af3fba002d629419bd1c9bd94fe978d,,0.0,1.0,300.058,46-8,,,,,,,,,,,,,,,,,,,False
300.0,f3f514a91e7728b0df10399e56f94206.param,2.0,0.0,0.0,18.521,590654055.0,4af3fba002d629419bd1c9bd94fe978d,,0.0,1.0,300.053,46-8,,,,,,,,,,,,,,,,,,,False
300.0,53797da70b0cf5f28e45644f5fda249f.param,0.0,0.0,0.0,8.713,1923385776.0,656fb99765b241a5734b45249dfcf4a4,,0.0,1.0,300.059,46-8,,,,,,,,,,,,,,,,,,,False
300.0,53797da70b0cf5f28e45644f5fda249f.param,1.0,0.0,0.0,8.755,1923385776.0,656fb99765b241a5734b45249dfcf4a4,,0.0,1.0,300.059,46-8,,,,,,,,,,,,,,,,,,,False
300.0,53797da70b0cf5f28e45644f5fda249f.param,2.0,0.0,0.0,8.899,1923385776.0,656fb99765b241a5734b45249dfcf4a4,,0.0,1.0,300.059,46-8,,,,,,,,,,,,,,,,,,,False
300.0,3a224236b6b589e9f8161cb41fb64421.param,0.0,0.0,0.0,36.114000000000004,2028359165.0,1f6d7ac9c55005a35987391965ca5faa,,0.0,1.0,300.064,46-8,,,,,,,,,,,,,,,,,,,False
300.0,3a224236b6b589e9f8161cb41fb64421.param,1.0,0.0,0.0,38.929,2028359165.0,1f6d7ac9c55005a35987391965ca5faa,,0.0,1.0,300.08,46-8,,,,,,,,,,,,,,,,,,,False
300.0,3a224236b6b589e9f8161cb41fb64421.param,2.0,0.0,0.0,38.07,2028359165.0,1f6d7ac9c55005a35987391965ca5faa,,0.0,1.0,300.072,46-8,,,,,,,,,,,,,,,,,,,False
300.0,accc739b7443ee6f6c986b29106d30b2.param,0.0,0.0,0.0,67.78,1057470620.0,c75e692cbcf55a7786990f00a311cf43,,0.0,1.0,300.103,46-8,,,,,,,,,,,,,,,,,,,False
300.0,accc739b7443ee6f6c986b29106d30b2.param,1.0,0.0,0.0,67.498,1057470620.0,c75e692cbcf55a7786990f00a311cf43,,0.0,1.0,300.091,46-8,,,,,,,,,,,,,,,,,,,False
300.0,accc739b7443ee6f6c986b29106d30b2.param,2.0,0.0,0.0,66.997,1057470620.0,c75e692cbcf55a7786990f00a311cf43,,0.0,1.0,300.106,46-8,,,,,,,,,,,,,,,,,,,False
300.0,55b26376914ebad092e2e305df354383.param,0.0,0.0,0.0,25.482,1470727592.0,1a0c30fdbeb2daaa94661238012ca81a,,0.0,1.0,300.065,46-8,,,,,,,,,,,,,,,,,,,False
300.0,55b26376914ebad092e2e305df354383.param,1.0,0.0,0.0,25.265,1470727592.0,1a0c30fdbeb2daaa94661238012ca81a,,0.0,1.0,300.069,46-8,,,,,,,,,,,,,,,,,,,False
300.0,55b26376914ebad092e2e305df354383.param,2.0,0.0,0.0,25.18,1470727592.0,1a0c30fdbeb2daaa94661238012ca81a,,0.0,1.0,300.058,46-8,,,,,,,,,,,,,,,,,,,False
300.0,c73e9bafac569591c4ea47d45cfac20c.param,0.0,0.0,0.0,29.574,1918631718.0,2aacf2f9318ed54bdcabdd0e2ac30a5a,,0.0,1.0,300.078,46-8,,,,,,,,,,,,,,,,,,,False
300.0,c73e9bafac569591c4ea47d45cfac20c.param,1.0,0.0,0.0,28.416999999999998,1918631718.0,2aacf2f9318ed54bdcabdd0e2ac30a5a,,0.0,1.0,300.075,46-8,,,,,,,,,,,,,,,,,,,False
300.0,c73e9bafac569591c4ea47d45cfac20c.param,2.0,0.0,0.0,29.128,1918631718.0,2aacf2f9318ed54bdcabdd0e2ac30a5a,,0.0,1.0,300.067,46-8,,,,,,,,,,,,,,,,,,,False
300.0,971e5d247ffd98140d5d9199460cd7b4.param,0.0,0.0,0.0,30.941,1257636424.0,50ed3f49dada57f9c6c933502f548b2c,,0.0,1.0,300.072,46-8,,,,,,,,,,,,,,,,,,,False
300.0,971e5d247ffd98140d5d9199460cd7b4.param,1.0,0.0,0.0,32.567,1257636424.0,50ed3f49dada57f9c6c933502f548b2c,,0.0,1.0,300.077,46-8,,,,,,,,,,,,,,,,,,,False
300.0,971e5d247ffd98140d5d9199460cd7b4.param,2.0,0.0,0.0,30.868000000000002,1257636424.0,50ed3f49dada57f9c6c933502f548b2c,,0.0,1.0,300.064,46-8,,,,,,,,,,,,,,,,,,,False
300.0,9fea3b5fddf357019f10d5f61fc8a74b.param,0.0,0.0,0.0,38.150999999999996,693280077.0,9b948c6feea540ad2d93d6bb6922024e,,0.0,1.0,300.074,46-8,,,,,,,,,,,,,,,,,,,False
300.0,9fea3b5fddf357019f10d5f61fc8a74b.param,1.0,0.0,0.0,37.437,693280077.0,9b948c6feea540ad2d93d6bb6922024e,,0.0,1.0,300.073,46-8,,,,,,,,,,,,,,,,,,,False
300.0,9fea3b5fddf357019f10d5f61fc8a74b.param,2.0,0.0,0.0,37.562,693280077.0,9b948c6feea540ad2d93d6bb6922024e,,0.0,1.0,300.065,46-8,,,,,,,,,,,,,,,,,,,False
300.0,d77b1e8e85636e2a8e697f0467151b32.param,0.0,0.0,0.0,9.901,590654055.0,664f300472e502c94183b13a75235bd3,,0.0,1.0,300.06,46-8,,,,,,,,,,,,,,,,,,,False
300.0,d77b1e8e85636e2a8e697f0467151b32.param,1.0,0.0,0.0,9.968,590654055.0,664f300472e502c94183b13a75235bd3,,0.0,1.0,300.059,46-8,,,,,,,,,,,,,,,,,,,False
300.0,d77b1e8e85636e2a8e697f0467151b32.param,2.0,0.0,0.0,10.076,590654055.0,664f300472e502c94183b13a75235bd3,,0.0,1.0,300.06,46-8,,,,,,,,,,,,,,,,,,,False
300.0,c7380516182e520bfda807e4d9ed529d.param,0.0,0.0,0.0,10.306,1057470620.0,b84af3ce1e32fb3823e6345df7b125b1,,0.0,1.0,300.062,46-8,,,,,,,,,,,,,,,,,,,False
300.0,c7380516182e520bfda807e4d9ed529d.param,1.0,0.0,0.0,10.742,1057470620.0,b84af3ce1e32fb3823e6345df7b125b1,,0.0,1.0,300.065,46-8,,,,,,,,,,,,,,,,,,,False
300.0,c7380516182e520bfda807e4d9ed529d.param,2.0,0.0,0.0,10.439,1057470620.0,b84af3ce1e32fb3823e6345df7b125b1,,0.0,1.0,300.05400000000003,46-8,,,,,,,,,,,,,,,,,,,False
300.0,37f39e77e4ab35860e338849791d985b.param,0.0,0.0,0.0,59.246,1057470620.0,af4118595da210aafdd2da2d99606250,,0.0,1.0,300.096,46-8,,,,,,,,,,,,,,,,,,,False
300.0,37f39e77e4ab35860e338849791d985b.param,1.0,0.0,0.0,55.278,1057470620.0,af4118595da210aafdd2da2d99606250,,0.0,1.0,300.091,46-8,,,,,,,,,,,,,,,,,,,False
300.0,37f39e77e4ab35860e338849791d985b.param,2.0,0.0,0.0,55.486999999999995,1057470620.0,af4118595da210aafdd2da2d99606250,,0.0,1.0,300.091,46-8,,,,,,,,,,,,,,,,,,,False
300.0,92f07d9616904178c202cd6d7e0ae97d.param,0.0,0.0,0.0,29.928,1098776393.0,a8544aa827a7ec187fa2b2480b3cc1be,,0.0,1.0,300.07,46-8,,,,,,,,,,,,,,,,,,,False
300.0,92f07d9616904178c202cd6d7e0ae97d.param,1.0,0.0,0.0,27.331999999999997,1098776393.0,a8544aa827a7ec187fa2b2480b3cc1be,,0.0,1.0,300.066,46-8,,,,,,,,,,,,,,,,,,,False
300.0,92f07d9616904178c202cd6d7e0ae97d.param,2.0,0.0,0.0,27.54,1098776393.0,a8544aa827a7ec187fa2b2480b3cc1be,,0.0,1.0,300.069,46-8,,,,,,,,,,,,,,,,,,,False
300.0,97b29b11b39e49b80f3ff828f7a4f470.param,0.0,0.0,0.0,24.569000000000003,372553220.0,76012c1be3fe943d78a673cc54344fa7,,0.0,1.0,300.064,46-8,,,,,,,,,,,,,,,,,,,False
300.0,97b29b11b39e49b80f3ff828f7a4f470.param,1.0,0.0,0.0,25.304000000000002,372553220.0,76012c1be3fe943d78a673cc54344fa7,,0.0,1.0,300.056,46-8,,,,,,,,,,,,,,,,,,,False
300.0,97b29b11b39e49b80f3ff828f7a4f470.param,2.0,0.0,0.0,24.32,372553220.0,76012c1be3fe943d78a673cc54344fa7,,0.0,1.0,300.068,46-8,,,,,,,,,,,,,,,,,,,False
300.0,36fc98d1195ddc35e5ef9eb80f9a3178.param,0.0,0.0,0.0,13.272,270657042.0,5ec2b488cd2117ed181dd5bf9b02c60d,,0.0,1.0,300.048,46-8,,,,,,,,,,,,,,,,,,,False
300.0,36fc98d1195ddc35e5ef9eb80f9a3178.param,1.0,0.0,0.0,13.46,270657042.0,5ec2b488cd2117ed181dd5bf9b02c60d,,0.0,1.0,300.056,46-8,,,,,,,,,,,,,,,,,,,False
300.0,36fc98d1195ddc35e5ef9eb80f9a3178.param,2.0,0.0,0.0,13.097999999999999,270657042.0,5ec2b488cd2117ed181dd5bf9b02c60d,,0.0,1.0,300.04900000000004,46-8,,,,,,,,,,,,,,,,,,,False
300.0,d6dbb131b6c4096427e3cdbc24174d58.param,0.0,0.0,0.0,15.792,254168822.0,7a44d9d21078ea737f0d5ee5d78eb84c,,0.0,1.0,300.06,46-8,,,,,,,,,,,,,,,,,,,False
300.0,d6dbb131b6c4096427e3cdbc24174d58.param,1.0,0.0,0.0,16.329,254168822.0,7a44d9d21078ea737f0d5ee5d78eb84c,,0.0,1.0,300.059,46-8,,,,,,,,,,,,,,,,,,,False
300.0,d6dbb131b6c4096427e3cdbc24174d58.param,2.0,0.0,0.0,15.975999999999999,254168822.0,7a44d9d21078ea737f0d5ee5d78eb84c,,0.0,1.0,300.06,46-8,,,,,,,,,,,,,,,,,,,False
300.0,8dbc47c71dc08cbc8ffa4bf3b92aa057.param,0.0,0.0,0.0,21.131999999999998,1571287961.0,dc4c73b4fe08570ae7f21bf42ee5924b,,0.0,1.0,300.061,46-8,,,,,,,,,,,,,,,,,,,False
300.0,8dbc47c71dc08cbc8ffa4bf3b92aa057.param,1.0,0.0,0.0,21.070999999999998,1571287961.0,dc4c73b4fe08570ae7f21bf42ee5924b,,0.0,1.0,300.055,46-8,,,,,,,,,,,,,,,,,,,False
300.0,8dbc47c71dc08cbc8ffa4bf3b92aa057.param,2.0,0.0,0.0,19.581,1571287961.0,dc4c73b4fe08570ae7f21bf42ee5924b,,0.0,1.0,300.059,46-8,,,,,,,,,,,,,,,,,,,False
300.0,9a031fb141138ee9bc8fad2cc059ee0e.param,0.0,0.0,0.0,17.369,95956545.0,8a4480cd3a054c9fdaddf7d45272f2d4,,0.0,1.0,300.069,46-8,,,,,,,,,,,,,,,,,,,False
300.0,9a031fb141138ee9bc8fad2cc059ee0e.param,1.0,0.0,0.0,17.215,95956545.0,8a4480cd3a054c9fdaddf7d45272f2d4,,0.0,1.0,300.062,46-8,,,,,,,,,,,,,,,,,,,False
300.0,9a031fb141138ee9bc8fad2cc059ee0e.param,2.0,0.0,0.0,17.491,95956545.0,8a4480cd3a054c9fdaddf7d45272f2d4,,0.0,1.0,300.065,46-8,,,,,,,,,,,,,,,,,,,False
300.0,4fb489f83300339f94af01b969c1f325.param,0.0,0.0,0.0,51.54600000000001,1098776393.0,758361e28072547cc8114776becd6727,,0.0,1.0,300.085,46-8,,,,,,,,,,,,,,,,,,,False
300.0,4fb489f83300339f94af01b969c1f325.param,1.0,0.0,0.0,51.653999999999996,1098776393.0,758361e28072547cc8114776becd6727,,0.0,1.0,300.09,46-8,,,,,,,,,,,,,,,,,,,False
300.0,4fb489f83300339f94af01b969c1f325.param,2.0,0.0,0.0,56.481,1098776393.0,758361e28072547cc8114776becd6727,,0.0,1.0,300.075,46-8,,,,,,,,,,,,,,,,,,,False
300.0,876c6467204e8ca8aabecbfbd3b45139.param,0.0,0.0,0.0,56.851000000000006,1257636424.0,f559b7360e7d0b1b29550f5d441970ea,,0.0,1.0,300.103,46-8,,,,,,,,,,,,,,,,,,,False
300.0,876c6467204e8ca8aabecbfbd3b45139.param,1.0,0.0,0.0,57.806999999999995,1257636424.0,f559b7360e7d0b1b29550f5d441970ea,,0.0,1.0,300.10200000000003,46-8,,,,,,,,,,,,,,,,,,,False
300.0,876c6467204e8ca8aabecbfbd3b45139.param,2.0,0.0,0.0,61.067,1257636424.0,f559b7360e7d0b1b29550f5d441970ea,,0.0,1.0,300.08799999999997,46-8,,,,,,,,,,,,,,,,,,,False
300.0,d8b978c6119710e61692eb0c8ed59509.param,0.0,0.0,0.0,42.67,1571287961.0,1f6562a3109102048619c92642137d8f,,0.0,1.0,300.087,46-8,,,,,,,,,,,,,,,,,,,False
300.0,d8b978c6119710e61692eb0c8ed59509.param,1.0,0.0,0.0,46.288999999999994,1571287961.0,1f6562a3109102048619c92642137d8f,,0.0,1.0,300.067,46-8,,,,,,,,,,,,,,,,,,,False
300.0,d8b978c6119710e61692eb0c8ed59509.param,2.0,0.0,0.0,42.157,1571287961.0,1f6562a3109102048619c92642137d8f,,0.0,1.0,300.075,46-8,,,,,,,,,,,,,,,,,,,False
300.0,f2209196093db16c0e1ccffc86fe7af3.param,0.0,0.0,0.0,45.486999999999995,1242281828.0,cc12ae1b25dcae951ccd2adaa84ecc5d,,0.0,1.0,300.079,46-8,,,,,,,,,,,,,,,,,,,False
300.0,f2209196093db16c0e1ccffc86fe7af3.param,1.0,0.0,0.0,45.968999999999994,1242281828.0,cc12ae1b25dcae951ccd2adaa84ecc5d,,0.0,1.0,300.073,46-8,,,,,,,,,,,,,,,,,,,False
300.0,f2209196093db16c0e1ccffc86fe7af3.param,2.0,0.0,0.0,45.536,1242281828.0,cc12ae1b25dcae951ccd2adaa84ecc5d,,0.0,1.0,300.077,46-8,,,,,,,,,,,,,,,,,,,False
300.0,222abd76a7db47e3d5cbf580e108b101.param,0.0,0.0,0.0,49.55,1802391418.0,4c12bc8b850d8c1f3e6437b6c57c95b5,,0.0,1.0,300.075,46-8,,,,,,,,,,,,,,,,,,,False
300.0,222abd76a7db47e3d5cbf580e108b101.param,1.0,0.0,0.0,54.45,1802391418.0,4c12bc8b850d8c1f3e6437b6c57c95b5,,0.0,1.0,300.082,46-8,,,,,,,,,,,,,,,,,,,False
300.0,222abd76a7db47e3d5cbf580e108b101.param,2.0,0.0,0.0,51.831,1802391418.0,4c12bc8b850d8c1f3e6437b6c57c95b5,,0.0,1.0,300.08099999999996,46-8,,,,,,,,,,,,,,,,,,,False
300.0,ba49f12ab41d4271c475e4948758589d.param,0.0,0.0,0.0,24.976999999999997,83966730.0,b2dbe2063051d74b64356a746d8010ee,,0.0,1.0,300.059,46-8,,,,,,,,,,,,,,,,,,,False
300.0,ba49f12ab41d4271c475e4948758589d.param,1.0,0.0,0.0,23.522,83966730.0,b2dbe2063051d74b64356a746d8010ee,,0.0,1.0,300.067,46-8,,,,,,,,,,,,,,,,,,,False
300.0,ba49f12ab41d4271c475e4948758589d.param,2.0,0.0,0.0,24.997,83966730.0,b2dbe2063051d74b64356a746d8010ee,,0.0,1.0,300.05400000000003,46-8,,,,,,,,,,,,,,,,,,,False
300.0,d0bc402d6d4e2f421314981899e705da.param,0.0,0.0,0.0,56.293,1057470620.0,b6832bbad0273f2d16ccb138a3eaef3b,,0.0,1.0,300.085,46-8,,,,,,,,,,,,,,,,,,,False
300.0,d0bc402d6d4e2f421314981899e705da.param,1.0,0.0,0.0,62.521,1057470620.0,b6832bbad0273f2d16ccb138a3eaef3b,,0.0,1.0,300.082,46-8,,,,,,,,,,,,,,,,,,,False
300.0,d0bc402d6d4e2f421314981899e705da.param,2.0,0.0,0.0,60.901,1057470620.0,b6832bbad0273f2d16ccb138a3eaef3b,,0.0,1.0,300.08,46-8,,,,,,,,,,,,,,,,,,,False
300.0,62e2738034d51eb1ca2518ead10bb1b8.param,0.0,0.0,0.0,14.187000000000001,270657042.0,92596a5c15b13b863de5e37786a9b66e,,0.0,1.0,300.057,46-8,,,,,,,,,,,,,,,,,,,False
300.0,62e2738034d51eb1ca2518ead10bb1b8.param,1.0,0.0,0.0,14.550999999999998,270657042.0,92596a5c15b13b863de5e37786a9b66e,,0.0,1.0,300.05400000000003,46-8,,,,,,,,,,,,,,,,,,,False
300.0,62e2738034d51eb1ca2518ead10bb1b8.param,2.0,0.0,0.0,14.308,270657042.0,92596a5c15b13b863de5e37786a9b66e,,0.0,1.0,300.05400000000003,46-8,,,,,,,,,,,,,,,,,,,False
300.0,85b90a483e5d2ab64757532083d99628.param,0.0,0.0,0.0,58.236000000000004,1083416308.0,afae50924b3cc9cb0b832ebf57879ef4,,0.0,1.0,300.082,46-8,,,,,,,,,,,,,,,,,,,False
300.0,85b90a483e5d2ab64757532083d99628.param,1.0,0.0,0.0,58.549,1083416308.0,afae50924b3cc9cb0b832ebf57879ef4,,0.0,1.0,300.09,46-8,,,,,,,,,,,,,,,,,,,False
300.0,85b90a483e5d2ab64757532083d99628.param,2.0,0.0,0.0,62.351000000000006,1083416308.0,afae50924b3cc9cb0b832ebf57879ef4,,0.0,1.0,300.10400000000004,46-8,,,,,,,,,,,,,,,,,,,False
300.0,867c000858982af2c7444466a304af04.param,0.0,0.0,0.0,50.793,1057470620.0,a751fcfbf10c88ccdc7cacdff344145b,,0.0,1.0,300.08099999999996,46-8,,,,,,,,,,,,,,,,,,,False
300.0,867c000858982af2c7444466a304af04.param,1.0,0.0,0.0,48.703,1057470620.0,a751fcfbf10c88ccdc7cacdff344145b,,0.0,1.0,300.074,46-8,,,,,,,,,,,,,,,,,,,False
300.0,867c000858982af2c7444466a304af04.param,2.0,0.0,0.0,47.835,1057470620.0,a751fcfbf10c88ccdc7cacdff344145b,,0.0,1.0,300.07599999999996,46-8,,,,,,,,,,,,,,,,,,,False
300.0,c1fde8776f334c859cdb281cb0bed488.param,0.0,0.0,0.0,13.229000000000001,506016928.0,d342130e560355c1578a75011881c68d,,0.0,1.0,300.053,46-8,,,,,,,,,,,,,,,,,,,False
300.0,c1fde8776f334c859cdb281cb0bed488.param,1.0,0.0,0.0,14.277999999999999,506016928.0,d342130e560355c1578a75011881c68d,,0.0,1.0,300.058,46-8,,,,,,,,,,,,,,,,,,,False
300.0,c1fde8776f334c859cdb281cb0bed488.param,2.0,0.0,0.0,13.867,506016928.0,d342130e560355c1578a75011881c68d,,0.0,1.0,300.06,46-8,,,,,,,,,,,,,,,,,,,False
300.0,d62c2a52625c21dd4bc4370bcd02db43.param,0.0,0.0,0.0,44.391000000000005,554543104.0,e5d8d1eddf7b2d68647a53b0059bf0e0,,0.0,1.0,300.07599999999996,46-8,,,,,,,,,,,,,,,,,,,False
300.0,d62c2a52625c21dd4bc4370bcd02db43.param,1.0,0.0,0.0,48.068000000000005,554543104.0,e5d8d1eddf7b2d68647a53b0059bf0e0,,0.0,1.0,300.091,46-8,,,,,,,,,,,,,,,,,,,False
300.0,d62c2a52625c21dd4bc4370bcd02db43.param,2.0,0.0,0.0,43.617,554543104.0,e5d8d1eddf7b2d68647a53b0059bf0e0,,0.0,1.0,300.082,46-8,,,,,,,,,,,,,,,,,,,False
300.0,10049dd55bf99f7dbc88dc007745262f.param,0.0,0.0,0.0,10.915999999999999,254168822.0,cb7f09fd0f6fbc77d9ce6134fcfe888e,,0.0,1.0,300.063,46-8,,,,,,,,,,,,,,,,,,,False
300.0,10049dd55bf99f7dbc88dc007745262f.param,1.0,0.0,0.0,11.083,254168822.0,cb7f09fd0f6fbc77d9ce6134fcfe888e,,0.0,1.0,300.064,46-8,,,,,,,,,,,,,,,,,,,False
300.0,10049dd55bf99f7dbc88dc007745262f.param,2.0,0.0,0.0,10.4,254168822.0,cb7f09fd0f6fbc77d9ce6134fcfe888e,,0.0,1.0,300.058,46-8,,,,,,,,,,,,,,,,,,,False
300.0,b6b46bc646920ea1298e9f12b19fab10.param,0.0,0.0,0.0,47.14,254168822.0,c50484172b23b8acbcc5aa4598751aee,,0.0,1.0,300.078,46-8,,,,,,,,,,,,,,,,,,,False
300.0,b6b46bc646920ea1298e9f12b19fab10.param,1.0,0.0,0.0,46.836999999999996,254168822.0,c50484172b23b8acbcc5aa4598751aee,,0.0,1.0,300.085,46-8,,,,,,,,,,,,,,,,,,,False
300.0,b6b46bc646920ea1298e9f12b19fab10.param,2.0,0.0,0.0,46.803999999999995,254168822.0,c50484172b23b8acbcc5aa4598751aee,,0.0,1.0,300.079,46-8,,,,,,,,,,,,,,,,,,,False
300.0,44fed91bbf02c3af539328e6662bf914.param,0.0,0.0,0.0,47.021,95956545.0,835ec8c14923477d6fb9c2fcfc6089e9,,0.0,1.0,300.072,46-8,,,,,,,,,,,,,,,,,,,False
300.0,44fed91bbf02c3af539328e6662bf914.param,1.0,0.0,0.0,47.193999999999996,95956545.0,835ec8c14923477d6fb9c2fcfc6089e9,,0.0,1.0,300.091,46-8,,,,,,,,,,,,,,,,,,,False
300.0,44fed91bbf02c3af539328e6662bf914.param,2.0,0.0,0.0,45.301,95956545.0,835ec8c14923477d6fb9c2fcfc6089e9,,0.0,1.0,300.075,46-8,,,,,,,,,,,,,,,,,,,False
